Adjusted LCO Confidence Intervals for
n = 40 and Mean Coverage = 0.9900
Minimum Coverage = 0.9856 

0 0 0.11347
1 0.00036 0.16426
2 0.00454 0.20326
3 0.01273 0.23513
4 0.02357 0.2685
5 0.03627 0.30644
6 0.05038 0.3327
7 0.06561 0.35873
8 0.08178 0.3899
9 0.09875 0.42264
10 0.11347 0.44847
11 0.12865 0.47425
12 0.15157 0.5
13 0.16426 0.52575
14 0.18893 0.55153
15 0.20326 0.57736
16 0.22972 0.60064
17 0.23794 0.61805
18 0.2685 0.64127
19 0.29168 0.6673
20 0.30644 0.69356
21 0.3327 0.70832
22 0.35873 0.7315
23 0.38195 0.76206
24 0.39936 0.77028
25 0.42264 0.79674
26 0.44847 0.81107
27 0.47425 0.83574
28 0.5 0.84843
29 0.52575 0.87135
30 0.55153 0.88653
31 0.57736 0.90125
32 0.6101 0.91822
33 0.64127 0.93439
34 0.6673 0.94962
35 0.69356 0.96373
36 0.7315 0.97643
37 0.76487 0.98727
38 0.79674 0.99546
39 0.83574 0.99964
40 0.88653 1
