Adjusted LCO Confidence Intervals for
n = 83 and Mean Coverage = 0.9000
Minimum Coverage = 0.8811 

0 0 0.03116
1 0.00152 0.05446
2 0.00714 0.07253
3 0.01444 0.08525
4 0.02259 0.10301
5 0.03117 0.12075
6 0.03326 0.13313
7 0.04774 0.15084
8 0.05447 0.16312
9 0.06572 0.17535
10 0.07253 0.19306
11 0.08525 0.20525
12 0.08876 0.2174
13 0.10301 0.23
14 0.11368 0.24728
15 0.12075 0.25939
16 0.13313 0.2715
17 0.1444 0.28358
18 0.15084 0.2978
19 0.16312 0.31346
20 0.17535 0.32553
21 0.18468 0.3376
22 0.19306 0.34965
23 0.20525 0.3617
24 0.2174 0.37375
25 0.22941 0.38578
26 0.23465 0.39782
27 0.24728 0.41195
28 0.2594 0.42778
29 0.2715 0.43982
30 0.28358 0.45186
31 0.295 0.4639
32 0.30068 0.47593
33 0.31346 0.48797
34 0.32553 0.5
35 0.3376 0.51203
36 0.34966 0.52407
37 0.3617 0.5361
38 0.37375 0.54814
39 0.38579 0.56018
40 0.39782 0.57221
41 0.40859 0.58229
42 0.41771 0.59141
43 0.42779 0.60218
44 0.43982 0.61421
45 0.45186 0.62625
46 0.4639 0.6383
47 0.47593 0.65034
48 0.48797 0.6624
49 0.5 0.67447
50 0.51203 0.68654
51 0.52407 0.69932
52 0.5361 0.705
53 0.54814 0.71642
54 0.56018 0.7285
55 0.57222 0.7406
56 0.58805 0.75272
57 0.60218 0.76535
58 0.61422 0.77059
59 0.62625 0.7826
60 0.6383 0.79475
61 0.65035 0.80694
62 0.6624 0.81532
63 0.67447 0.82465
64 0.68654 0.83688
65 0.7022 0.84916
66 0.71642 0.8556
67 0.7285 0.86687
68 0.74061 0.87925
69 0.75272 0.88632
70 0.77 0.89699
71 0.7826 0.91124
72 0.79475 0.91475
73 0.80694 0.92747
74 0.82465 0.93428
75 0.83688 0.94553
76 0.84916 0.95226
77 0.86687 0.96674
78 0.87925 0.96883
79 0.89699 0.97741
80 0.91475 0.98556
81 0.92747 0.99286
82 0.94554 0.99848
83 0.96884 1
