Adjusted LCO Confidence Intervals for
n = 26 and Mean Coverage = 0.99900
Minimum Coverage = 0.99828 

0 0 0.24071
1 7e-05 0.30679
2 0.00234 0.35688
3 0.00918 0.41439
4 0.02011 0.45738
5 0.03434 0.5
6 0.05126 0.54262
7 0.07048 0.58561
8 0.09168 0.62336
9 0.11468 0.65068
10 0.13933 0.69321
11 0.16552 0.71816
12 0.19318 0.75929
13 0.22228 0.77772
14 0.24071 0.80682
15 0.28184 0.83448
16 0.30679 0.86067
17 0.34932 0.88532
18 0.37664 0.90832
19 0.41439 0.92952
20 0.45738 0.94874
21 0.5 0.96566
22 0.54262 0.97989
23 0.58561 0.99082
24 0.64312 0.99766
25 0.69321 0.99993
26 0.75929 1
