Adjusted LCO Confidence Intervals for
n = 73 and Mean Coverage = 0.9900
Minimum Coverage = 0.9870 

0 0 0.0674
1 0.00018 0.09533
2 0.00235 0.11677
3 0.00666 0.13778
4 0.01238 0.15858
5 0.01908 0.17926
6 0.0265 0.19382
7 0.0345 0.21435
8 0.04295 0.22869
9 0.0518 0.24918
10 0.06098 0.2634
11 0.0674 0.27798
12 0.07768 0.29803
13 0.08915 0.31211
14 0.09533 0.32615
15 0.10826 0.3467
16 0.11677 0.36072
17 0.12836 0.37471
18 0.13778 0.38868
19 0.14988 0.40263
20 0.15858 0.41657
21 0.17272 0.4315
22 0.17926 0.44897
23 0.19382 0.46516
24 0.205 0.4791
25 0.21435 0.49303
26 0.22869 0.50697
27 0.23974 0.5209
28 0.24918 0.53484
29 0.2634 0.54767
30 0.27738 0.55842
31 0.28486 0.57024
32 0.29803 0.58343
33 0.31211 0.59737
34 0.32616 0.61132
35 0.3378 0.62529
36 0.3467 0.63928
37 0.36072 0.6533
38 0.37471 0.6622
39 0.38868 0.67384
40 0.40263 0.68789
41 0.41657 0.70197
42 0.42976 0.71514
43 0.44158 0.72262
44 0.45233 0.7366
45 0.46516 0.75082
46 0.4791 0.76026
47 0.49303 0.77131
48 0.50697 0.78565
49 0.5209 0.795
50 0.53484 0.80618
51 0.55103 0.82074
52 0.5685 0.82728
53 0.58343 0.84142
54 0.59737 0.85012
55 0.61132 0.86222
56 0.62529 0.87164
57 0.63928 0.88323
58 0.6533 0.89174
59 0.67385 0.90467
60 0.68789 0.91085
61 0.70197 0.92232
62 0.72202 0.9326
63 0.7366 0.93902
64 0.75082 0.9482
65 0.77131 0.95705
66 0.78565 0.9655
67 0.80618 0.9735
68 0.82074 0.98092
69 0.84142 0.98762
70 0.86222 0.99334
71 0.88323 0.99765
72 0.90467 0.99982
73 0.9326 1
