Adjusted LCO Confidence Intervals for
n = 25 and Mean Coverage = 0.9500
Minimum Coverage = 0.9305 

0 0 0.11773
1 0.00288 0.19562
2 0.01737 0.2383
3 0.03842 0.29772
4 0.06315 0.33878
5 0.09035 0.37938
6 0.11773 0.42488
7 0.13496 0.47657
8 0.17773 0.51842
9 0.19562 0.5505
10 0.2383 0.5837
11 0.26962 0.62062
12 0.29772 0.66122
13 0.33878 0.70228
14 0.37938 0.73038
15 0.4163 0.7617
16 0.4495 0.80438
17 0.48158 0.82227
18 0.52343 0.86504
19 0.57512 0.88227
20 0.62062 0.90965
21 0.66122 0.93685
22 0.70228 0.96158
23 0.7617 0.98263
24 0.80438 0.99712
25 0.88227 1
