Adjusted LCO Confidence Intervals for
n = 59 and Mean Coverage = 0.9900
Minimum Coverage = 0.9870 

0 0 0.08347
1 0.00022 0.11112
2 0.00291 0.14462
3 0.00826 0.17065
4 0.01537 0.18903
5 0.02371 0.21459
6 0.03297 0.24012
7 0.04294 0.25793
8 0.05352 0.27988
9 0.06459 0.30102
10 0.07609 0.31855
11 0.08347 0.33758
12 0.09758 0.3615
13 0.11113 0.37891
14 0.11766 0.39628
15 0.13627 0.41361
16 0.14462 0.43092
17 0.16231 0.4482
18 0.17066 0.46721
19 0.18903 0.4857
20 0.19854 0.50327
21 0.21459 0.51993
22 0.23066 0.53598
23 0.24012 0.55179
24 0.25793 0.56908
25 0.27465 0.58639
26 0.28087 0.60372
27 0.30102 0.62109
28 0.31855 0.6385
29 0.33529 0.65388
30 0.34612 0.66471
31 0.3615 0.68145
32 0.37891 0.69898
33 0.39628 0.71913
34 0.41361 0.72535
35 0.43092 0.74207
36 0.44821 0.75988
37 0.46402 0.76934
38 0.48007 0.78541
39 0.49673 0.80146
40 0.5143 0.81097
41 0.53279 0.82934
42 0.5518 0.83769
43 0.56908 0.85538
44 0.58639 0.86373
45 0.60372 0.88234
46 0.62109 0.88887
47 0.6385 0.90242
48 0.66242 0.91653
49 0.68145 0.92391
50 0.69898 0.93541
51 0.72012 0.94648
52 0.74207 0.95706
53 0.75988 0.96703
54 0.78541 0.97629
55 0.81097 0.98463
56 0.82935 0.99174
57 0.85538 0.99709
58 0.88888 0.99978
59 0.91653 1
