Adjusted LCO Confidence Intervals for
n = 62 and Mean Coverage = 0.99900
Minimum Coverage = 0.99862 

0 0 0.11129
1 2e-05 0.1455
2 0.00087 0.17164
3 0.00349 0.19712
4 0.00771 0.22229
5 0.01319 0.24728
6 0.01965 0.2722
7 0.02693 0.28962
8 0.03489 0.31442
9 0.04343 0.33161
10 0.05247 0.3487
11 0.06197 0.3735
12 0.07186 0.3905
13 0.08213 0.40743
14 0.09273 0.42432
15 0.10364 0.44117
16 0.11129 0.458
17 0.12381 0.47568
18 0.13708 0.49315
19 0.1455 0.50988
20 0.15948 0.52598
21 0.17164 0.542
22 0.18258 0.55883
23 0.19713 0.57568
24 0.20759 0.59257
25 0.22229 0.6095
26 0.23502 0.6265
27 0.24728 0.6367
28 0.26381 0.6513
29 0.2722 0.66838
30 0.28962 0.68558
31 0.30547 0.69453
32 0.31442 0.71038
33 0.33162 0.7278
34 0.3487 0.73619
35 0.3633 0.75272
36 0.3735 0.76498
37 0.3905 0.77771
38 0.40743 0.79241
39 0.42432 0.80287
40 0.44117 0.81742
41 0.458 0.82836
42 0.47402 0.84052
43 0.49012 0.8545
44 0.50685 0.86292
45 0.52432 0.87619
46 0.542 0.88871
47 0.55883 0.89636
48 0.57568 0.90727
49 0.59257 0.91787
50 0.6095 0.92814
51 0.6265 0.93803
52 0.6513 0.94753
53 0.66839 0.95657
54 0.68558 0.96511
55 0.71038 0.97307
56 0.7278 0.98035
57 0.75272 0.98681
58 0.77771 0.99229
59 0.80288 0.99651
60 0.82836 0.99913
61 0.8545 0.99998
62 0.88871 1
