Adjusted LCO Confidence Intervals for
n = 39 and Mean Coverage = 0.99900
Minimum Coverage = 0.99847 

0 0 0.16847
1 4e-05 0.21215
2 0.00146 0.25534
3 0.00581 0.29438
4 0.01278 0.3349
5 0.02182 0.36301
6 0.03252 0.40348
7 0.04461 0.43121
8 0.05787 0.45878
9 0.07215 0.48627
10 0.08734 0.51373
11 0.10335 0.54122
12 0.12012 0.56879
13 0.13759 0.59652
14 0.15572 0.61323
15 0.16847 0.63699
16 0.19057 0.6651
17 0.21215 0.68499
18 0.22529 0.70562
19 0.25312 0.73428
20 0.26572 0.74688
21 0.29438 0.77471
22 0.31501 0.78785
23 0.3349 0.80943
24 0.36301 0.83153
25 0.38677 0.84428
26 0.40348 0.86241
27 0.43121 0.87988
28 0.45878 0.89665
29 0.48627 0.91266
30 0.51373 0.92785
31 0.54122 0.94213
32 0.56879 0.95539
33 0.59652 0.96748
34 0.63699 0.97818
35 0.6651 0.98722
36 0.70562 0.99419
37 0.74466 0.99854
38 0.78785 0.99996
39 0.83153 1
