Adjusted LCO Confidence Intervals for
n = 89 and Mean Coverage = 0.99900
Minimum Coverage = 0.99868 

0 0 0.07713
1 2e-05 0.10538
2 0.00059 0.12362
3 0.00238 0.14136
4 0.00527 0.15883
5 0.00902 0.17614
6 0.01344 0.19336
7 0.0184 0.21051
8 0.02382 0.22764
9 0.02962 0.23966
10 0.03576 0.25671
11 0.04219 0.2686
12 0.04888 0.28564
13 0.0558 0.29745
14 0.06294 0.30921
15 0.07027 0.32625
16 0.07713 0.33796
17 0.08182 0.34964
18 0.09206 0.3614
19 0.10074 0.37838
20 0.10538 0.39002
21 0.11598 0.40164
22 0.12362 0.41325
23 0.13119 0.42484
24 0.14136 0.43642
25 0.14659 0.44874
26 0.15883 0.46198
27 0.16318 0.47591
28 0.17614 0.48842
29 0.18212 0.5
30 0.19336 0.51158
31 0.20192 0.52268
32 0.21052 0.53216
33 0.22191 0.54232
34 0.22764 0.55259
35 0.23966 0.56358
36 0.24974 0.57516
37 0.25672 0.58675
38 0.26861 0.59836
39 0.27926 0.60998
40 0.28564 0.62162
41 0.29745 0.63044
42 0.30921 0.63876
43 0.31849 0.65036
44 0.32625 0.66204
45 0.33796 0.67375
46 0.34964 0.68151
47 0.36124 0.69079
48 0.36956 0.70255
49 0.37838 0.71436
50 0.39002 0.72074
51 0.40164 0.73139
52 0.41325 0.74328
53 0.42484 0.75026
54 0.43642 0.76034
55 0.44741 0.77236
56 0.45768 0.77809
57 0.46784 0.78948
58 0.47732 0.79808
59 0.48842 0.80664
60 0.5 0.81788
61 0.51158 0.82386
62 0.52409 0.83682
63 0.53802 0.84117
64 0.55126 0.85341
65 0.56358 0.85864
66 0.57516 0.86881
67 0.58675 0.87638
68 0.59836 0.88402
69 0.60998 0.89462
70 0.62162 0.89926
71 0.6386 0.90794
72 0.65036 0.91818
73 0.66204 0.92287
74 0.67375 0.92973
75 0.69079 0.93706
76 0.70255 0.9442
77 0.71436 0.95112
78 0.7314 0.95781
79 0.74329 0.96424
80 0.76034 0.97038
81 0.77236 0.97618
82 0.78949 0.9816
83 0.80664 0.98656
84 0.82386 0.99098
85 0.84117 0.99473
86 0.85864 0.99762
87 0.87638 0.99941
88 0.89462 0.99998
89 0.92287 1
