Adjusted LCO Confidence Intervals for
n = 97 and Mean Coverage = 0.99900
Minimum Coverage = 0.99868 

0 0 0.0707
1 1e-05 0.09659
2 0.00054 0.11331
3 0.00219 0.1339
4 0.00483 0.14998
5 0.00826 0.1659
6 0.01231 0.17729
7 0.01685 0.19293
8 0.02181 0.2086
9 0.02712 0.22426
10 0.03272 0.23524
11 0.0386 0.25084
12 0.0447 0.26172
13 0.05102 0.27449
14 0.05753 0.28812
15 0.06422 0.29889
16 0.0707 0.31448
17 0.0742 0.32521
18 0.08396 0.33591
19 0.09194 0.34659
20 0.09659 0.36222
21 0.10562 0.37288
22 0.11331 0.38352
23 0.1189 0.39415
24 0.12919 0.40477
25 0.13391 0.41717
26 0.14459 0.4311
27 0.14998 0.44171
28 0.16058 0.45232
29 0.1659 0.46292
30 0.1772 0.47352
31 0.18088 0.48411
32 0.19293 0.4947
33 0.20044 0.5053
34 0.2086 0.51589
35 0.21914 0.52648
36 0.22426 0.53708
37 0.23524 0.54768
38 0.24489 0.55828
39 0.25084 0.5689
40 0.26172 0.57758
41 0.27204 0.58574
42 0.27636 0.59523
43 0.28812 0.60584
44 0.29889 0.61648
45 0.30796 0.62712
46 0.31448 0.63778
47 0.32521 0.64603
48 0.33591 0.65341
49 0.34659 0.66409
50 0.35397 0.67479
51 0.36222 0.68552
52 0.37288 0.69204
53 0.38352 0.70111
54 0.39416 0.71188
55 0.40477 0.72364
56 0.41426 0.72796
57 0.42242 0.73828
58 0.4311 0.74916
59 0.44172 0.75511
60 0.45232 0.76476
61 0.46292 0.77574
62 0.47352 0.78086
63 0.48411 0.7914
64 0.4947 0.79956
65 0.5053 0.80707
66 0.51589 0.81912
67 0.52648 0.8228
68 0.53708 0.8341
69 0.54768 0.83942
70 0.55829 0.85002
71 0.5689 0.85541
72 0.58283 0.86609
73 0.59523 0.87081
74 0.60585 0.8811
75 0.61648 0.88669
76 0.62712 0.89438
77 0.63778 0.90341
78 0.65341 0.90806
79 0.66409 0.91604
80 0.67479 0.9258
81 0.68552 0.9293
82 0.70111 0.93578
83 0.71188 0.94247
84 0.72551 0.94898
85 0.73828 0.9553
86 0.74916 0.9614
87 0.76476 0.96728
88 0.77574 0.97288
89 0.7914 0.97819
90 0.80707 0.98315
91 0.82271 0.98769
92 0.8341 0.99174
93 0.85002 0.99517
94 0.8661 0.99781
95 0.88669 0.99946
96 0.90341 0.99999
97 0.9293 1
