Adjusted LCO Confidence Intervals for
n = 38 and Mean Coverage = 0.9900
Minimum Coverage = 0.9861 

0 0 0.11948
1 0.00037 0.17299
2 0.00471 0.21408
3 0.01326 0.24302
4 0.02462 0.28281
5 0.03795 0.31349
6 0.05279 0.35051
7 0.06882 0.37794
8 0.08586 0.40521
9 0.10377 0.43449
10 0.11948 0.4666
11 0.1353 0.49692
12 0.15961 0.52225
13 0.17299 0.54585
14 0.19931 0.56918
15 0.21408 0.59479
16 0.24275 0.62206
17 0.25586 0.64949
18 0.28281 0.67527
19 0.30949 0.69051
20 0.32473 0.71719
21 0.35051 0.74414
22 0.37794 0.75725
23 0.40521 0.78592
24 0.43082 0.80069
25 0.45415 0.82701
26 0.47775 0.84039
27 0.50308 0.8647
28 0.5334 0.88052
29 0.56551 0.89623
30 0.59479 0.91414
31 0.62206 0.93118
32 0.64949 0.94721
33 0.68651 0.96205
34 0.71719 0.97538
35 0.75698 0.98674
36 0.78592 0.99529
37 0.82701 0.99963
38 0.88052 1
