Adjusted LCO Confidence Intervals for
n = 55 and Mean Coverage = 0.9500
Minimum Coverage = 0.9386 

0 0 0.06108
1 0.00115 0.08942
2 0.00731 0.11684
3 0.01637 0.14395
4 0.02704 0.17095
5 0.03874 0.18984
6 0.0512 0.21672
7 0.06108 0.23536
8 0.07331 0.26224
9 0.08942 0.28076
10 0.09584 0.29921
11 0.11684 0.3176
12 0.1241 0.34458
13 0.14395 0.36294
14 0.15729 0.38127
15 0.17095 0.39958
16 0.18984 0.41786
17 0.20029 0.43613
18 0.21672 0.45439
19 0.23536 0.47264
20 0.25065 0.49088
21 0.26224 0.50912
22 0.28076 0.52736
23 0.29921 0.54561
24 0.3176 0.56387
25 0.33025 0.58214
26 0.34458 0.60042
27 0.36294 0.61873
28 0.38127 0.63706
29 0.39958 0.65542
30 0.41786 0.66975
31 0.43613 0.6824
32 0.45439 0.70079
33 0.47264 0.71924
34 0.49088 0.73776
35 0.50912 0.74935
36 0.52736 0.76464
37 0.54561 0.78328
38 0.56387 0.79971
39 0.58214 0.81016
40 0.60042 0.82905
41 0.61873 0.84271
42 0.63706 0.85605
43 0.65542 0.8759
44 0.6824 0.88316
45 0.70079 0.90416
46 0.71924 0.91058
47 0.73776 0.92669
48 0.76464 0.93892
49 0.78328 0.9488
50 0.81016 0.96126
51 0.82905 0.97296
52 0.85605 0.98363
53 0.88316 0.99269
54 0.91058 0.99885
55 0.93892 1
