Adjusted LCO Confidence Intervals for
n = 76 and Mean Coverage = 0.99900
Minimum Coverage = 0.99865 

0 0 0.0905
1 2e-05 0.1183
2 7e-04 0.14508
3 0.00282 0.1659
4 0.00622 0.18641
5 0.01064 0.20676
6 0.01586 0.227
7 0.02172 0.24125
8 0.02812 0.26135
9 0.03499 0.27539
10 0.04225 0.29544
11 0.04986 0.30935
12 0.05779 0.32387
13 0.066 0.34323
14 0.07447 0.357
15 0.08317 0.37073
16 0.0905 0.38694
17 0.09815 0.40455
18 0.10942 0.41823
19 0.1183 0.43189
20 0.12569 0.44553
21 0.13818 0.45916
22 0.14508 0.47278
23 0.15729 0.48639
24 0.1659 0.5
25 0.17728 0.51361
26 0.18641 0.52722
27 0.19843 0.54084
28 0.20676 0.55447
29 0.22062 0.56811
30 0.227 0.58177
31 0.24126 0.59545
32 0.25235 0.6076
33 0.26136 0.61688
34 0.27539 0.62927
35 0.28627 0.643
36 0.29544 0.65677
37 0.30935 0.66872
38 0.32287 0.67713
39 0.33128 0.69065
40 0.34323 0.70456
41 0.357 0.71373
42 0.37073 0.72461
43 0.38312 0.73864
44 0.3924 0.74765
45 0.40455 0.75874
46 0.41823 0.773
47 0.43189 0.77938
48 0.44553 0.79324
49 0.45916 0.80157
50 0.47278 0.81359
51 0.48639 0.82272
52 0.5 0.8341
53 0.51361 0.84271
54 0.52722 0.85492
55 0.54084 0.86182
56 0.55447 0.87431
57 0.56811 0.8817
58 0.58177 0.89058
59 0.59545 0.90185
60 0.61306 0.9095
61 0.62927 0.91683
62 0.643 0.92553
63 0.65677 0.934
64 0.67613 0.94221
65 0.69065 0.95014
66 0.70456 0.95775
67 0.72461 0.96501
68 0.73865 0.97188
69 0.75875 0.97828
70 0.773 0.98414
71 0.79324 0.98936
72 0.81359 0.99378
73 0.8341 0.99718
74 0.85492 0.9993
75 0.8817 0.99998
76 0.9095 1
