Adjusted LCO Confidence Intervals for
n = 74 and Mean Coverage = 0.9000
Minimum Coverage = 0.8802 

0 0 0.03492
1 0.00172 0.06104
2 0.00804 0.0813
3 0.01626 0.09554
4 0.02544 0.11545
5 0.03493 0.13535
6 0.03824 0.14922
7 0.05383 0.16299
8 0.06105 0.18284
9 0.07422 0.19654
10 0.0813 0.21019
11 0.09555 0.23006
12 0.10214 0.24369
13 0.11545 0.25728
14 0.12887 0.27085
15 0.13535 0.29078
16 0.14922 0.30434
17 0.163 0.31789
18 0.1705 0.33142
19 0.18284 0.34494
20 0.19654 0.35845
21 0.21019 0.37209
22 0.21792 0.39201
23 0.23006 0.40552
24 0.24369 0.41903
25 0.25728 0.43253
26 0.27085 0.44603
27 0.28034 0.45952
28 0.29078 0.47302
29 0.30434 0.48651
30 0.31789 0.5
31 0.33142 0.51349
32 0.34494 0.52698
33 0.35845 0.54048
34 0.37188 0.55397
35 0.38198 0.56747
36 0.39201 0.58097
37 0.40552 0.59448
38 0.41903 0.60799
39 0.43253 0.61802
40 0.44603 0.62812
41 0.45952 0.64155
42 0.47302 0.65506
43 0.48651 0.66858
44 0.5 0.68211
45 0.51349 0.69566
46 0.52698 0.70922
47 0.54048 0.71966
48 0.55397 0.72915
49 0.56747 0.74272
50 0.58097 0.75631
51 0.59448 0.76994
52 0.60799 0.78208
53 0.62791 0.78981
54 0.64155 0.80346
55 0.65506 0.81716
56 0.66858 0.8295
57 0.68211 0.837
58 0.69566 0.85078
59 0.70922 0.86465
60 0.72915 0.87113
61 0.74272 0.88455
62 0.75631 0.89786
63 0.76994 0.90445
64 0.78981 0.9187
65 0.80346 0.92578
66 0.81716 0.93895
67 0.83701 0.94617
68 0.85078 0.96176
69 0.86465 0.96507
70 0.88455 0.97456
71 0.90446 0.98374
72 0.9187 0.99196
73 0.93896 0.99828
74 0.96508 1
