Adjusted LCO Confidence Intervals for
n = 100 and Mean Coverage = 0.99900
Minimum Coverage = 0.99872 

0 0 0.06856
1 1e-05 0.09366
2 0.00052 0.10988
3 0.0021 0.12984
4 0.00465 0.14543
5 0.00796 0.16086
6 0.01186 0.1762
7 0.01625 0.18707
8 0.02104 0.20227
9 0.02616 0.21744
10 0.03158 0.22808
11 0.03726 0.24321
12 0.04316 0.25376
13 0.04926 0.26887
14 0.05556 0.27935
15 0.06202 0.29446
16 0.06856 0.30489
17 0.0706 0.3153
18 0.08096 0.3289
19 0.08875 0.3408
20 0.09366 0.35115
21 0.1018 0.36149
22 0.10988 0.37231
23 0.11391 0.38698
24 0.12461 0.3973
25 0.12984 0.4076
26 0.13937 0.41789
27 0.14543 0.42817
28 0.15472 0.43844
29 0.16086 0.44871
30 0.17074 0.45898
31 0.1762 0.47005
32 0.18707 0.48103
33 0.19179 0.49174
34 0.20227 0.5021
35 0.21077 0.51212
36 0.21744 0.52188
37 0.22809 0.53147
38 0.23495 0.54102
39 0.24321 0.55129
40 0.25376 0.56156
41 0.26093 0.57183
42 0.26887 0.58211
43 0.27935 0.5924
44 0.28865 0.6027
45 0.29446 0.61302
46 0.30489 0.62106
47 0.3153 0.62848
48 0.32481 0.63851
49 0.32913 0.64885
50 0.3408 0.6592
51 0.35115 0.67087
52 0.36149 0.67519
53 0.37152 0.6847
54 0.37894 0.69511
55 0.38698 0.70554
56 0.3973 0.71135
57 0.4076 0.72065
58 0.41789 0.73113
59 0.42817 0.73907
60 0.43844 0.74624
61 0.44871 0.75679
62 0.45898 0.76505
63 0.46853 0.77191
64 0.47812 0.78256
65 0.48788 0.78923
66 0.4979 0.79773
67 0.50826 0.80821
68 0.51897 0.81293
69 0.52995 0.8238
70 0.54102 0.82926
71 0.55129 0.83914
72 0.56156 0.84528
73 0.57183 0.85457
74 0.58211 0.86063
75 0.5924 0.87016
76 0.6027 0.87539
77 0.61302 0.88609
78 0.62769 0.89012
79 0.63851 0.8982
80 0.64885 0.90634
81 0.6592 0.91125
82 0.6711 0.91904
83 0.6847 0.9294
84 0.69511 0.93144
85 0.70554 0.93798
86 0.72065 0.94444
87 0.73113 0.95074
88 0.74624 0.95684
89 0.75679 0.96274
90 0.77192 0.96842
91 0.78256 0.97384
92 0.79773 0.97896
93 0.81293 0.98375
94 0.8238 0.98814
95 0.83914 0.99204
96 0.85457 0.99535
97 0.87016 0.9979
98 0.89012 0.99948
99 0.90634 0.99999
100 0.93144 1
