Adjusted LCO Confidence Intervals for
n = 72 and Mean Coverage = 0.9000
Minimum Coverage = 0.8798 

0 0 0.03589
1 0.00178 0.06273
2 0.00829 0.08354
3 0.01674 0.09818
4 0.02618 0.11864
5 0.03589 0.13376
6 0.03957 0.15333
7 0.05542 0.16749
8 0.06273 0.18789
9 0.07644 0.20196
10 0.08354 0.21599
11 0.09818 0.23642
12 0.10556 0.25042
13 0.11864 0.26438
14 0.13284 0.27833
15 0.13584 0.29882
16 0.15334 0.31275
17 0.16749 0.32668
18 0.17652 0.34058
19 0.18789 0.35448
20 0.20196 0.36836
21 0.21599 0.38224
22 0.22596 0.39611
23 0.23642 0.41222
24 0.25042 0.43064
25 0.26438 0.44451
26 0.27833 0.45839
27 0.29069 0.47226
28 0.29882 0.48613
29 0.31276 0.5
30 0.32668 0.51387
31 0.34058 0.52774
32 0.35448 0.54161
33 0.36836 0.55549
34 0.38224 0.56936
35 0.39611 0.58078
36 0.4086 0.5914
37 0.41922 0.60389
38 0.43064 0.61776
39 0.44451 0.63164
40 0.45839 0.64552
41 0.47226 0.65942
42 0.48613 0.67332
43 0.5 0.68724
44 0.51387 0.70118
45 0.52774 0.70931
46 0.54161 0.72167
47 0.55549 0.73562
48 0.56936 0.74958
49 0.58778 0.76358
50 0.60389 0.77404
51 0.61776 0.78401
52 0.63164 0.79804
53 0.64552 0.81211
54 0.65942 0.82348
55 0.67332 0.83251
56 0.68725 0.84666
57 0.70118 0.86416
58 0.72167 0.86716
59 0.73562 0.88136
60 0.74958 0.89444
61 0.76358 0.90182
62 0.78401 0.91646
63 0.79804 0.92356
64 0.81211 0.93727
65 0.83251 0.94458
66 0.84667 0.96043
67 0.86624 0.96411
68 0.88136 0.97382
69 0.90182 0.98326
70 0.91646 0.99171
71 0.93727 0.99822
72 0.96411 1
