Adjusted LCO Confidence Intervals for
n = 69 and Mean Coverage = 0.9900
Minimum Coverage = 0.9869 

0 0 0.07132
1 0.00019 0.10088
2 0.0025 0.12357
3 0.00708 0.1458
4 0.01314 0.16781
5 0.02025 0.18334
6 0.02813 0.20511
7 0.03662 0.22686
8 0.04559 0.24203
9 0.05499 0.25769
10 0.06474 0.27877
11 0.07132 0.29374
12 0.08265 0.31098
13 0.09474 0.33036
14 0.10088 0.34523
15 0.1152 0.36006
16 0.12357 0.37486
17 0.13678 0.39668
18 0.1458 0.41148
19 0.15982 0.42626
20 0.16781 0.44102
21 0.18334 0.45577
22 0.19124 0.47052
23 0.20511 0.48526
24 0.21928 0.5
25 0.22686 0.51474
26 0.24203 0.52948
27 0.2569 0.54422
28 0.26409 0.55898
29 0.27877 0.57374
30 0.29374 0.58852
31 0.30784 0.60332
32 0.31546 0.61299
33 0.33036 0.62514
34 0.34523 0.63994
35 0.36006 0.65477
36 0.37486 0.66964
37 0.38701 0.68454
38 0.39668 0.69216
39 0.41148 0.70626
40 0.42626 0.72123
41 0.44102 0.73591
42 0.45578 0.7431
43 0.47052 0.75797
44 0.48526 0.77314
45 0.5 0.78072
46 0.51474 0.79489
47 0.52948 0.80876
48 0.54423 0.81666
49 0.55898 0.83219
50 0.57374 0.84018
51 0.58852 0.8542
52 0.60332 0.86322
53 0.62514 0.87643
54 0.63994 0.8848
55 0.65477 0.89912
56 0.66964 0.90526
57 0.68902 0.91735
58 0.70626 0.92868
59 0.72123 0.93526
60 0.74231 0.94501
61 0.75797 0.95441
62 0.77314 0.96338
63 0.79489 0.97187
64 0.81666 0.97975
65 0.83219 0.98686
66 0.8542 0.99292
67 0.87643 0.9975
68 0.89912 0.99981
69 0.92868 1
