Adjusted LCO Confidence Intervals for
n = 84 and Mean Coverage = 0.9000
Minimum Coverage = 0.8809 

0 0 0.0308
1 0.00151 0.05382
2 0.00706 0.07167
3 0.01428 0.08424
4 0.02234 0.10179
5 0.0308 0.11932
6 0.03296 0.13156
7 0.04719 0.14905
8 0.05382 0.16119
9 0.06496 0.17328
10 0.07167 0.19077
11 0.08424 0.20282
12 0.08773 0.21483
13 0.10179 0.2289
14 0.11232 0.24435
15 0.11932 0.25632
16 0.13156 0.26828
17 0.14263 0.28022
18 0.14906 0.2978
19 0.16119 0.30974
20 0.17328 0.32167
21 0.18231 0.3336
22 0.19077 0.34551
23 0.20282 0.35742
24 0.21483 0.36932
25 0.22643 0.38121
26 0.23017 0.39392
27 0.24435 0.4108
28 0.25632 0.4227
29 0.26828 0.4346
30 0.28022 0.44649
31 0.29091 0.45839
32 0.2978 0.47028
33 0.30974 0.48217
34 0.32168 0.49406
35 0.3336 0.50594
36 0.34551 0.51783
37 0.35742 0.52972
38 0.36932 0.54161
39 0.38121 0.5535
40 0.3926 0.5654
41 0.40172 0.5773
42 0.4108 0.5892
43 0.4227 0.59828
44 0.4346 0.6074
45 0.4465 0.61879
46 0.45839 0.63068
47 0.47028 0.64258
48 0.48217 0.65449
49 0.49406 0.6664
50 0.50594 0.67832
51 0.51783 0.69026
52 0.52972 0.7022
53 0.54161 0.70909
54 0.55351 0.71978
55 0.5654 0.73172
56 0.5773 0.74368
57 0.5892 0.75565
58 0.60608 0.76983
59 0.61879 0.77357
60 0.63068 0.78517
61 0.64258 0.79718
62 0.65449 0.80923
63 0.6664 0.81769
64 0.67833 0.82672
65 0.69026 0.83881
66 0.7022 0.85094
67 0.71978 0.85737
68 0.73172 0.86844
69 0.74368 0.88068
70 0.75565 0.88768
71 0.7711 0.89821
72 0.78517 0.91227
73 0.79718 0.91576
74 0.80923 0.92833
75 0.82672 0.93504
76 0.83881 0.94618
77 0.85095 0.95281
78 0.86844 0.96704
79 0.88068 0.9692
80 0.89821 0.97766
81 0.91576 0.98572
82 0.92833 0.99294
83 0.94618 0.99849
84 0.9692 1
