Adjusted LCO Confidence Intervals for
n = 31 and Mean Coverage = 0.9500
Minimum Coverage = 0.9312 

0 0 0.09604
1 0.0023 0.158
2 0.01389 0.20656
3 0.03072 0.2404
4 0.05043 0.28824
5 0.07207 0.3213
6 0.09514 0.35408
7 0.10068 0.38666
8 0.14028 0.42693
9 0.158 0.46743
10 0.19091 0.5
11 0.20656 0.53257
12 0.2404 0.56077
13 0.26959 0.58546
14 0.28824 0.61334
15 0.3213 0.64592
16 0.35408 0.6787
17 0.38666 0.71176
18 0.41454 0.73041
19 0.43923 0.7596
20 0.46743 0.79344
21 0.5 0.80909
22 0.53257 0.842
23 0.57307 0.85972
24 0.61334 0.89932
25 0.64592 0.90486
26 0.6787 0.92793
27 0.71176 0.94957
28 0.7596 0.96928
29 0.79344 0.98611
30 0.842 0.9977
31 0.90396 1
