Adjusted LCO Confidence Intervals for
n = 98 and Mean Coverage = 0.9900
Minimum Coverage = 0.9877 

0 0 0.05017
1 0.00013 0.07095
2 0.0017 0.08692
3 0.00485 0.10255
4 0.00904 0.11801
5 0.01395 0.13338
6 0.0194 0.1487
7 0.02526 0.16398
8 0.03146 0.17472
9 0.03794 0.18995
10 0.04466 0.20058
11 0.05017 0.21578
12 0.05612 0.22634
13 0.06497 0.24154
14 0.07095 0.25205
15 0.07818 0.26253
16 0.08692 0.27774
17 0.09138 0.2882
18 0.10255 0.29863
19 0.10522 0.30904
20 0.11801 0.32428
21 0.12214 0.33468
22 0.13338 0.34507
23 0.14018 0.35544
24 0.1487 0.36581
25 0.15832 0.37656
26 0.16398 0.39148
27 0.17472 0.40183
28 0.18258 0.41218
29 0.18995 0.42253
30 0.20058 0.43287
31 0.20846 0.4432
32 0.21578 0.45353
33 0.22634 0.46386
34 0.2361 0.47419
35 0.24154 0.48451
36 0.25205 0.49484
37 0.26253 0.50516
38 0.27196 0.51549
39 0.27775 0.52581
40 0.2882 0.53614
41 0.29863 0.54647
42 0.30904 0.5568
43 0.31768 0.56713
44 0.32428 0.57747
45 0.33468 0.58782
46 0.34507 0.59817
47 0.35544 0.60852
48 0.36581 0.61642
49 0.37593 0.62407
50 0.38358 0.63419
51 0.39148 0.64456
52 0.40183 0.65493
53 0.41218 0.66532
54 0.42253 0.67572
55 0.43287 0.68232
56 0.4432 0.69096
57 0.45353 0.70137
58 0.46386 0.7118
59 0.47419 0.72225
60 0.48451 0.72804
61 0.49484 0.73747
62 0.50516 0.74795
63 0.51549 0.75846
64 0.52581 0.7639
65 0.53614 0.77366
66 0.54647 0.78422
67 0.5568 0.79154
68 0.56713 0.79942
69 0.57747 0.81005
70 0.58782 0.81742
71 0.59817 0.82528
72 0.60852 0.83602
73 0.62344 0.84168
74 0.63419 0.8513
75 0.64456 0.85982
76 0.65493 0.86662
77 0.66532 0.87786
78 0.67572 0.88199
79 0.69096 0.89478
80 0.70137 0.89745
81 0.7118 0.90862
82 0.72226 0.91308
83 0.73747 0.92182
84 0.74795 0.92905
85 0.75846 0.93503
86 0.77366 0.94388
87 0.78422 0.94983
88 0.79942 0.95534
89 0.81005 0.96206
90 0.82528 0.96854
91 0.83602 0.97474
92 0.8513 0.9806
93 0.86662 0.98605
94 0.88199 0.99096
95 0.89745 0.99515
96 0.91308 0.9983
97 0.92905 0.99987
98 0.94983 1
