Adjusted LCO Confidence Intervals for
n = 56 and Mean Coverage = 0.9900
Minimum Coverage = 0.9867 

0 0 0.08796
1 0.00024 0.1171
2 0.00311 0.1457
3 0.00879 0.17215
4 0.01633 0.19921
5 0.02516 0.22617
6 0.03497 0.24503
7 0.04554 0.27186
8 0.05674 0.29047
9 0.06846 0.31732
10 0.08066 0.3358
11 0.08796 0.3542
12 0.1037 0.37253
13 0.1171 0.39597
14 0.12637 0.41783
15 0.14476 0.43612
16 0.14934 0.45439
17 0.17216 0.47264
18 0.18009 0.49088
19 0.19921 0.50912
20 0.21304 0.52736
21 0.22617 0.54561
22 0.24503 0.56388
23 0.25652 0.58217
24 0.27186 0.59994
25 0.29047 0.61154
26 0.3063 0.62747
27 0.31732 0.6458
28 0.3358 0.6642
29 0.3542 0.68268
30 0.37253 0.6937
31 0.38846 0.70953
32 0.40006 0.72814
33 0.41783 0.74348
34 0.43612 0.75497
35 0.45439 0.77383
36 0.47264 0.78696
37 0.49088 0.80079
38 0.50912 0.81991
39 0.52736 0.82784
40 0.54561 0.85066
41 0.56388 0.85524
42 0.58217 0.87363
43 0.60403 0.8829
44 0.62747 0.8963
45 0.6458 0.91204
46 0.6642 0.91934
47 0.68268 0.93154
48 0.70953 0.94326
49 0.72814 0.95446
50 0.75497 0.96503
51 0.77383 0.97484
52 0.80079 0.98367
53 0.82785 0.99121
54 0.8543 0.99689
55 0.8829 0.99976
56 0.91204 1
