Adjusted LCO Confidence Intervals for
n = 97 and Mean Coverage = 0.9000
Minimum Coverage = 0.8819 

0 0 0.03071
1 0.0013 0.04664
2 0.00608 0.06212
3 0.01231 0.07744
4 0.01926 0.08822
5 0.02667 0.10341
6 0.03071 0.11402
7 0.04062 0.12917
8 0.04664 0.1397
9 0.05582 0.15485
10 0.06212 0.16532
11 0.07256 0.17576
12 0.07744 0.19093
13 0.08822 0.20135
14 0.09596 0.21174
15 0.10341 0.22212
16 0.11402 0.23732
17 0.12149 0.24769
18 0.12917 0.25805
19 0.1397 0.2684
20 0.14954 0.27874
21 0.15485 0.28976
22 0.16532 0.30431
23 0.17577 0.31464
24 0.18565 0.32497
25 0.19093 0.33529
26 0.20135 0.3456
27 0.21174 0.35591
28 0.22212 0.36622
29 0.23139 0.37652
30 0.23732 0.39184
31 0.24769 0.40215
32 0.25805 0.41246
33 0.2684 0.42276
34 0.27874 0.43306
35 0.28881 0.44337
36 0.29437 0.45366
37 0.30431 0.46396
38 0.31464 0.47426
39 0.32497 0.48456
40 0.33529 0.49485
41 0.3456 0.50515
42 0.35591 0.51544
43 0.36622 0.52574
44 0.37652 0.53604
45 0.38528 0.54633
46 0.39185 0.55663
47 0.40215 0.56693
48 0.41246 0.57724
49 0.42276 0.58754
50 0.43307 0.59785
51 0.44337 0.60815
52 0.45367 0.61472
53 0.46396 0.62348
54 0.47426 0.63378
55 0.48456 0.64409
56 0.49485 0.6544
57 0.50515 0.66471
58 0.51544 0.67503
59 0.52574 0.68536
60 0.53604 0.69569
61 0.54634 0.70563
62 0.55663 0.71119
63 0.56694 0.72126
64 0.57724 0.7316
65 0.58754 0.74195
66 0.59785 0.75231
67 0.60816 0.76268
68 0.62348 0.76861
69 0.63378 0.77788
70 0.64409 0.78826
71 0.6544 0.79865
72 0.66471 0.80907
73 0.67503 0.81435
74 0.68536 0.82423
75 0.69569 0.83468
76 0.71024 0.84515
77 0.72126 0.85046
78 0.7316 0.8603
79 0.74195 0.87083
80 0.75231 0.87851
81 0.76268 0.88598
82 0.77788 0.89659
83 0.78826 0.90404
84 0.79865 0.91178
85 0.80907 0.92256
86 0.82424 0.92744
87 0.83468 0.93788
88 0.84515 0.94418
89 0.8603 0.95336
90 0.87083 0.95938
91 0.88598 0.96929
92 0.89659 0.97333
93 0.91178 0.98074
94 0.92256 0.98769
95 0.93788 0.99392
96 0.95336 0.9987
97 0.96929 1
