Adjusted LCO Confidence Intervals for
n = 83 and Mean Coverage = 0.99900
Minimum Coverage = 0.99869 

0 0 0.08277
1 2e-05 0.1082
2 0.00063 0.13267
3 0.00255 0.15171
4 0.00565 0.17046
5 0.00967 0.18905
6 0.01442 0.20754
7 0.01975 0.22598
8 0.02558 0.23894
9 0.03182 0.25727
10 0.03842 0.27007
11 0.04534 0.28838
12 0.05254 0.30107
13 0.06 0.31525
14 0.06769 0.332
15 0.07559 0.34458
16 0.08277 0.35713
17 0.08845 0.37548
18 0.09919 0.388
19 0.1082 0.4005
20 0.11245 0.41298
21 0.12512 0.42544
22 0.13267 0.43788
23 0.14193 0.45084
24 0.15171 0.46481
25 0.15938 0.4787
26 0.17046 0.49233
27 0.17814 0.5049
28 0.18905 0.51643
29 0.19831 0.5277
30 0.20755 0.53891
31 0.21925 0.55009
32 0.22598 0.56211
33 0.23894 0.57456
34 0.24836 0.58702
35 0.25728 0.5995
36 0.27007 0.612
37 0.27957 0.62452
38 0.28838 0.63275
39 0.30107 0.64287
40 0.31311 0.65542
41 0.31994 0.668
42 0.332 0.68006
43 0.34458 0.68689
44 0.35713 0.69893
45 0.36725 0.71162
46 0.37548 0.72043
47 0.388 0.72993
48 0.4005 0.74272
49 0.41298 0.75164
50 0.42544 0.76106
51 0.43789 0.77402
52 0.44991 0.78075
53 0.46109 0.79245
54 0.4723 0.80169
55 0.48357 0.81095
56 0.4951 0.82186
57 0.50767 0.82954
58 0.5213 0.84062
59 0.53519 0.84829
60 0.54916 0.85807
61 0.56212 0.86733
62 0.57456 0.87488
63 0.58702 0.88755
64 0.5995 0.8918
65 0.612 0.90081
66 0.62452 0.91155
67 0.64287 0.91723
68 0.65542 0.92441
69 0.668 0.93231
70 0.68475 0.94
71 0.69893 0.94746
72 0.71162 0.95466
73 0.72993 0.96158
74 0.74273 0.96818
75 0.76106 0.97442
76 0.77402 0.98025
77 0.79246 0.98558
78 0.81095 0.99033
79 0.82954 0.99435
80 0.84829 0.99745
81 0.86733 0.99937
82 0.8918 0.99998
83 0.91723 1
