Adjusted LCO Confidence Intervals for
n = 74 and Mean Coverage = 0.9500
Minimum Coverage = 0.9388 

0 0 0.04546
1 0.00085 0.07208
2 0.00541 0.09264
3 0.01212 0.10715
4 0.01999 0.12721
5 0.02863 0.14724
6 0.03781 0.16125
7 0.04546 0.18121
8 0.05356 0.19508
9 0.06612 0.21503
10 0.07208 0.22882
11 0.08591 0.24255
12 0.09264 0.26253
13 0.10715 0.27623
14 0.11048 0.28989
15 0.12722 0.30354
16 0.13744 0.32094
17 0.14724 0.33721
18 0.16125 0.35082
19 0.16988 0.36442
20 0.18121 0.37801
21 0.19508 0.39159
22 0.20632 0.40516
23 0.21503 0.41872
24 0.22882 0.43296
25 0.24255 0.44933
26 0.25389 0.46608
27 0.26253 0.47965
28 0.27623 0.49322
29 0.2899 0.50678
30 0.30354 0.52035
31 0.31611 0.53392
32 0.32205 0.54544
33 0.33721 0.55655
34 0.35082 0.56823
35 0.36442 0.58128
36 0.37801 0.59484
37 0.39159 0.60841
38 0.40516 0.62199
39 0.41872 0.63558
40 0.43177 0.64918
41 0.44345 0.66279
42 0.45456 0.67795
43 0.46608 0.68389
44 0.47965 0.69646
45 0.49322 0.7101
46 0.50678 0.72377
47 0.52035 0.73747
48 0.53392 0.74611
49 0.55067 0.75745
50 0.56704 0.77118
51 0.58128 0.78497
52 0.59484 0.79368
53 0.60841 0.80492
54 0.62199 0.81879
55 0.63558 0.83012
56 0.64918 0.83875
57 0.66279 0.85276
58 0.67906 0.86256
59 0.69646 0.87278
60 0.71011 0.88952
61 0.72377 0.89285
62 0.73747 0.90736
63 0.75745 0.91409
64 0.77118 0.92792
65 0.78497 0.93388
66 0.80492 0.94644
67 0.81879 0.95454
68 0.83875 0.96219
69 0.85276 0.97137
70 0.87279 0.98001
71 0.89285 0.98788
72 0.90736 0.99459
73 0.92792 0.99915
74 0.95454 1
