Adjusted LCO Confidence Intervals for
n = 57 and Mean Coverage = 0.9900
Minimum Coverage = 0.9868 

0 0 0.08641
1 0.00023 0.11504
2 0.00304 0.14973
3 0.0086 0.16973
4 0.01599 0.1957
5 0.02466 0.22218
6 0.03427 0.2407
7 0.04463 0.26705
8 0.05561 0.28533
9 0.06711 0.31169
10 0.07907 0.32984
11 0.08641 0.34791
12 0.10157 0.36777
13 0.11504 0.39239
14 0.12339 0.41038
15 0.1418 0.42834
16 0.14973 0.44628
17 0.16901 0.46419
18 0.17458 0.4821
19 0.1957 0.5
20 0.20811 0.5179
21 0.22218 0.5358
22 0.2407 0.55372
23 0.24941 0.57166
24 0.26705 0.58961
25 0.28533 0.6076
26 0.29875 0.6227
27 0.31169 0.63503
28 0.32984 0.65209
29 0.34791 0.67016
30 0.36497 0.68831
31 0.3773 0.70125
32 0.3924 0.71467
33 0.41039 0.73295
34 0.42834 0.75059
35 0.44628 0.7593
36 0.4642 0.77782
37 0.4821 0.79189
38 0.5 0.8043
39 0.5179 0.82542
40 0.53581 0.83099
41 0.55372 0.85027
42 0.57166 0.8582
43 0.58962 0.87661
44 0.60761 0.88496
45 0.63223 0.89843
46 0.65209 0.91359
47 0.67016 0.92093
48 0.68831 0.93289
49 0.71467 0.94439
50 0.73295 0.95537
51 0.7593 0.96573
52 0.77782 0.97534
53 0.8043 0.98401
54 0.83027 0.9914
55 0.85027 0.99696
56 0.88496 0.99977
57 0.91359 1
