Adjusted LCO Confidence Intervals for
n = 74 and Mean Coverage = 0.99900
Minimum Coverage = 0.99862 

0 0 0.09298
1 2e-05 0.12155
2 0.00073 0.14906
3 0.00292 0.17045
4 0.00644 0.19153
5 0.011 0.21244
6 0.01638 0.22721
7 0.02242 0.2479
8 0.02902 0.26856
9 0.0361 0.28298
10 0.04358 0.2983
11 0.05143 0.31789
12 0.0596 0.33211
13 0.06807 0.34864
14 0.0768 0.36689
15 0.08577 0.381
16 0.09298 0.39507
17 0.10155 0.40912
18 0.11294 0.42541
19 0.12155 0.44392
20 0.13019 0.45796
21 0.14265 0.47198
22 0.14906 0.48599
23 0.16253 0.5
24 0.17045 0.51401
25 0.18332 0.52802
26 0.19154 0.54204
27 0.20523 0.55608
28 0.21245 0.56722
29 0.22721 0.57834
30 0.23579 0.59088
31 0.2479 0.60492
32 0.26146 0.619
33 0.26856 0.63311
34 0.28298 0.64641
35 0.29692 0.65474
36 0.30461 0.66789
37 0.31789 0.68211
38 0.33211 0.69539
39 0.34526 0.70308
40 0.35359 0.71702
41 0.36689 0.73144
42 0.381 0.73854
43 0.39508 0.7521
44 0.40912 0.76421
45 0.42166 0.77279
46 0.43278 0.78755
47 0.44392 0.79477
48 0.45796 0.80846
49 0.47198 0.81668
50 0.48599 0.82955
51 0.5 0.83747
52 0.51401 0.85094
53 0.52802 0.85735
54 0.54204 0.86981
55 0.55608 0.87845
56 0.57459 0.88706
57 0.59088 0.89845
58 0.60493 0.90702
59 0.619 0.91423
60 0.63311 0.9232
61 0.65136 0.93193
62 0.66789 0.9404
63 0.68211 0.94857
64 0.7017 0.95642
65 0.71702 0.9639
66 0.73144 0.97098
67 0.7521 0.97758
68 0.77279 0.98362
69 0.78756 0.989
70 0.80847 0.99356
71 0.82955 0.99708
72 0.85094 0.99927
73 0.87845 0.99998
74 0.90702 1
