Adjusted LCO Confidence Intervals for
n = 70 and Mean Coverage = 0.9900
Minimum Coverage = 0.9870 

0 0 0.0703
1 0.00019 0.09943
2 0.00245 0.12179
3 0.00695 0.14371
4 0.01292 0.1654
5 0.01991 0.18071
6 0.02766 0.20216
7 0.03601 0.2236
8 0.04485 0.23855
9 0.0541 0.25994
10 0.0637 0.27476
11 0.0703 0.28951
12 0.08124 0.31091
13 0.09318 0.3256
14 0.09943 0.34025
15 0.11326 0.35486
16 0.1218 0.37307
17 0.13442 0.39095
18 0.14371 0.40553
19 0.15705 0.42009
20 0.1654 0.43464
21 0.18072 0.44917
22 0.18699 0.4637
23 0.20216 0.47822
24 0.21533 0.49274
25 0.2236 0.50726
26 0.23855 0.52178
27 0.2522 0.5363
28 0.25994 0.55083
29 0.27476 0.56536
30 0.28951 0.57991
31 0.30183 0.59447
32 0.31091 0.60905
33 0.3256 0.62336
34 0.34025 0.63208
35 0.35487 0.64513
36 0.36792 0.65975
37 0.37664 0.6744
38 0.39095 0.68909
39 0.40553 0.69817
40 0.42009 0.71049
41 0.43464 0.72524
42 0.44917 0.74006
43 0.4637 0.7478
44 0.47822 0.76145
45 0.49274 0.7764
46 0.50726 0.78467
47 0.52178 0.79784
48 0.5363 0.81301
49 0.55083 0.81928
50 0.56536 0.8346
51 0.57991 0.84295
52 0.59447 0.85629
53 0.60905 0.86558
54 0.62693 0.8782
55 0.64514 0.88674
56 0.65975 0.90057
57 0.6744 0.90682
58 0.68909 0.91876
59 0.71049 0.9297
60 0.72524 0.9363
61 0.74006 0.9459
62 0.76145 0.95515
63 0.7764 0.96399
64 0.79784 0.97234
65 0.81929 0.98009
66 0.8346 0.98708
67 0.85629 0.99305
68 0.87821 0.99755
69 0.90057 0.99981
70 0.9297 1
