Adjusted LCO Confidence Intervals for
n = 89 and Mean Coverage = 0.9900
Minimum Coverage = 0.9875 

0 0 0.05525
1 0.00014 0.07814
2 0.00189 0.09572
3 0.00537 0.11294
4 0.01001 0.12998
5 0.01544 0.14691
6 0.02146 0.16379
7 0.02794 0.17567
8 0.03479 0.19246
9 0.04196 0.20419
10 0.0494 0.22094
11 0.05525 0.23258
12 0.06235 0.24934
13 0.07197 0.26092
14 0.07814 0.27246
15 0.08689 0.28923
16 0.09572 0.30074
17 0.10222 0.31223
18 0.11294 0.32903
19 0.11884 0.3405
20 0.12998 0.35195
21 0.13725 0.36339
22 0.14691 0.37482
23 0.15666 0.38623
24 0.16379 0.4012
25 0.17567 0.41454
26 0.18205 0.42595
27 0.19246 0.43735
28 0.20419 0.44875
29 0.20919 0.46014
30 0.22094 0.47153
31 0.23258 0.48292
32 0.24034 0.49431
33 0.24934 0.50569
34 0.26092 0.51708
35 0.27246 0.52847
36 0.27907 0.53986
37 0.28923 0.55125
38 0.30074 0.56265
39 0.31223 0.57405
40 0.3227 0.58546
41 0.32903 0.59682
42 0.3405 0.60399
43 0.35196 0.61377
44 0.36339 0.62518
45 0.37482 0.63661
46 0.38623 0.64804
47 0.39601 0.6595
48 0.40318 0.67097
49 0.41454 0.6773
50 0.42595 0.68777
51 0.43735 0.69926
52 0.44875 0.71077
53 0.46014 0.72093
54 0.47153 0.72754
55 0.48292 0.73908
56 0.49431 0.75066
57 0.50569 0.75966
58 0.51708 0.76742
59 0.52847 0.77906
60 0.53986 0.79081
61 0.55125 0.79581
62 0.56265 0.80754
63 0.57405 0.81795
64 0.58546 0.82433
65 0.5988 0.83621
66 0.61377 0.84334
67 0.62518 0.85309
68 0.63661 0.86275
69 0.64805 0.87002
70 0.6595 0.88116
71 0.67097 0.88706
72 0.68777 0.89778
73 0.69926 0.90428
74 0.71077 0.91311
75 0.72754 0.92186
76 0.73908 0.92803
77 0.75066 0.93765
78 0.76742 0.94475
79 0.77906 0.9506
80 0.79581 0.95804
81 0.80754 0.96521
82 0.82433 0.97206
83 0.83621 0.97854
84 0.85309 0.98456
85 0.87002 0.98999
86 0.88706 0.99463
87 0.90428 0.99811
88 0.92186 0.99986
89 0.94475 1
