Adjusted LCO Confidence Intervals for
n = 61 and Mean Coverage = 0.9500
Minimum Coverage = 0.9379 

0 0 0.0551
1 0.00105 0.08068
2 0.00662 0.10541
3 0.01481 0.12986
4 0.02443 0.1542
5 0.03497 0.17851
6 0.04619 0.19547
7 0.0551 0.2123
8 0.06598 0.23651
9 0.08068 0.25322
10 0.08554 0.26986
11 0.10541 0.29411
12 0.11001 0.31071
13 0.12986 0.32727
14 0.14039 0.3438
15 0.1542 0.36431
16 0.1708 0.38469
17 0.17851 0.40119
18 0.19547 0.41768
19 0.2123 0.43416
20 0.2209 0.45063
21 0.23651 0.46709
22 0.25322 0.48354
23 0.26986 0.5
24 0.27902 0.51645
25 0.29412 0.53291
26 0.31071 0.54937
27 0.32727 0.56584
28 0.3438 0.58232
29 0.35868 0.5988
30 0.36828 0.61531
31 0.38469 0.63172
32 0.4012 0.64132
33 0.41768 0.6562
34 0.43416 0.67273
35 0.45063 0.68929
36 0.46709 0.70588
37 0.48355 0.72098
38 0.5 0.73014
39 0.51646 0.74678
40 0.53291 0.76349
41 0.54937 0.7791
42 0.56584 0.7877
43 0.58232 0.80453
44 0.59881 0.82149
45 0.61531 0.8292
46 0.63569 0.8458
47 0.6562 0.85961
48 0.67273 0.87014
49 0.68929 0.88999
50 0.70589 0.89459
51 0.73014 0.91446
52 0.74678 0.91932
53 0.76349 0.93402
54 0.7877 0.9449
55 0.80453 0.95381
56 0.82149 0.96503
57 0.8458 0.97557
58 0.87014 0.98519
59 0.89459 0.99338
60 0.91932 0.99895
61 0.9449 1
