Adjusted LCO Confidence Intervals for
n = 73 and Mean Coverage = 0.9000
Minimum Coverage = 0.8798 

0 0 0.0354
1 0.00175 0.06188
2 0.00817 0.0824
3 0.01651 0.09684
4 0.02582 0.11702
5 0.0354 0.13719
6 0.03901 0.15125
7 0.05466 0.16521
8 0.06188 0.18533
9 0.07537 0.19922
10 0.0824 0.21305
11 0.09684 0.2332
12 0.10397 0.247
13 0.11702 0.26078
14 0.13091 0.27454
15 0.13719 0.29474
16 0.15125 0.30849
17 0.16521 0.32222
18 0.1737 0.33594
19 0.18533 0.34964
20 0.19922 0.36334
21 0.21305 0.37703
22 0.2222 0.39193
23 0.2332 0.41106
24 0.24701 0.42475
25 0.26078 0.43844
26 0.27454 0.45212
27 0.28578 0.4658
28 0.29474 0.47948
29 0.30849 0.49316
30 0.32222 0.50684
31 0.33594 0.52052
32 0.34964 0.5342
33 0.36334 0.54788
34 0.37703 0.56156
35 0.38998 0.57525
36 0.4003 0.58894
37 0.41106 0.5997
38 0.42475 0.61002
39 0.43844 0.62297
40 0.45212 0.63666
41 0.4658 0.65036
42 0.47948 0.66406
43 0.49316 0.67778
44 0.50684 0.69151
45 0.52052 0.70526
46 0.5342 0.71422
47 0.54788 0.72546
48 0.56156 0.73922
49 0.57525 0.75299
50 0.58894 0.7668
51 0.60807 0.7778
52 0.62297 0.78695
53 0.63666 0.80078
54 0.65036 0.81467
55 0.66406 0.8263
56 0.67778 0.83479
57 0.69151 0.84875
58 0.70526 0.86281
59 0.72546 0.86909
60 0.73922 0.88298
61 0.753 0.89603
62 0.7668 0.90316
63 0.78695 0.9176
64 0.80078 0.92463
65 0.81467 0.93812
66 0.83479 0.94534
67 0.84875 0.96099
68 0.86281 0.9646
69 0.88298 0.97418
70 0.90316 0.98349
71 0.9176 0.99183
72 0.93812 0.99825
73 0.9646 1
