Adjusted LCO Confidence Intervals for
n = 95 and Mean Coverage = 0.99900
Minimum Coverage = 0.99869 

0 0 0.07221
1 1e-05 0.09864
2 0.00055 0.11572
3 0.00223 0.13676
4 0.00492 0.15318
5 0.00842 0.16944
6 0.01255 0.18099
7 0.01719 0.19704
8 0.02225 0.21306
9 0.02767 0.22431
10 0.0334 0.24026
11 0.0394 0.25621
12 0.04564 0.26731
13 0.05209 0.27837
14 0.05874 0.29429
15 0.06558 0.30528
16 0.07221 0.31682
17 0.07579 0.33218
18 0.08576 0.34311
19 0.09392 0.35402
20 0.09864 0.36639
21 0.10793 0.38089
22 0.11573 0.39176
23 0.1216 0.40262
24 0.13205 0.41347
25 0.13676 0.42431
26 0.14783 0.43514
27 0.15318 0.44684
28 0.16422 0.45947
29 0.16944 0.47292
30 0.18099 0.48375
31 0.18582 0.49458
32 0.19704 0.50541
33 0.2053 0.51625
34 0.21306 0.52708
35 0.22431 0.53597
36 0.22918 0.54521
37 0.24026 0.55472
38 0.25087 0.56486
39 0.25621 0.57569
40 0.26731 0.58653
41 0.27837 0.59738
42 0.28529 0.60824
43 0.29429 0.61911
44 0.30528 0.62868
45 0.316 0.63583
46 0.3225 0.64598
47 0.33218 0.65689
48 0.34311 0.66782
49 0.35402 0.6775
50 0.36417 0.684
51 0.37132 0.69472
52 0.38089 0.70571
53 0.39176 0.71471
54 0.40262 0.72163
55 0.41347 0.73269
56 0.42431 0.74379
57 0.43514 0.74913
58 0.44528 0.75974
59 0.45479 0.77082
60 0.46403 0.77569
61 0.47292 0.78694
62 0.48375 0.7947
63 0.49459 0.80296
64 0.50542 0.81418
65 0.51625 0.81901
66 0.52708 0.83056
67 0.54053 0.83578
68 0.55316 0.84682
69 0.56486 0.85217
70 0.57569 0.86324
71 0.58653 0.86795
72 0.59738 0.8784
73 0.60824 0.88427
74 0.61911 0.89207
75 0.63361 0.90136
76 0.64598 0.90608
77 0.65689 0.91424
78 0.66782 0.92421
79 0.68318 0.92779
80 0.69472 0.93442
81 0.70571 0.94126
82 0.72163 0.94791
83 0.73269 0.95436
84 0.74379 0.9606
85 0.75974 0.9666
86 0.77569 0.97233
87 0.78694 0.97775
88 0.80296 0.98281
89 0.81901 0.98745
90 0.83056 0.99158
91 0.84682 0.99508
92 0.86324 0.99777
93 0.88428 0.99945
94 0.90136 0.99999
95 0.92779 1
