Adjusted LCO Confidence Intervals for
n = 63 and Mean Coverage = 0.9500
Minimum Coverage = 0.9383 

0 0 0.05336
1 0.00101 0.07813
2 0.00639 0.10875
3 0.0143 0.12576
4 0.02359 0.14933
5 0.03378 0.17286
6 0.04462 0.18929
7 0.05336 0.21275
8 0.06361 0.22902
9 0.07813 0.2452
10 0.08149 0.26867
11 0.10189 0.28479
12 0.10875 0.30086
13 0.12576 0.3169
14 0.13491 0.33576
15 0.14933 0.35647
16 0.16455 0.37247
17 0.17286 0.38845
18 0.18929 0.40441
19 0.20485 0.42036
20 0.21275 0.4363
21 0.22902 0.45223
22 0.24521 0.46816
23 0.2593 0.48408
24 0.26867 0.5
25 0.28479 0.51592
26 0.30087 0.53184
27 0.3169 0.54777
28 0.33181 0.5637
29 0.34077 0.57964
30 0.35648 0.59559
31 0.37247 0.61155
32 0.38845 0.62753
33 0.40441 0.64352
34 0.42036 0.65923
35 0.4363 0.66819
36 0.45223 0.6831
37 0.46816 0.69913
38 0.48408 0.71521
39 0.5 0.73133
40 0.51592 0.7407
41 0.53184 0.75479
42 0.54777 0.77098
43 0.5637 0.78725
44 0.57964 0.79515
45 0.59559 0.81071
46 0.61155 0.82714
47 0.62753 0.83545
48 0.64353 0.85067
49 0.66424 0.86509
50 0.6831 0.87424
51 0.69914 0.89125
52 0.71521 0.89811
53 0.73133 0.91851
54 0.7548 0.92187
55 0.77098 0.93639
56 0.78725 0.94664
57 0.81071 0.95538
58 0.82714 0.96622
59 0.85067 0.97641
60 0.87424 0.9857
61 0.89125 0.99361
62 0.92187 0.99899
63 0.94664 1
