Adjusted LCO Confidence Intervals for
n = 65 and Mean Coverage = 0.9900
Minimum Coverage = 0.9871 

0 0 0.07573
1 2e-04 0.10711
2 0.00263 0.1312
3 0.00747 0.15482
4 0.0139 0.1782
5 0.02143 0.19468
6 0.02979 0.2178
7 0.0388 0.23397
8 0.04834 0.25702
9 0.05833 0.27301
10 0.0687 0.29607
11 0.07573 0.31196
12 0.08778 0.3278
13 0.10065 0.34616
14 0.10711 0.3667
15 0.12252 0.38246
16 0.1312 0.39818
17 0.14564 0.41388
18 0.15482 0.42957
19 0.17032 0.44523
20 0.1782 0.46109
21 0.19468 0.47792
22 0.20506 0.49415
23 0.21781 0.50971
24 0.23397 0.5247
25 0.24242 0.53928
26 0.25702 0.55477
27 0.27302 0.57043
28 0.28547 0.58612
29 0.29607 0.60182
30 0.31197 0.61754
31 0.3278 0.6333
32 0.34249 0.64818
33 0.35182 0.65751
34 0.3667 0.6722
35 0.38246 0.68803
36 0.39818 0.70393
37 0.41388 0.71453
38 0.42957 0.72698
39 0.44523 0.74298
40 0.46072 0.75758
41 0.4753 0.76603
42 0.49029 0.78219
43 0.50585 0.79494
44 0.52208 0.80532
45 0.53891 0.8218
46 0.55477 0.82968
47 0.57043 0.84518
48 0.58612 0.85436
49 0.60182 0.8688
50 0.61754 0.87748
51 0.6333 0.89289
52 0.65384 0.89935
53 0.6722 0.91222
54 0.68804 0.92427
55 0.70393 0.9313
56 0.72699 0.94167
57 0.74298 0.95166
58 0.76603 0.9612
59 0.7822 0.97021
60 0.80532 0.97857
61 0.8218 0.9861
62 0.84518 0.99253
63 0.8688 0.99737
64 0.89289 0.9998
65 0.92427 1
