Adjusted LCO Confidence Intervals for
n = 84 and Mean Coverage = 0.9900
Minimum Coverage = 0.9875 

0 0 0.05855
1 0.00015 0.0828
2 0.002 0.10144
3 0.00569 0.11968
4 0.01061 0.13774
5 0.01637 0.15569
6 0.02275 0.17358
7 0.02963 0.18616
8 0.03691 0.20396
9 0.04452 0.21639
10 0.05242 0.23416
11 0.05855 0.2465
12 0.06628 0.26427
13 0.07645 0.27654
14 0.0828 0.28877
15 0.09242 0.30145
16 0.10144 0.31877
17 0.10897 0.33094
18 0.11968 0.34309
19 0.12693 0.35523
20 0.13774 0.37309
21 0.14653 0.38522
22 0.15569 0.39733
23 0.16708 0.40943
24 0.17358 0.42153
25 0.18616 0.43361
26 0.19517 0.44569
27 0.20396 0.45777
28 0.21639 0.46984
29 0.22537 0.4819
30 0.23416 0.49397
31 0.2465 0.50603
32 0.25797 0.5181
33 0.26427 0.53016
34 0.27654 0.54223
35 0.28877 0.55431
36 0.30078 0.56639
37 0.30779 0.57847
38 0.31877 0.59056
39 0.33094 0.60267
40 0.3431 0.61478
41 0.35523 0.62691
42 0.36562 0.63438
43 0.37309 0.64477
44 0.38522 0.6569
45 0.39733 0.66906
46 0.40944 0.68123
47 0.42153 0.69221
48 0.43361 0.69922
49 0.44569 0.71123
50 0.45777 0.72346
51 0.46984 0.73573
52 0.4819 0.74203
53 0.49397 0.7535
54 0.50603 0.76584
55 0.5181 0.77463
56 0.53016 0.78361
57 0.54223 0.79604
58 0.55431 0.80483
59 0.56639 0.81384
60 0.57847 0.82642
61 0.59057 0.83292
62 0.60267 0.84431
63 0.61478 0.85347
64 0.62691 0.86226
65 0.64477 0.87307
66 0.65691 0.88032
67 0.66906 0.89103
68 0.68123 0.89856
69 0.69855 0.90758
70 0.71123 0.9172
71 0.72346 0.92355
72 0.73573 0.93372
73 0.7535 0.94145
74 0.76584 0.94758
75 0.78361 0.95548
76 0.79604 0.96309
77 0.81384 0.97037
78 0.82642 0.97725
79 0.84431 0.98363
80 0.86226 0.98939
81 0.88032 0.99431
82 0.89856 0.998
83 0.9172 0.99985
84 0.94145 1
