Adjusted LCO Confidence Intervals for
n = 100 and Mean Coverage = 0.9500
Minimum Coverage = 0.9414 

0 0 0.03368
1 6e-04 0.05339
2 0.0039 0.06862
3 0.00879 0.08363
4 0.01454 0.09855
5 0.02084 0.10906
6 0.02755 0.12386
7 0.03368 0.13422
8 0.03831 0.14898
9 0.048 0.15925
10 0.05339 0.174
11 0.06205 0.18422
12 0.06862 0.19484
13 0.07723 0.20916
14 0.08363 0.21931
15 0.09357 0.22944
16 0.09855 0.24422
17 0.10906 0.25434
18 0.11591 0.26444
19 0.12386 0.27453
20 0.13422 0.28934
21 0.13956 0.29943
22 0.14898 0.3095
23 0.15925 0.31957
24 0.16612 0.32963
25 0.174 0.33968
26 0.18422 0.35454
27 0.19431 0.3646
28 0.19788 0.37465
29 0.20916 0.38469
30 0.21931 0.39473
31 0.22945 0.40477
32 0.23596 0.4148
33 0.24422 0.42483
34 0.25434 0.43486
35 0.26444 0.44488
36 0.27453 0.4549
37 0.28237 0.46493
38 0.28934 0.47495
39 0.29943 0.48497
40 0.3095 0.49499
41 0.31957 0.50501
42 0.32963 0.51503
43 0.33968 0.52505
44 0.34773 0.53507
45 0.35455 0.54509
46 0.3646 0.55512
47 0.37465 0.56514
48 0.38469 0.57517
49 0.39473 0.5852
50 0.40477 0.59523
51 0.4148 0.60527
52 0.42483 0.61531
53 0.43486 0.62535
54 0.44488 0.6354
55 0.45491 0.64545
56 0.46493 0.65227
57 0.47495 0.66032
58 0.48497 0.67037
59 0.49499 0.68043
60 0.50501 0.6905
61 0.51503 0.70057
62 0.52505 0.71066
63 0.53507 0.71763
64 0.5451 0.72547
65 0.55512 0.73556
66 0.56514 0.74566
67 0.57517 0.75578
68 0.5852 0.76404
69 0.59523 0.77055
70 0.60527 0.78069
71 0.61531 0.79084
72 0.62535 0.80212
73 0.6354 0.80569
74 0.64546 0.81578
75 0.66032 0.826
76 0.67037 0.83388
77 0.68043 0.84075
78 0.6905 0.85102
79 0.70057 0.86044
80 0.71066 0.86578
81 0.72547 0.87614
82 0.73556 0.88409
83 0.74566 0.89094
84 0.75578 0.90145
85 0.77056 0.90643
86 0.78069 0.91637
87 0.79084 0.92277
88 0.80516 0.93138
89 0.81578 0.93795
90 0.826 0.94661
91 0.84075 0.952
92 0.85102 0.96169
93 0.86578 0.96632
94 0.87614 0.97245
95 0.89094 0.97916
96 0.90145 0.98546
97 0.91637 0.99121
98 0.93138 0.9961
99 0.94661 0.9994
100 0.96632 1
