Adjusted LCO Confidence Intervals for
n = 47 and Mean Coverage = 0.99900
Minimum Coverage = 0.99854 

0 0 0.13907
1 3e-05 0.18418
2 0.00118 0.21865
3 0.00472 0.25237
4 0.0104 0.28578
5 0.01777 0.30969
6 0.02649 0.34224
7 0.03631 0.36513
8 0.04708 0.39367
9 0.05865 0.42105
10 0.07093 0.44367
11 0.08385 0.46623
12 0.09736 0.48875
13 0.11139 0.51125
14 0.12592 0.53377
15 0.13907 0.55632
16 0.1511 0.57895
17 0.17053 0.60043
18 0.18419 0.61488
19 0.20076 0.63487
20 0.21865 0.65776
21 0.23335 0.67759
22 0.25237 0.69112
23 0.26985 0.71422
24 0.28578 0.73015
25 0.30888 0.74763
26 0.32241 0.76665
27 0.34224 0.78135
28 0.36513 0.79924
29 0.38512 0.81581
30 0.39957 0.82947
31 0.42105 0.8489
32 0.44368 0.86093
33 0.46623 0.87408
34 0.48875 0.88861
35 0.51125 0.90264
36 0.53377 0.91615
37 0.55633 0.92907
38 0.57895 0.94135
39 0.60633 0.95292
40 0.63487 0.96369
41 0.65776 0.97351
42 0.69031 0.98223
43 0.71422 0.9896
44 0.74763 0.99528
45 0.78135 0.99882
46 0.81582 0.99997
47 0.86093 1
