Adjusted LCO Confidence Intervals for
n = 62 and Mean Coverage = 0.9500
Minimum Coverage = 0.9381 

0 0 0.05421
1 0.00103 0.07938
2 0.0065 0.10394
3 0.01455 0.12778
4 0.024 0.15173
5 0.03436 0.17564
6 0.04539 0.19233
7 0.05421 0.20948
8 0.06477 0.2327
9 0.07938 0.24915
10 0.08352 0.273
11 0.10369 0.28938
12 0.10688 0.30571
13 0.12778 0.322
14 0.1376 0.33826
15 0.15173 0.36222
16 0.16761 0.37848
17 0.17564 0.39472
18 0.19233 0.41094
19 0.20874 0.42715
20 0.21512 0.44335
21 0.2327 0.45954
22 0.24915 0.47572
23 0.26453 0.49191
24 0.273 0.50809
25 0.28938 0.52427
26 0.30571 0.54046
27 0.322 0.55665
28 0.33826 0.57285
29 0.35033 0.58906
30 0.36223 0.60528
31 0.37848 0.62152
32 0.39472 0.63777
33 0.41094 0.64967
34 0.42715 0.66174
35 0.44335 0.678
36 0.45954 0.69429
37 0.47573 0.71062
38 0.49191 0.727
39 0.50809 0.73547
40 0.52428 0.75085
41 0.54046 0.7673
42 0.55665 0.78488
43 0.57285 0.79126
44 0.58906 0.80767
45 0.60528 0.82436
46 0.62152 0.83239
47 0.63778 0.84827
48 0.66174 0.8624
49 0.678 0.87222
50 0.69429 0.89312
51 0.71062 0.89631
52 0.727 0.91648
53 0.75085 0.92062
54 0.7673 0.93523
55 0.79052 0.94579
56 0.80767 0.95461
57 0.82436 0.96564
58 0.84827 0.976
59 0.87222 0.98545
60 0.89606 0.9935
61 0.92062 0.99897
62 0.94579 1
