Adjusted LCO Confidence Intervals for
n = 49 and Mean Coverage = 0.9900
Minimum Coverage = 0.9864 

0 0 0.09254
1 0.00028 0.13391
2 0.00359 0.16567
3 0.01013 0.1969
4 0.01881 0.22789
5 0.02899 0.24959
6 0.04029 0.28035
7 0.05248 0.30168
8 0.06541 0.33246
9 0.07896 0.35362
10 0.09254 0.37468
11 0.0993 0.39566
12 0.12023 0.41922
13 0.13391 0.44763
14 0.14818 0.46859
15 0.16568 0.48953
16 0.17896 0.51047
17 0.1969 0.53141
18 0.21357 0.55236
19 0.22789 0.56839
20 0.24959 0.58512
21 0.26182 0.60434
22 0.28035 0.62532
23 0.30168 0.64638
24 0.31866 0.66754
25 0.33246 0.68134
26 0.35362 0.69832
27 0.37468 0.71965
28 0.39566 0.73818
29 0.41488 0.75041
30 0.43161 0.77211
31 0.44764 0.78643
32 0.46859 0.8031
33 0.48953 0.82104
34 0.51047 0.83432
35 0.53141 0.85182
36 0.55237 0.86609
37 0.58078 0.87977
38 0.60434 0.9007
39 0.62532 0.90746
40 0.64638 0.92104
41 0.66754 0.93459
42 0.69832 0.94752
43 0.71965 0.95971
44 0.75041 0.97101
45 0.77211 0.98119
46 0.8031 0.98987
47 0.83433 0.99641
48 0.86609 0.99972
49 0.90746 1
