Adjusted LCO Confidence Intervals for
n = 82 and Mean Coverage = 0.9900
Minimum Coverage = 0.9872 

0 0 0.05998
1 0.00016 0.08483
2 0.00207 0.10392
3 0.00588 0.12261
4 0.01094 0.14111
5 0.01687 0.1595
6 0.02344 0.17784
7 0.03051 0.19072
8 0.03799 0.20896
9 0.04581 0.22169
10 0.05393 0.23991
11 0.05998 0.25254
12 0.06836 0.26512
13 0.07868 0.28333
14 0.08483 0.29586
15 0.09525 0.30836
16 0.10392 0.32661
17 0.11252 0.33908
18 0.12261 0.35153
19 0.13116 0.36396
20 0.14111 0.37637
21 0.15125 0.3888
22 0.1595 0.40712
23 0.17223 0.41953
24 0.17784 0.43192
25 0.19072 0.44431
26 0.20161 0.45669
27 0.20896 0.46907
28 0.22169 0.48144
29 0.23296 0.49381
30 0.23991 0.50618
31 0.25254 0.51856
32 0.26512 0.53093
33 0.27417 0.54331
34 0.28333 0.55569
35 0.29586 0.56808
36 0.30836 0.58047
37 0.31978 0.59287
38 0.32661 0.60157
39 0.33908 0.61124
40 0.35153 0.62362
41 0.36396 0.63604
42 0.37638 0.64847
43 0.38876 0.66092
44 0.39843 0.67339
45 0.40713 0.68022
46 0.41953 0.69164
47 0.43192 0.70414
48 0.44431 0.71667
49 0.45669 0.72583
50 0.46907 0.73488
51 0.48144 0.74746
52 0.49382 0.76009
53 0.50619 0.76704
54 0.51856 0.77831
55 0.53093 0.79104
56 0.54331 0.79839
57 0.55569 0.80928
58 0.56808 0.82216
59 0.58047 0.82777
60 0.59288 0.8405
61 0.6112 0.84875
62 0.62363 0.85889
63 0.63604 0.86884
64 0.64847 0.87739
65 0.66092 0.88748
66 0.67339 0.89608
67 0.69164 0.90475
68 0.70414 0.91517
69 0.71667 0.92132
70 0.73488 0.93164
71 0.74746 0.94002
72 0.76009 0.94607
73 0.77831 0.95419
74 0.79104 0.96201
75 0.80928 0.96949
76 0.82216 0.97656
77 0.8405 0.98313
78 0.85889 0.98906
79 0.87739 0.99412
80 0.89608 0.99793
81 0.91517 0.99984
82 0.94002 1
