Adjusted LCO Confidence Intervals for
n = 64 and Mean Coverage = 0.9000
Minimum Coverage = 0.8779 

0 0 0.04033
1 0.00203 0.07051
2 0.00942 0.0939
3 0.01898 0.11035
4 0.02966 0.13336
5 0.04034 0.14942
6 0.04576 0.17236
7 0.0629 0.18826
8 0.07051 0.21122
9 0.08687 0.22704
10 0.09391 0.2428
11 0.11035 0.25852
12 0.12135 0.28153
13 0.13336 0.29723
14 0.14942 0.3129
15 0.15978 0.32855
16 0.17236 0.34418
17 0.18827 0.3598
18 0.20342 0.37922
19 0.21122 0.39858
20 0.22704 0.4142
21 0.2428 0.42981
22 0.25852 0.44541
23 0.27131 0.46101
24 0.28153 0.47661
25 0.29723 0.4922
26 0.3129 0.5078
27 0.32855 0.52339
28 0.34419 0.53899
29 0.3598 0.55459
30 0.37371 0.57019
31 0.38345 0.5858
32 0.39858 0.60142
33 0.4142 0.61655
34 0.42981 0.62629
35 0.44541 0.6402
36 0.46101 0.65581
37 0.47661 0.67145
38 0.4922 0.6871
39 0.5078 0.70277
40 0.52339 0.71847
41 0.53899 0.72869
42 0.55459 0.74148
43 0.57019 0.7572
44 0.5858 0.77296
45 0.60142 0.78878
46 0.62078 0.79658
47 0.6402 0.81173
48 0.65582 0.82764
49 0.67145 0.84022
50 0.6871 0.85058
51 0.70277 0.86664
52 0.71847 0.87865
53 0.74148 0.88965
54 0.7572 0.90609
55 0.77296 0.91313
56 0.78878 0.92949
57 0.81174 0.9371
58 0.82764 0.95424
59 0.85058 0.95966
60 0.86664 0.97034
61 0.88965 0.98102
62 0.9061 0.99058
63 0.92949 0.99797
64 0.95967 1
