Adjusted LCO Confidence Intervals for
n = 35 and Mean Coverage = 0.9900
Minimum Coverage = 0.9857 

0 0 0.12979
1 0.00041 0.17708
2 0.0052 0.22036
3 0.01458 0.26386
4 0.02703 0.30744
5 0.04165 0.33763
6 0.05791 0.3675
7 0.0755 0.4111
8 0.09419 0.44081
9 0.11385 0.47043
10 0.12979 0.5
11 0.14994 0.52957
12 0.17569 0.55919
13 0.18517 0.5889
14 0.22011 0.61022
15 0.23304 0.6325
16 0.26386 0.66237
17 0.28851 0.69256
18 0.30744 0.71149
19 0.33763 0.73614
20 0.3675 0.76696
21 0.38978 0.77989
22 0.4111 0.81483
23 0.44081 0.82431
24 0.47043 0.85006
25 0.5 0.87021
26 0.52957 0.88615
27 0.55919 0.90581
28 0.5889 0.9245
29 0.6325 0.94209
30 0.66237 0.95835
31 0.69256 0.97297
32 0.73614 0.98542
33 0.77964 0.9948
34 0.82292 0.99959
35 0.87021 1
