Adjusted LCO Confidence Intervals for
n = 39 and Mean Coverage = 0.9900
Minimum Coverage = 0.9857 

0 0 0.11639
1 0.00037 0.16851
2 0.00465 0.20853
3 0.01304 0.23701
4 0.02415 0.27547
5 0.03718 0.3088
6 0.05166 0.34137
7 0.0673 0.36808
8 0.08391 0.39463
9 0.10136 0.43025
10 0.11639 0.46028
11 0.13224 0.48676
12 0.15572 0.51324
13 0.16852 0.53972
14 0.19429 0.56552
15 0.20853 0.58358
16 0.2364 0.60537
17 0.24862 0.63192
18 0.27547 0.65863
19 0.30081 0.6876
20 0.3124 0.69919
21 0.34137 0.72453
22 0.36808 0.75138
23 0.39463 0.7636
24 0.41642 0.79147
25 0.43448 0.80571
26 0.46028 0.83148
27 0.48676 0.84428
28 0.51324 0.86776
29 0.53972 0.88361
30 0.56975 0.89864
31 0.60537 0.91609
32 0.63192 0.9327
33 0.65863 0.94834
34 0.6912 0.96282
35 0.72453 0.97585
36 0.76299 0.98696
37 0.79147 0.99535
38 0.83149 0.99963
39 0.88361 1
