Adjusted LCO Confidence Intervals for
n = 70 and Mean Coverage = 0.9500
Minimum Coverage = 0.9385 

0 0 0.04804
1 0.00091 0.07619
2 0.00574 0.09792
3 0.01284 0.11324
4 0.02118 0.13445
5 0.03033 0.15562
6 0.04005 0.17043
7 0.04805 0.19153
8 0.05688 0.20619
9 0.0701 0.22729
10 0.07619 0.24186
11 0.09116 0.25637
12 0.09792 0.27085
13 0.11324 0.29198
14 0.11907 0.30643
15 0.13445 0.32085
16 0.14638 0.33525
17 0.15562 0.34963
18 0.17043 0.37087
19 0.18153 0.38525
20 0.19153 0.39962
21 0.20619 0.41398
22 0.22024 0.42833
23 0.22729 0.44267
24 0.24186 0.457
25 0.25638 0.47134
26 0.27085 0.48567
27 0.28037 0.5
28 0.29199 0.51433
29 0.30643 0.52866
30 0.32085 0.54299
31 0.33525 0.55733
32 0.34963 0.57167
33 0.36048 0.58602
34 0.37087 0.60038
35 0.38525 0.61475
36 0.39962 0.62913
37 0.41398 0.63952
38 0.42833 0.65037
39 0.44267 0.66475
40 0.45701 0.67915
41 0.47134 0.69357
42 0.48567 0.70801
43 0.5 0.71963
44 0.51433 0.72915
45 0.52866 0.74362
46 0.543 0.75814
47 0.55733 0.77271
48 0.57167 0.77976
49 0.58602 0.79381
50 0.60038 0.80847
51 0.61475 0.81847
52 0.62913 0.82957
53 0.65037 0.84438
54 0.66475 0.85362
55 0.67915 0.86555
56 0.69357 0.88093
57 0.70802 0.88676
58 0.72915 0.90208
59 0.74363 0.90884
60 0.75814 0.92381
61 0.77271 0.9299
62 0.79381 0.94312
63 0.80847 0.95195
64 0.82957 0.95995
65 0.84438 0.96967
66 0.86555 0.97882
67 0.88676 0.98716
68 0.90208 0.99426
69 0.92381 0.99909
70 0.95196 1
