Adjusted LCO Confidence Intervals for
n = 42 and Mean Coverage = 0.9000
Minimum Coverage = 0.8775 

0 0 0.06118
1 0.00311 0.09719
2 0.0144 0.13243
3 0.02906 0.16748
4 0.04546 0.19192
5 0.06118 0.22682
6 0.07217 0.25095
7 0.09719 0.27706
8 0.10244 0.30991
9 0.13243 0.33382
10 0.14726 0.35765
11 0.16748 0.38144
12 0.19192 0.40519
13 0.20432 0.42892
14 0.22682 0.45631
15 0.25095 0.48289
16 0.27424 0.50716
17 0.28608 0.52912
18 0.30991 0.55021
19 0.33382 0.57108
20 0.35766 0.5948
21 0.38144 0.61856
22 0.4052 0.64234
23 0.42892 0.66618
24 0.44979 0.69009
25 0.47088 0.71392
26 0.49284 0.72576
27 0.51711 0.74905
28 0.54369 0.77318
29 0.57108 0.79568
30 0.59481 0.80808
31 0.61856 0.83252
32 0.64235 0.85274
33 0.66618 0.86757
34 0.69009 0.89756
35 0.72294 0.90281
36 0.74905 0.92783
37 0.77318 0.93882
38 0.80808 0.95454
39 0.83252 0.97094
40 0.86757 0.9856
41 0.90281 0.99689
42 0.93882 1
