Adjusted LCO Confidence Intervals for
n = 99 and Mean Coverage = 0.9000
Minimum Coverage = 0.8832 

0 0 0.03009
1 0.00126 0.04571
2 0.00592 0.06087
3 0.012 0.07588
4 0.0188 0.08645
5 0.02604 0.10133
6 0.0301 0.11173
7 0.03963 0.12658
8 0.04571 0.13689
9 0.05444 0.15174
10 0.06087 0.162
11 0.07079 0.17223
12 0.07588 0.18709
13 0.08645 0.1973
14 0.09343 0.20749
15 0.10133 0.21766
16 0.11173 0.23254
17 0.11816 0.2427
18 0.12658 0.25286
19 0.13689 0.263
20 0.14569 0.27313
21 0.15174 0.28805
22 0.162 0.29818
23 0.17223 0.30831
24 0.18074 0.31843
25 0.18709 0.32854
26 0.1973 0.33864
27 0.20749 0.34875
28 0.21766 0.36023
29 0.22481 0.37385
30 0.23254 0.38395
31 0.2427 0.39405
32 0.25286 0.40415
33 0.263 0.41424
34 0.27313 0.42434
35 0.28036 0.43443
36 0.28806 0.44452
37 0.29819 0.45461
38 0.30831 0.4647
39 0.31843 0.47478
40 0.32854 0.48487
41 0.33865 0.49496
42 0.34875 0.50504
43 0.35819 0.51513
44 0.36476 0.52522
45 0.37385 0.5353
46 0.38395 0.54539
47 0.39405 0.55548
48 0.40415 0.56557
49 0.41424 0.57566
50 0.42434 0.58576
51 0.43443 0.59585
52 0.44452 0.60595
53 0.45461 0.61605
54 0.4647 0.62615
55 0.47478 0.63524
56 0.48487 0.64181
57 0.49496 0.65125
58 0.50504 0.66135
59 0.51513 0.67146
60 0.52522 0.68157
61 0.5353 0.69169
62 0.54539 0.70181
63 0.55548 0.71194
64 0.56557 0.71964
65 0.57566 0.72687
66 0.58576 0.737
67 0.59585 0.74714
68 0.60595 0.7573
69 0.61605 0.76746
70 0.62615 0.77519
71 0.63977 0.78234
72 0.65125 0.79251
73 0.66136 0.8027
74 0.67146 0.81291
75 0.68157 0.81926
76 0.69169 0.82777
77 0.70182 0.838
78 0.71195 0.84826
79 0.72687 0.85431
80 0.737 0.86311
81 0.74714 0.87342
82 0.7573 0.88184
83 0.76746 0.88827
84 0.78234 0.89867
85 0.79251 0.90657
86 0.8027 0.91355
87 0.81291 0.92412
88 0.82777 0.92921
89 0.838 0.93913
90 0.84826 0.94556
91 0.86311 0.95429
92 0.87342 0.96037
93 0.88827 0.9699
94 0.89867 0.97396
95 0.91355 0.9812
96 0.92412 0.988
97 0.93913 0.99408
98 0.95429 0.99874
99 0.96991 1
