Adjusted LCO Confidence Intervals for
n = 34 and Mean Coverage = 0.99900
Minimum Coverage = 0.99843 

0 0 0.18185
1 5e-05 0.24457
2 0.0017 0.29254
3 0.00675 0.33312
4 0.01483 0.37262
5 0.02533 0.40485
6 0.03778 0.44246
7 0.05186 0.484
8 0.06734 0.516
9 0.08405 0.54077
10 0.10185 0.56723
11 0.12066 0.59515
12 0.1404 0.62738
13 0.16101 0.66066
14 0.18185 0.67653
15 0.19542 0.70746
16 0.22544 0.72829
17 0.24457 0.75543
18 0.27171 0.77456
19 0.29254 0.80458
20 0.32347 0.81815
21 0.33934 0.83899
22 0.37262 0.8596
23 0.40485 0.87934
24 0.43277 0.89815
25 0.45923 0.91595
26 0.484 0.93266
27 0.516 0.94814
28 0.55754 0.96222
29 0.59515 0.97467
30 0.62738 0.98517
31 0.66688 0.99325
32 0.70746 0.9983
33 0.75543 0.99995
34 0.81815 1
