Adjusted LCO Confidence Intervals for
n = 30 and Mean Coverage = 0.9000
Minimum Coverage = 0.8679 

0 0 0.08522
1 0.00471 0.13538
2 0.02116 0.18454
3 0.0423 0.21879
4 0.06586 0.26754
5 0.08522 0.30117
6 0.10872 0.33456
7 0.13538 0.37406
8 0.16099 0.41693
9 0.18455 0.45018
10 0.21879 0.4834
11 0.24068 0.5166
12 0.26754 0.54981
13 0.30117 0.58307
14 0.33456 0.61342
15 0.36488 0.63512
16 0.38658 0.66544
17 0.41693 0.69883
18 0.45019 0.73246
19 0.4834 0.75932
20 0.5166 0.78121
21 0.54982 0.81545
22 0.58307 0.83901
23 0.62594 0.86462
24 0.66544 0.89128
25 0.69883 0.91478
26 0.73246 0.93414
27 0.78121 0.9577
28 0.81546 0.97884
29 0.86462 0.99529
30 0.91478 1
