Adjusted LCO Confidence Intervals for
n = 23 and Mean Coverage = 0.99900
Minimum Coverage = 0.99830 

0 0 0.25482
1 7e-05 0.32917
2 0.00264 0.40149
3 0.01039 0.45108
4 0.02284 0.5
5 0.03909 0.54892
6 0.0585 0.59851
7 0.08061 0.63561
8 0.1051 0.67083
9 0.13176 0.71349
10 0.16046 0.74518
11 0.19109 0.7764
12 0.2236 0.80891
13 0.25482 0.83954
14 0.28651 0.86824
15 0.32917 0.8949
16 0.36439 0.91939
17 0.40149 0.9415
18 0.45108 0.96091
19 0.5 0.97716
20 0.54892 0.98961
21 0.59851 0.99736
22 0.67083 0.99993
23 0.74518 1
