Adjusted LCO Confidence Intervals for
n = 73 and Mean Coverage = 0.99900
Minimum Coverage = 0.99864 

0 0 0.09427
1 2e-05 0.12324
2 0.00073 0.15114
3 0.00295 0.17282
4 0.00651 0.1942
5 0.01112 0.21541
6 0.01657 0.23038
7 0.0227 0.25136
8 0.02938 0.26788
9 0.03655 0.28694
10 0.04414 0.30145
11 0.0521 0.32235
12 0.06038 0.33676
13 0.06896 0.35113
14 0.07782 0.37205
15 0.08692 0.38636
16 0.09427 0.40063
17 0.10292 0.41488
18 0.11449 0.4291
19 0.12324 0.44516
20 0.13201 0.46264
21 0.14465 0.47867
22 0.15114 0.49289
23 0.16485 0.50711
24 0.17283 0.52133
25 0.18599 0.53456
26 0.1942 0.54587
27 0.20826 0.55808
28 0.21541 0.5709
29 0.23038 0.58512
30 0.2396 0.59937
31 0.25136 0.61364
32 0.26553 0.62795
33 0.27173 0.63893
34 0.28694 0.6489
35 0.30146 0.66324
36 0.31046 0.67765
37 0.32235 0.68954
38 0.33676 0.69854
39 0.3511 0.71306
40 0.36107 0.72827
41 0.37205 0.73447
42 0.38636 0.74864
43 0.40063 0.7604
44 0.41488 0.76962
45 0.4291 0.78459
46 0.44192 0.79174
47 0.45413 0.8058
48 0.46544 0.81401
49 0.47867 0.82717
50 0.49289 0.83515
51 0.50711 0.84886
52 0.52133 0.85535
53 0.53736 0.86799
54 0.55484 0.87676
55 0.5709 0.88551
56 0.58512 0.89708
57 0.59937 0.90573
58 0.61364 0.91308
59 0.62795 0.92218
60 0.64887 0.93104
61 0.66324 0.93962
62 0.67765 0.9479
63 0.69855 0.95586
64 0.71306 0.96345
65 0.73212 0.97062
66 0.74864 0.9773
67 0.76962 0.98343
68 0.78459 0.98888
69 0.8058 0.99349
70 0.82718 0.99705
71 0.84886 0.99927
72 0.87676 0.99998
73 0.90573 1
