Adjusted LCO Confidence Intervals for
n = 94 and Mean Coverage = 0.9500
Minimum Coverage = 0.9398 

0 0 0.03582
1 0.00066 0.05679
2 0.00422 0.07299
3 0.00946 0.08896
4 0.01561 0.10024
5 0.02236 0.116
6 0.02953 0.13174
7 0.03582 0.14276
8 0.04141 0.15846
9 0.05149 0.16938
10 0.05679 0.18508
11 0.06666 0.19595
12 0.07299 0.20678
13 0.08302 0.22248
14 0.08896 0.23328
15 0.10024 0.24406
16 0.10381 0.25482
17 0.116 0.27055
18 0.12507 0.2813
19 0.13174 0.29203
20 0.14276 0.30275
21 0.15127 0.31346
22 0.15846 0.32924
23 0.16938 0.33995
24 0.1796 0.35065
25 0.18508 0.36135
26 0.19595 0.37203
27 0.20678 0.38271
28 0.21631 0.39339
29 0.22248 0.40406
30 0.23328 0.41506
31 0.24406 0.43063
32 0.25482 0.4413
33 0.26269 0.45198
34 0.27055 0.46265
35 0.2813 0.47332
36 0.29203 0.484
37 0.30275 0.49466
38 0.31346 0.50533
39 0.32165 0.516
40 0.32925 0.52668
41 0.33995 0.53735
42 0.35065 0.54802
43 0.36135 0.55869
44 0.37203 0.56937
45 0.38272 0.57668
46 0.39339 0.5855
47 0.40406 0.59594
48 0.4145 0.60661
49 0.42332 0.61728
50 0.43063 0.62797
51 0.44131 0.63865
52 0.45198 0.64935
53 0.46265 0.66005
54 0.47332 0.67075
55 0.484 0.67835
56 0.49467 0.68654
57 0.50534 0.69725
58 0.516 0.70797
59 0.52668 0.7187
60 0.53735 0.72945
61 0.54802 0.73731
62 0.5587 0.74518
63 0.56937 0.75594
64 0.58494 0.76672
65 0.59594 0.77752
66 0.60661 0.78369
67 0.61729 0.79322
68 0.62797 0.80405
69 0.63865 0.81492
70 0.64935 0.8204
71 0.66005 0.83062
72 0.67076 0.84154
73 0.68654 0.84873
74 0.69725 0.85724
75 0.70797 0.86826
76 0.7187 0.87493
77 0.72945 0.884
78 0.74518 0.89619
79 0.75594 0.89976
80 0.76672 0.91104
81 0.77752 0.91698
82 0.79322 0.92701
83 0.80405 0.93334
84 0.81492 0.94321
85 0.83062 0.94851
86 0.84154 0.95859
87 0.85724 0.96418
88 0.86826 0.97047
89 0.884 0.97764
90 0.89976 0.98439
91 0.91104 0.99054
92 0.92701 0.99578
93 0.94321 0.99934
94 0.96418 1
