Adjusted LCO Confidence Intervals for
n = 60 and Mean Coverage = 0.99900
Minimum Coverage = 0.99858 

0 0 0.11507
1 2e-05 0.15045
2 0.00091 0.17747
3 0.00365 0.20383
4 0.00804 0.22986
5 0.01373 0.25572
6 0.02045 0.27387
7 0.02801 0.29952
8 0.03627 0.31736
9 0.04514 0.343
10 0.05453 0.36066
11 0.06439 0.37824
12 0.07467 0.39714
13 0.08532 0.4215
14 0.09634 0.43899
15 0.10767 0.45644
16 0.11507 0.47387
17 0.12895 0.49129
18 0.14255 0.50871
19 0.15045 0.52613
20 0.16614 0.54356
21 0.17748 0.56101
22 0.19072 0.5785
23 0.20383 0.59179
24 0.21716 0.6051
25 0.22986 0.62176
26 0.24557 0.63934
27 0.25572 0.657
28 0.27387 0.66839
29 0.28624 0.68264
30 0.29953 0.70047
31 0.31736 0.71376
32 0.33161 0.72613
33 0.343 0.74428
34 0.36066 0.75443
35 0.37824 0.77014
36 0.3949 0.78284
37 0.40821 0.79617
38 0.4215 0.80928
39 0.43899 0.82252
40 0.45644 0.83386
41 0.47387 0.84955
42 0.49129 0.85745
43 0.50871 0.87105
44 0.52613 0.88493
45 0.54356 0.89233
46 0.56101 0.90366
47 0.5785 0.91468
48 0.60286 0.92533
49 0.62176 0.93561
50 0.63934 0.94547
51 0.657 0.95486
52 0.68264 0.96373
53 0.70048 0.97199
54 0.72613 0.97955
55 0.74428 0.98627
56 0.77014 0.99196
57 0.79617 0.99635
58 0.82253 0.99909
59 0.84955 0.99998
60 0.88493 1
