Adjusted LCO Confidence Intervals for
n = 58 and Mean Coverage = 0.9900
Minimum Coverage = 0.9869 

0 0 0.08491
1 0.00023 0.11305
2 0.00297 0.14713
3 0.00842 0.17362
4 0.01567 0.1923
5 0.02416 0.21832
6 0.03359 0.2443
7 0.04376 0.26241
8 0.05453 0.28037
9 0.06581 0.30626
10 0.07753 0.32409
11 0.08491 0.34185
12 0.0995 0.36782
13 0.11305 0.38553
14 0.12042 0.4032
15 0.13895 0.42084
16 0.14713 0.43846
17 0.16556 0.45606
18 0.17362 0.47364
19 0.19231 0.49121
20 0.20321 0.50879
21 0.21832 0.52636
22 0.23555 0.54394
23 0.2443 0.56154
24 0.26241 0.57915
25 0.28038 0.59679
26 0.29087 0.61447
27 0.30626 0.63218
28 0.3241 0.6442
29 0.34185 0.65815
30 0.3558 0.6759
31 0.36782 0.69374
32 0.38553 0.70913
33 0.40321 0.71962
34 0.42085 0.73759
35 0.43846 0.7557
36 0.45606 0.76445
37 0.47364 0.78168
38 0.49121 0.79679
39 0.50879 0.80769
40 0.52636 0.82638
41 0.54394 0.83444
42 0.56154 0.85287
43 0.57916 0.86105
44 0.5968 0.87958
45 0.61447 0.88695
46 0.63218 0.9005
47 0.65815 0.91509
48 0.67591 0.92247
49 0.69374 0.93419
50 0.71963 0.94547
51 0.73759 0.95624
52 0.7557 0.96641
53 0.78168 0.97584
54 0.8077 0.98433
55 0.82638 0.99158
56 0.85287 0.99703
57 0.88695 0.99977
58 0.91509 1
