Adjusted LCO Confidence Intervals for
n = 86 and Mean Coverage = 0.9500
Minimum Coverage = 0.9392 

0 0 0.03914
1 0.00073 0.06205
2 0.00464 0.07975
3 0.01039 0.0972
4 0.01714 0.10953
5 0.02454 0.12676
6 0.03241 0.14397
7 0.03914 0.15599
8 0.04565 0.17317
9 0.05656 0.1851
10 0.06206 0.19697
11 0.07333 0.21413
12 0.07975 0.22596
13 0.09139 0.23776
14 0.09721 0.25494
15 0.10953 0.26672
16 0.1159 0.27847
17 0.12676 0.29021
18 0.13812 0.3027
19 0.14397 0.31916
20 0.156 0.33088
21 0.16743 0.34258
22 0.17317 0.35428
23 0.1851 0.36596
24 0.19697 0.37764
25 0.20566 0.38972
26 0.21413 0.40665
27 0.22596 0.41833
28 0.23776 0.43001
29 0.24777 0.44168
30 0.25494 0.45334
31 0.26672 0.46501
32 0.27847 0.47668
33 0.29021 0.48834
34 0.30162 0.5
35 0.30825 0.51166
36 0.31917 0.52332
37 0.33088 0.53499
38 0.34258 0.54665
39 0.35428 0.55832
40 0.36596 0.56999
41 0.37764 0.58167
42 0.38906 0.59335
43 0.39807 0.60193
44 0.40665 0.61094
45 0.41833 0.62236
46 0.43001 0.63404
47 0.44168 0.64572
48 0.45335 0.65742
49 0.46501 0.66912
50 0.47668 0.68083
51 0.48834 0.69175
52 0.5 0.69838
53 0.51166 0.70979
54 0.52332 0.72153
55 0.53499 0.73328
56 0.54666 0.74506
57 0.55832 0.75223
58 0.56999 0.76224
59 0.58167 0.77404
60 0.59335 0.78587
61 0.61028 0.79434
62 0.62236 0.80303
63 0.63404 0.8149
64 0.64572 0.82683
65 0.65742 0.83257
66 0.66912 0.844
67 0.68084 0.85603
68 0.6973 0.86188
69 0.70979 0.87324
70 0.72153 0.8841
71 0.73328 0.89047
72 0.74506 0.90279
73 0.76224 0.90861
74 0.77404 0.92025
75 0.78587 0.92667
76 0.80303 0.93794
77 0.8149 0.94344
78 0.82683 0.95435
79 0.84401 0.96086
80 0.85603 0.96759
81 0.87324 0.97546
82 0.89047 0.98286
83 0.9028 0.98961
84 0.92025 0.99536
85 0.93795 0.99927
86 0.96086 1
