Adjusted LCO Confidence Intervals for
n = 55 and Mean Coverage = 0.99900
Minimum Coverage = 0.99856 

0 0 0.11845
1 3e-05 0.15683
2 0.001 0.19398
3 0.004 0.2228
4 0.00882 0.2513
5 0.01506 0.27132
6 0.02243 0.29945
7 0.03073 0.31904
8 0.03981 0.34711
9 0.04956 0.36647
10 0.05989 0.38572
11 0.07074 0.40731
12 0.08206 0.4331
13 0.09381 0.45225
14 0.10595 0.47136
15 0.11845 0.49046
16 0.12296 0.50954
17 0.14244 0.52864
18 0.15683 0.54775
19 0.16426 0.56689
20 0.1838 0.58201
21 0.19398 0.59661
22 0.21178 0.61428
23 0.2228 0.63353
24 0.24163 0.65289
25 0.2513 0.66589
26 0.27132 0.68096
27 0.2854 0.70054
28 0.29946 0.7146
29 0.31904 0.72868
30 0.33411 0.7487
31 0.34711 0.75837
32 0.36647 0.7772
33 0.38572 0.78822
34 0.40339 0.80602
35 0.41799 0.8162
36 0.43311 0.83574
37 0.45225 0.84317
38 0.47136 0.85756
39 0.49046 0.87704
40 0.50954 0.88155
41 0.52864 0.89405
42 0.54775 0.90619
43 0.5669 0.91794
44 0.59269 0.92926
45 0.61428 0.94011
46 0.63353 0.95044
47 0.65289 0.96019
48 0.68096 0.96927
49 0.70055 0.97757
50 0.72868 0.98494
51 0.7487 0.99118
52 0.7772 0.996
53 0.80602 0.999
54 0.84317 0.99997
55 0.88155 1
