Adjusted LCO Confidence Intervals for
n = 65 and Mean Coverage = 0.9000
Minimum Coverage = 0.8789 

0 0 0.03972
1 0.00198 0.06944
2 0.00922 0.09247
3 0.01862 0.10867
4 0.0291 0.13132
5 0.03972 0.14714
6 0.04459 0.16973
7 0.06171 0.18539
8 0.06944 0.20799
9 0.08523 0.22356
10 0.09247 0.23909
11 0.10867 0.25457
12 0.11877 0.27722
13 0.13132 0.29268
14 0.14714 0.30812
15 0.15613 0.32353
16 0.16973 0.33892
17 0.18539 0.35608
18 0.19926 0.37709
19 0.20799 0.39247
20 0.22357 0.40785
21 0.23909 0.42322
22 0.25457 0.43858
23 0.26486 0.45394
24 0.27722 0.4693
25 0.29268 0.48465
26 0.30812 0.5
27 0.32353 0.51535
28 0.33892 0.5307
29 0.35345 0.54606
30 0.36354 0.56142
31 0.37709 0.57678
32 0.39247 0.59215
33 0.40785 0.60753
34 0.42322 0.62291
35 0.43858 0.63646
36 0.45394 0.64655
37 0.4693 0.66108
38 0.48465 0.67647
39 0.5 0.69188
40 0.51535 0.70732
41 0.5307 0.72278
42 0.54606 0.73514
43 0.56142 0.74543
44 0.57678 0.76091
45 0.59215 0.77643
46 0.60753 0.79201
47 0.62291 0.80074
48 0.64392 0.81461
49 0.66108 0.83027
50 0.67647 0.84387
51 0.69188 0.85286
52 0.70732 0.86868
53 0.72278 0.88123
54 0.74543 0.89133
55 0.76091 0.90753
56 0.77644 0.91477
57 0.79201 0.93056
58 0.81461 0.93829
59 0.83027 0.95541
60 0.85286 0.96028
61 0.86868 0.9709
62 0.89133 0.98138
63 0.90753 0.99078
64 0.93056 0.99802
65 0.96028 1
