Adjusted LCO Confidence Intervals for
n = 66 and Mean Coverage = 0.99900
Minimum Coverage = 0.99865 

0 0 0.10443
1 2e-05 0.13653
2 0.00081 0.16106
3 0.00326 0.1874
4 0.0072 0.20856
5 0.01231 0.23198
6 0.01836 0.25532
7 0.02516 0.27225
8 0.03259 0.29489
9 0.04056 0.31102
10 0.04901 0.33422
11 0.05787 0.35022
12 0.0671 0.36614
13 0.07667 0.38942
14 0.08655 0.40529
15 0.09672 0.42113
16 0.10443 0.43694
17 0.11509 0.45273
18 0.12772 0.46849
19 0.13653 0.48425
20 0.14807 0.5
21 0.16106 0.51575
22 0.16822 0.5315
23 0.18464 0.54727
24 0.18832 0.56306
25 0.20856 0.57886
26 0.21568 0.59471
27 0.23198 0.61058
28 0.24358 0.62128
29 0.25532 0.63385
30 0.27148 0.64978
31 0.27963 0.66578
32 0.29489 0.67831
33 0.31102 0.68898
34 0.32169 0.70511
35 0.33422 0.72037
36 0.35022 0.72852
37 0.36615 0.74468
38 0.37872 0.75642
39 0.38942 0.76802
40 0.40529 0.78432
41 0.42114 0.79144
42 0.43694 0.81168
43 0.45273 0.81536
44 0.4685 0.83178
45 0.48425 0.83894
46 0.5 0.85193
47 0.51575 0.86347
48 0.53151 0.87228
49 0.54727 0.88491
50 0.56306 0.89557
51 0.57887 0.90328
52 0.59471 0.91345
53 0.61058 0.92333
54 0.63386 0.9329
55 0.64978 0.94213
56 0.66578 0.95099
57 0.68898 0.95944
58 0.70511 0.96741
59 0.72775 0.97484
60 0.74468 0.98164
61 0.76802 0.98769
62 0.79144 0.9928
63 0.8126 0.99674
64 0.83894 0.99919
65 0.86347 0.99998
66 0.89557 1
