Adjusted LCO Confidence Intervals for
n = 43 and Mean Coverage = 0.9900
Minimum Coverage = 0.9863 

0 0 0.10551
1 0.00032 0.15271
2 0.00411 0.18896
3 0.0116 0.22461
4 0.02155 0.24968
5 0.03323 0.28478
6 0.04621 0.30919
7 0.06022 0.34436
8 0.0751 0.36853
9 0.09071 0.39258
10 0.10551 0.41654
11 0.11641 0.44405
12 0.13883 0.47312
13 0.15272 0.5
14 0.17236 0.52198
15 0.18896 0.54179
16 0.20929 0.56219
17 0.22462 0.58346
18 0.24957 0.60742
19 0.2615 0.63146
20 0.28478 0.65564
21 0.30919 0.67429
22 0.32571 0.69081
23 0.34436 0.71522
24 0.36854 0.7385
25 0.39258 0.75043
26 0.41654 0.77538
27 0.43781 0.79071
28 0.45821 0.81104
29 0.47802 0.82764
30 0.5 0.84728
31 0.52688 0.86117
32 0.55595 0.88359
33 0.58346 0.89449
34 0.60742 0.90929
35 0.63147 0.9249
36 0.65564 0.93978
37 0.69081 0.95379
38 0.71522 0.96677
39 0.75032 0.97845
40 0.77539 0.9884
41 0.81104 0.99589
42 0.84729 0.99968
43 0.89449 1
