Adjusted LCO Confidence Intervals for
n = 67 and Mean Coverage = 0.9900
Minimum Coverage = 0.9869 

0 0 0.07346
1 2e-04 0.1039
2 0.00257 0.12727
3 0.00728 0.15017
4 0.01354 0.17285
5 0.02086 0.18884
6 0.02898 0.21126
7 0.03773 0.22745
8 0.04699 0.2493
9 0.05668 0.26481
10 0.06673 0.28716
11 0.07346 0.30257
12 0.08526 0.31793
13 0.0977 0.34032
14 0.1039 0.35564
15 0.11888 0.37091
16 0.12727 0.38616
17 0.14124 0.40138
18 0.15017 0.41802
19 0.16509 0.43916
20 0.17285 0.45438
21 0.18884 0.46959
22 0.19835 0.4848
23 0.21127 0.5
24 0.22681 0.5152
25 0.23336 0.5304
26 0.2493 0.54561
27 0.26481 0.56084
28 0.27532 0.57207
29 0.28716 0.58437
30 0.30258 0.59862
31 0.31793 0.61384
32 0.3299 0.62909
33 0.34032 0.64436
34 0.35564 0.65968
35 0.37091 0.6701
36 0.38616 0.68207
37 0.40138 0.69742
38 0.41563 0.71284
39 0.42793 0.72468
40 0.43916 0.73519
41 0.45439 0.7507
42 0.4696 0.76664
43 0.4848 0.77319
44 0.5 0.78873
45 0.5152 0.80165
46 0.53041 0.81116
47 0.54562 0.82715
48 0.56084 0.83491
49 0.58198 0.84983
50 0.59862 0.85876
51 0.61384 0.87273
52 0.62909 0.88112
53 0.64436 0.8961
54 0.65968 0.9023
55 0.68207 0.91474
56 0.69743 0.92654
57 0.71284 0.93327
58 0.73519 0.94332
59 0.7507 0.95301
60 0.77255 0.96227
61 0.78874 0.97102
62 0.81116 0.97914
63 0.82715 0.98646
64 0.84983 0.99272
65 0.87273 0.99743
66 0.8961 0.9998
67 0.92654 1
