Adjusted LCO Confidence Intervals for
n = 96 and Mean Coverage = 0.9900
Minimum Coverage = 0.9875 

0 0 0.05122
1 0.00013 0.07243
2 0.00175 0.08873
3 0.00498 0.10469
4 0.00927 0.12048
5 0.01429 0.13617
6 0.01986 0.15181
7 0.02586 0.16741
8 0.0322 0.17837
9 0.03883 0.19392
10 0.0457 0.20477
11 0.05122 0.2203
12 0.05754 0.23107
13 0.06651 0.24181
14 0.07243 0.25733
15 0.08014 0.26803
16 0.08873 0.2787
17 0.09393 0.29424
18 0.10469 0.30488
19 0.10875 0.31551
20 0.12048 0.32612
21 0.12577 0.3417
22 0.13617 0.35231
23 0.14389 0.3629
24 0.15181 0.37348
25 0.16229 0.38406
26 0.16742 0.39462
27 0.17837 0.40658
28 0.18742 0.42085
29 0.19392 0.43142
30 0.20477 0.44197
31 0.21408 0.45253
32 0.2203 0.46308
33 0.23108 0.47363
34 0.24181 0.48418
35 0.24813 0.49473
36 0.25733 0.50527
37 0.26803 0.51582
38 0.2787 0.52637
39 0.2859 0.53692
40 0.29424 0.54747
41 0.30488 0.55802
42 0.31551 0.56858
43 0.32613 0.57915
44 0.33412 0.58762
45 0.3417 0.59568
46 0.35231 0.60538
47 0.3629 0.61594
48 0.37348 0.62652
49 0.38406 0.6371
50 0.39462 0.64769
51 0.40432 0.6583
52 0.41238 0.66588
53 0.42085 0.67387
54 0.43142 0.68449
55 0.44198 0.69512
56 0.45253 0.70576
57 0.46308 0.7141
58 0.47363 0.7213
59 0.48418 0.73197
60 0.49473 0.74267
61 0.50527 0.75187
62 0.51582 0.75819
63 0.52637 0.76892
64 0.53692 0.7797
65 0.54747 0.78592
66 0.55803 0.79523
67 0.56858 0.80608
68 0.57915 0.81258
69 0.59342 0.82163
70 0.60538 0.83258
71 0.61594 0.83771
72 0.62652 0.84819
73 0.6371 0.85611
74 0.64769 0.86383
75 0.6583 0.87423
76 0.67388 0.87952
77 0.68449 0.89125
78 0.69512 0.89531
79 0.70576 0.90607
80 0.7213 0.91127
81 0.73197 0.91986
82 0.74267 0.92757
83 0.75819 0.93349
84 0.76893 0.94246
85 0.7797 0.94878
86 0.79523 0.9543
87 0.80608 0.96117
88 0.82163 0.9678
89 0.83259 0.97414
90 0.84819 0.98014
91 0.86383 0.98571
92 0.87952 0.99073
93 0.89531 0.99502
94 0.91127 0.99825
95 0.92757 0.99987
96 0.94878 1
