Adjusted LCO Confidence Intervals for
n = 62 and Mean Coverage = 0.9000
Minimum Coverage = 0.8779 

0 0 0.04162
1 0.0021 0.07277
2 0.00972 0.09691
3 0.0196 0.11388
4 0.03062 0.13762
5 0.04162 0.1542
6 0.04734 0.17788
7 0.06498 0.19429
8 0.07277 0.21062
9 0.08978 0.23431
10 0.09691 0.25058
11 0.11388 0.2668
12 0.12565 0.29056
13 0.13762 0.30676
14 0.1542 0.32294
15 0.1657 0.33909
16 0.17788 0.35522
17 0.19429 0.37134
18 0.21062 0.38745
19 0.21812 0.40454
20 0.23431 0.42751
21 0.25058 0.44363
22 0.2668 0.45974
23 0.28202 0.47584
24 0.29056 0.49195
25 0.30676 0.50805
26 0.32294 0.52415
27 0.33909 0.54026
28 0.35522 0.55637
29 0.37134 0.57248
30 0.38745 0.58428
31 0.4029 0.5971
32 0.41572 0.61255
33 0.42752 0.62866
34 0.44363 0.64478
35 0.45974 0.66091
36 0.47585 0.67706
37 0.49195 0.69324
38 0.50805 0.70944
39 0.52416 0.71798
40 0.54026 0.7332
41 0.55637 0.74942
42 0.57249 0.76569
43 0.59546 0.78188
44 0.61255 0.78938
45 0.62866 0.80571
46 0.64478 0.82212
47 0.66091 0.8343
48 0.67706 0.8458
49 0.69324 0.86238
50 0.70944 0.87435
51 0.7332 0.88612
52 0.74942 0.90309
53 0.76569 0.91022
54 0.78938 0.92723
55 0.80571 0.93502
56 0.82212 0.95266
57 0.8458 0.95838
58 0.86238 0.96938
59 0.88612 0.9804
60 0.90309 0.99028
61 0.92723 0.9979
62 0.95838 1
