Adjusted LCO Confidence Intervals for
n = 29 and Mean Coverage = 0.9500
Minimum Coverage = 0.9323 

0 0 0.10366
1 0.00241 0.16882
2 0.01472 0.22073
3 0.03264 0.25686
4 0.05369 0.29681
5 0.07683 0.3434
6 0.10154 0.37844
7 0.10691 0.41328
8 0.15007 0.44801
9 0.16882 0.48268
10 0.20475 0.51732
11 0.22073 0.55199
12 0.25686 0.58672
13 0.29082 0.62156
14 0.30856 0.6566
15 0.3434 0.69144
16 0.37844 0.70918
17 0.41328 0.74314
18 0.44801 0.77927
19 0.48268 0.79525
20 0.51732 0.83118
21 0.55199 0.84993
22 0.58672 0.89309
23 0.62156 0.89846
24 0.6566 0.92317
25 0.70319 0.94631
26 0.74314 0.96736
27 0.77927 0.98528
28 0.83118 0.99759
29 0.89634 1
