Adjusted LCO Confidence Intervals for
n = 48 and Mean Coverage = 0.9500
Minimum Coverage = 0.9374 

0 0 0.06993
1 0.00135 0.10237
2 0.00847 0.13376
3 0.01894 0.16483
4 0.03125 0.19578
5 0.04476 0.21738
6 0.05914 0.24822
7 0.06993 0.26956
8 0.08529 0.29077
9 0.10237 0.31347
10 0.11343 0.34278
11 0.13376 0.36384
12 0.14706 0.38486
13 0.16483 0.40584
14 0.18441 0.42679
15 0.19578 0.44772
16 0.21738 0.46864
17 0.23729 0.48955
18 0.24822 0.51045
19 0.26956 0.53136
20 0.29077 0.55228
21 0.31124 0.57321
22 0.32354 0.59416
23 0.34278 0.61514
24 0.36384 0.63616
25 0.38486 0.65722
26 0.40584 0.67646
27 0.42679 0.68876
28 0.44772 0.70923
29 0.46864 0.73044
30 0.48955 0.75178
31 0.51045 0.76271
32 0.53136 0.78262
33 0.55228 0.80422
34 0.57321 0.81559
35 0.59416 0.83517
36 0.61514 0.85294
37 0.63616 0.86624
38 0.65722 0.88657
39 0.68653 0.89763
40 0.70923 0.91471
41 0.73044 0.93007
42 0.75178 0.94086
43 0.78262 0.95524
44 0.80422 0.96875
45 0.83517 0.98106
46 0.86624 0.99153
47 0.89763 0.99865
48 0.93007 1
