Adjusted LCO Confidence Intervals for
n = 25 and Mean Coverage = 0.9900
Minimum Coverage = 0.9850 

0 0 0.16945
1 6e-04 0.24727
2 0.00749 0.29911
3 0.02096 0.35321
4 0.03886 0.39563
5 0.05995 0.44377
6 0.08352 0.49128
7 0.10914 0.53093
8 0.13652 0.56689
9 0.16545 0.60437
10 0.17645 0.64678
11 0.22371 0.69105
12 0.24727 0.71055
13 0.28945 0.75273
14 0.30895 0.77629
15 0.35322 0.82355
16 0.39563 0.83455
17 0.43311 0.86348
18 0.46907 0.89086
19 0.50872 0.91648
20 0.55623 0.94005
21 0.60437 0.96114
22 0.64679 0.97904
23 0.70089 0.99251
24 0.75273 0.9994
25 0.83055 1
