Adjusted LCO Confidence Intervals for
n = 42 and Mean Coverage = 0.9500
Minimum Coverage = 0.9362 

0 0 0.07985
1 0.00157 0.11689
2 0.00979 0.15274
3 0.02185 0.18825
4 0.03602 0.21307
5 0.05158 0.2483
6 0.06815 0.27271
7 0.07985 0.30357
8 0.09894 0.33221
9 0.11689 0.35633
10 0.13287 0.38037
11 0.15274 0.40436
12 0.17228 0.4283
13 0.18825 0.45447
14 0.21307 0.48081
15 0.22865 0.5053
16 0.2483 0.52793
17 0.27271 0.54957
18 0.29536 0.5717
19 0.30473 0.59564
20 0.33221 0.61963
21 0.35633 0.64367
22 0.38037 0.66779
23 0.40436 0.69527
24 0.4283 0.70464
25 0.45043 0.72729
26 0.47207 0.7517
27 0.4947 0.77135
28 0.51919 0.78693
29 0.54553 0.81175
30 0.5717 0.82772
31 0.59564 0.84726
32 0.61963 0.86713
33 0.64367 0.88311
34 0.66779 0.90106
35 0.69643 0.92015
36 0.72729 0.93185
37 0.7517 0.94842
38 0.78693 0.96398
39 0.81175 0.97815
40 0.84726 0.99021
41 0.88311 0.99843
42 0.92015 1
