Adjusted LCO Confidence Intervals for
n = 99 and Mean Coverage = 0.9500
Minimum Coverage = 0.9408 

0 0 0.03402
1 0.00062 0.05393
2 0.00396 0.06931
3 0.00891 0.08448
4 0.01473 0.09954
5 0.02112 0.11016
6 0.0279 0.12511
7 0.03402 0.13557
8 0.0389 0.15048
9 0.04861 0.16085
10 0.05393 0.17575
11 0.06287 0.18607
12 0.06931 0.19636
13 0.07826 0.21126
14 0.08448 0.22152
15 0.09479 0.23176
16 0.09954 0.24668
17 0.11016 0.2569
18 0.11758 0.26711
19 0.12511 0.2773
20 0.13557 0.29226
21 0.14181 0.30245
22 0.15048 0.31263
23 0.16085 0.32279
24 0.16861 0.33295
25 0.17576 0.34311
26 0.18607 0.35325
27 0.19636 0.36828
28 0.20205 0.37843
29 0.21127 0.38858
30 0.22152 0.39872
31 0.23176 0.40886
32 0.23976 0.41899
33 0.24669 0.42912
34 0.25691 0.43925
35 0.26711 0.44938
36 0.2773 0.45951
37 0.28673 0.46963
38 0.29226 0.47975
39 0.30245 0.48988
40 0.31263 0.5
41 0.32279 0.51012
42 0.33295 0.52025
43 0.34311 0.53037
44 0.35325 0.54049
45 0.3605 0.55062
46 0.36828 0.56075
47 0.37843 0.57088
48 0.38858 0.58101
49 0.39872 0.59114
50 0.40886 0.60128
51 0.41899 0.61142
52 0.42912 0.62157
53 0.43925 0.63172
54 0.44938 0.6395
55 0.45951 0.64675
56 0.46963 0.65689
57 0.47975 0.66705
58 0.48988 0.67721
59 0.5 0.68737
60 0.51012 0.69755
61 0.52025 0.70774
62 0.53037 0.71327
63 0.54049 0.7227
64 0.55062 0.73289
65 0.56075 0.74309
66 0.57088 0.75331
67 0.58101 0.76024
68 0.59114 0.76824
69 0.60128 0.77848
70 0.61142 0.78873
71 0.62157 0.79795
72 0.63172 0.80364
73 0.64675 0.81393
74 0.65689 0.82424
75 0.66705 0.83139
76 0.67721 0.83915
77 0.68737 0.84952
78 0.69755 0.85819
79 0.70774 0.86443
80 0.7227 0.87489
81 0.73289 0.88242
82 0.7431 0.88984
83 0.75332 0.90046
84 0.76824 0.90521
85 0.77848 0.91552
86 0.78874 0.92174
87 0.80364 0.93069
88 0.81393 0.93713
89 0.82425 0.94607
90 0.83915 0.95139
91 0.84952 0.9611
92 0.86443 0.96598
93 0.87489 0.9721
94 0.88984 0.97888
95 0.90046 0.98527
96 0.91552 0.99109
97 0.93069 0.99604
98 0.94607 0.99938
99 0.96598 1
