Adjusted LCO Confidence Intervals for
n = 79 and Mean Coverage = 0.9500
Minimum Coverage = 0.9394 

0 0 0.04259
1 0.00079 0.06753
2 0.00504 0.0868
3 0.0113 0.10579
4 0.01866 0.11919
5 0.02672 0.13795
6 0.03529 0.15108
7 0.0426 0.16977
8 0.04981 0.18277
9 0.06167 0.20145
10 0.06754 0.21437
11 0.08004 0.22969
12 0.0868 0.24594
13 0.09983 0.25878
14 0.10579 0.27158
15 0.11919 0.29032
16 0.12734 0.30311
17 0.13795 0.31588
18 0.15108 0.32864
19 0.15589 0.34138
20 0.16977 0.35445
21 0.18277 0.37293
22 0.19017 0.38567
23 0.20145 0.39839
24 0.21437 0.4111
25 0.22682 0.42382
26 0.23062 0.43652
27 0.24594 0.44922
28 0.25878 0.46192
29 0.27159 0.47461
30 0.28224 0.48731
31 0.29032 0.5
32 0.30311 0.51269
33 0.31588 0.52539
34 0.32864 0.53808
35 0.34138 0.55078
36 0.35392 0.56348
37 0.36283 0.57618
38 0.37294 0.58889
39 0.38567 0.60161
40 0.39839 0.61433
41 0.41111 0.62706
42 0.42382 0.63717
43 0.43652 0.64608
44 0.44922 0.65862
45 0.46192 0.67136
46 0.47461 0.68412
47 0.48731 0.69689
48 0.5 0.70968
49 0.51269 0.71776
50 0.52539 0.72841
51 0.53808 0.74122
52 0.55078 0.75406
53 0.56348 0.76938
54 0.57618 0.77318
55 0.5889 0.78563
56 0.60161 0.79855
57 0.61433 0.80983
58 0.62707 0.81723
59 0.64555 0.83023
60 0.65862 0.84411
61 0.67136 0.84892
62 0.68412 0.86205
63 0.69689 0.87266
64 0.70968 0.88081
65 0.72842 0.89421
66 0.74122 0.90017
67 0.75406 0.9132
68 0.77031 0.91996
69 0.78563 0.93246
70 0.79855 0.93833
71 0.81723 0.95019
72 0.83023 0.9574
73 0.84892 0.96471
74 0.86205 0.97328
75 0.88081 0.98134
76 0.89421 0.9887
77 0.9132 0.99496
78 0.93247 0.99921
79 0.95741 1
