Adjusted LCO Confidence Intervals for
n = 91 and Mean Coverage = 0.9900
Minimum Coverage = 0.9876 

0 0 0.05404
1 0.00014 0.07642
2 0.00184 0.09362
3 0.00524 0.11045
4 0.00976 0.12711
5 0.01506 0.14367
6 0.02094 0.16018
7 0.02727 0.17179
8 0.03396 0.18821
9 0.04096 0.20462
10 0.04822 0.21607
11 0.05404 0.22745
12 0.06077 0.24383
13 0.07023 0.25516
14 0.07642 0.27155
15 0.08471 0.28284
16 0.09362 0.29409
17 0.09948 0.30532
18 0.11046 0.32175
19 0.11549 0.33296
20 0.12711 0.34416
21 0.13351 0.35535
22 0.14368 0.36662
23 0.15258 0.38301
24 0.16018 0.39418
25 0.1718 0.40534
26 0.17636 0.41649
27 0.18821 0.42764
28 0.19896 0.43878
29 0.20462 0.44992
30 0.21607 0.46105
31 0.22745 0.47218
32 0.23263 0.48331
33 0.24383 0.49444
34 0.25516 0.50556
35 0.26509 0.51669
36 0.27155 0.52782
37 0.28284 0.53895
38 0.29409 0.55008
39 0.30533 0.56122
40 0.3127 0.57236
41 0.32175 0.5835
42 0.33296 0.59466
43 0.34416 0.60582
44 0.35535 0.61699
45 0.36646 0.62538
46 0.37462 0.63354
47 0.38301 0.64465
48 0.39418 0.65584
49 0.40534 0.66704
50 0.4165 0.67825
51 0.42764 0.6873
52 0.43878 0.69467
53 0.44992 0.70591
54 0.46105 0.71716
55 0.47218 0.72845
56 0.48331 0.73491
57 0.49444 0.74484
58 0.50556 0.75617
59 0.51669 0.76737
60 0.52782 0.77255
61 0.53895 0.78393
62 0.55008 0.79538
63 0.56122 0.80104
64 0.57236 0.81179
65 0.58351 0.82364
66 0.59466 0.8282
67 0.60582 0.83982
68 0.61699 0.84742
69 0.63338 0.85632
70 0.64465 0.86649
71 0.65584 0.87289
72 0.66704 0.88451
73 0.67825 0.88954
74 0.69468 0.90052
75 0.70591 0.90638
76 0.71716 0.91529
77 0.72845 0.92358
78 0.74484 0.92977
79 0.75617 0.93923
80 0.77255 0.94596
81 0.78393 0.95178
82 0.79538 0.95904
83 0.81179 0.96604
84 0.82821 0.97273
85 0.83982 0.97906
86 0.85633 0.98494
87 0.87289 0.99024
88 0.88955 0.99476
89 0.90638 0.99816
90 0.92358 0.99986
91 0.94596 1
