Adjusted LCO Confidence Intervals for
n = 61 and Mean Coverage = 0.99900
Minimum Coverage = 0.99862 

0 0 0.11315
1 2e-05 0.14793
2 0.00088 0.17451
3 0.00355 0.20042
4 0.00784 0.22601
5 0.01341 0.25143
6 0.01999 0.26986
7 0.02739 0.29449
8 0.03549 0.31247
9 0.04417 0.33721
10 0.05338 0.35458
11 0.06304 0.37252
12 0.07311 0.39711
13 0.08356 0.41434
14 0.09435 0.43152
15 0.10546 0.44867
16 0.11315 0.46579
17 0.12609 0.4829
18 0.13956 0.5
19 0.14793 0.5171
20 0.16247 0.53421
21 0.17451 0.55133
22 0.18621 0.56848
23 0.20042 0.58566
24 0.21188 0.60288
25 0.22601 0.61605
26 0.23982 0.62852
27 0.25143 0.64542
28 0.26908 0.66279
29 0.27786 0.67777
30 0.29449 0.68817
31 0.31183 0.70551
32 0.32223 0.72214
33 0.33721 0.73092
34 0.35458 0.74857
35 0.37148 0.76018
36 0.38395 0.77399
37 0.39712 0.78812
38 0.41434 0.79958
39 0.43152 0.81379
40 0.44867 0.82549
41 0.46579 0.83753
42 0.4829 0.85207
43 0.5 0.86044
44 0.5171 0.87391
45 0.53421 0.88685
46 0.55133 0.89454
47 0.56848 0.90565
48 0.58566 0.91644
49 0.60289 0.92689
50 0.62748 0.93696
51 0.64542 0.94662
52 0.66279 0.95583
53 0.68753 0.96451
54 0.70551 0.97261
55 0.73014 0.98001
56 0.74857 0.98659
57 0.77399 0.99216
58 0.79958 0.99645
59 0.82549 0.99912
60 0.85207 0.99998
61 0.88685 1
