Adjusted LCO Confidence Intervals for
n = 41 and Mean Coverage = 0.9000
Minimum Coverage = 0.8783 

0 0 0.06266
1 0.00316 0.09961
2 0.01469 0.13562
3 0.0297 0.17152
4 0.04648 0.19654
5 0.06266 0.2323
6 0.07373 0.257
7 0.09952 0.28156
8 0.10438 0.31741
9 0.13562 0.34189
10 0.15084 0.36631
11 0.17152 0.39067
12 0.19654 0.415
13 0.20983 0.43931
14 0.2323 0.46359
15 0.257 0.48786
16 0.28156 0.51214
17 0.29558 0.53641
18 0.31741 0.56069
19 0.34189 0.585
20 0.36631 0.60932
21 0.39068 0.63369
22 0.415 0.65811
23 0.43931 0.68259
24 0.46359 0.70442
25 0.48786 0.71844
26 0.51214 0.743
27 0.53641 0.7677
28 0.56069 0.79017
29 0.585 0.80346
30 0.60933 0.82848
31 0.63369 0.84916
32 0.65811 0.86438
33 0.68259 0.89562
34 0.71844 0.90048
35 0.743 0.92627
36 0.7677 0.93734
37 0.80346 0.95352
38 0.82848 0.9703
39 0.86438 0.98531
40 0.90039 0.99684
41 0.93734 1
