Adjusted LCO Confidence Intervals for
n = 27 and Mean Coverage = 0.9000
Minimum Coverage = 0.8719 

0 0 0.09451
1 0.00506 0.15014
2 0.02308 0.20472
3 0.0464 0.24266
4 0.07248 0.29686
5 0.09451 0.33416
6 0.11989 0.37122
7 0.15014 0.40811
8 0.1786 0.4449
9 0.20472 0.48273
10 0.24266 0.51937
11 0.27028 0.5551
12 0.29686 0.59189
13 0.33416 0.62878
14 0.37122 0.66584
15 0.40811 0.70314
16 0.4449 0.72972
17 0.48063 0.75734
18 0.51727 0.79528
19 0.5551 0.8214
20 0.59189 0.84986
21 0.62878 0.88011
22 0.66584 0.90549
23 0.70314 0.92752
24 0.75734 0.9536
25 0.79528 0.97692
26 0.84986 0.99494
27 0.90549 1
