Adjusted LCO Confidence Intervals for
n = 53 and Mean Coverage = 0.9900
Minimum Coverage = 0.9870 

0 0 0.09297
1 0.00025 0.12376
2 0.00324 0.15311
3 0.00921 0.18195
4 0.01715 0.21056
5 0.02647 0.23908
6 0.03682 0.259
7 0.04798 0.28741
8 0.05982 0.30707
9 0.07223 0.32662
10 0.08514 0.35505
11 0.09297 0.37451
12 0.10957 0.39391
13 0.12376 0.41326
14 0.13377 0.43257
15 0.15311 0.4525
16 0.15942 0.47371
17 0.18195 0.49396
18 0.19188 0.513
19 0.21056 0.5311
20 0.22654 0.54867
21 0.23908 0.56743
22 0.259 0.58674
23 0.27413 0.60609
24 0.28741 0.62549
25 0.30707 0.64495
26 0.32662 0.65965
27 0.34035 0.67338
28 0.35505 0.69293
29 0.37451 0.71259
30 0.39391 0.72587
31 0.41326 0.741
32 0.43257 0.76092
33 0.45133 0.77346
34 0.4689 0.78944
35 0.487 0.80812
36 0.50604 0.81805
37 0.52629 0.84058
38 0.5475 0.84689
39 0.56743 0.86623
40 0.58674 0.87624
41 0.60609 0.89043
42 0.62549 0.90703
43 0.64495 0.91486
44 0.67338 0.92777
45 0.69293 0.94018
46 0.71259 0.95202
47 0.741 0.96318
48 0.76092 0.97353
49 0.78944 0.98285
50 0.81805 0.99079
51 0.84689 0.99676
52 0.87624 0.99975
53 0.90703 1
