Adjusted LCO Confidence Intervals for
n = 99 and Mean Coverage = 0.9900
Minimum Coverage = 0.9878 

0 0 0.04966
1 0.00012 0.07023
2 0.00168 0.08604
3 0.00478 0.10575
4 0.00893 0.11682
5 0.01378 0.13203
6 0.01916 0.14719
7 0.02495 0.16232
8 0.03108 0.17295
9 0.03749 0.18802
10 0.04413 0.19854
11 0.04966 0.21359
12 0.05537 0.22404
13 0.06418 0.23909
14 0.07023 0.24949
15 0.07717 0.25987
16 0.08604 0.27492
17 0.08997 0.28527
18 0.10139 0.29559
19 0.10575 0.3059
20 0.11682 0.32098
21 0.11999 0.33128
22 0.13204 0.34156
23 0.13823 0.35183
24 0.1472 0.36209
25 0.1563 0.37723
26 0.16232 0.38749
27 0.17295 0.39774
28 0.18006 0.40798
29 0.18802 0.41822
30 0.19854 0.42845
31 0.20549 0.43868
32 0.21359 0.44891
33 0.22404 0.45913
34 0.23292 0.46935
35 0.23909 0.47957
36 0.2495 0.48978
37 0.25987 0.5
38 0.26812 0.51022
39 0.27492 0.52043
40 0.28527 0.53065
41 0.29559 0.54087
42 0.3059 0.55109
43 0.31262 0.56132
44 0.32099 0.57155
45 0.33128 0.58178
46 0.34156 0.59202
47 0.35183 0.60226
48 0.36209 0.61251
49 0.3701 0.62277
50 0.37723 0.6299
51 0.38749 0.63791
52 0.39774 0.64817
53 0.40798 0.65844
54 0.41822 0.66872
55 0.42845 0.67901
56 0.43868 0.68738
57 0.44891 0.6941
58 0.45913 0.70441
59 0.46935 0.71473
60 0.47957 0.72508
61 0.48978 0.73188
62 0.5 0.74013
63 0.51022 0.7505
64 0.52043 0.76091
65 0.53065 0.76708
66 0.54087 0.77596
67 0.55109 0.78641
68 0.56132 0.79451
69 0.57155 0.80146
70 0.58178 0.81198
71 0.59202 0.81994
72 0.60226 0.82705
73 0.61251 0.83768
74 0.62277 0.8437
75 0.63791 0.8528
76 0.64817 0.86177
77 0.65844 0.86796
78 0.66872 0.88001
79 0.67902 0.88318
80 0.6941 0.89425
81 0.70441 0.89861
82 0.71473 0.91003
83 0.72508 0.91396
84 0.74013 0.92283
85 0.75051 0.92977
86 0.76091 0.93582
87 0.77596 0.94463
88 0.78641 0.95034
89 0.80146 0.95587
90 0.81198 0.96251
91 0.82705 0.96892
92 0.83768 0.97505
93 0.85281 0.98084
94 0.86797 0.98622
95 0.88318 0.99107
96 0.89425 0.99522
97 0.91396 0.99832
98 0.92977 0.99988
99 0.95034 1
