Adjusted LCO Confidence Intervals for
n = 88 and Mean Coverage = 0.99900
Minimum Coverage = 0.99869 

0 0 0.07802
1 2e-05 0.10659
2 6e-04 0.12504
3 0.0024 0.14298
4 0.00532 0.16065
5 0.0091 0.17817
6 0.01357 0.19558
7 0.01859 0.21294
8 0.02406 0.23027
9 0.02993 0.24242
10 0.03614 0.25968
11 0.04264 0.27171
12 0.04941 0.28895
13 0.05641 0.30089
14 0.06363 0.31278
15 0.07104 0.33003
16 0.07802 0.34188
17 0.08269 0.35369
18 0.09309 0.36548
19 0.10188 0.38278
20 0.10659 0.39456
21 0.1173 0.40631
22 0.12504 0.41805
23 0.13271 0.42978
24 0.14298 0.4415
25 0.14835 0.45321
26 0.16066 0.46492
27 0.16527 0.47699
28 0.17817 0.48916
29 0.18444 0.501
30 0.19558 0.5125
31 0.20445 0.52373
32 0.21294 0.53508
33 0.22468 0.54679
34 0.23027 0.5585
35 0.24242 0.57022
36 0.25296 0.58194
37 0.25968 0.59369
38 0.27171 0.60544
39 0.28295 0.61722
40 0.28895 0.62464
41 0.30089 0.63451
42 0.31278 0.6463
43 0.32299 0.65812
44 0.33003 0.66997
45 0.34188 0.67701
46 0.3537 0.68722
47 0.36549 0.69911
48 0.37536 0.71105
49 0.38278 0.71705
50 0.39456 0.72829
51 0.40631 0.74032
52 0.41806 0.74704
53 0.42978 0.75758
54 0.4415 0.76973
55 0.45321 0.77532
56 0.46492 0.78706
57 0.47627 0.79555
58 0.4875 0.80442
59 0.499 0.81556
60 0.51084 0.82183
61 0.52301 0.83473
62 0.53508 0.83934
63 0.54679 0.85165
64 0.5585 0.85702
65 0.57022 0.86729
66 0.58195 0.87496
67 0.59369 0.8827
68 0.60544 0.89341
69 0.61722 0.89812
70 0.63452 0.90691
71 0.64631 0.91731
72 0.65812 0.92198
73 0.66997 0.92896
74 0.68722 0.93637
75 0.69911 0.94359
76 0.71105 0.95059
77 0.72829 0.95736
78 0.74032 0.96386
79 0.75758 0.97007
80 0.76973 0.97594
81 0.78706 0.98141
82 0.80442 0.98643
83 0.82183 0.9909
84 0.83935 0.99468
85 0.85702 0.9976
86 0.87496 0.9994
87 0.89341 0.99998
88 0.92198 1
