Adjusted LCO Confidence Intervals for
n = 74 and Mean Coverage = 0.9900
Minimum Coverage = 0.9870 

0 0 0.06649
1 0.00018 0.09403
2 0.00232 0.11519
3 0.00657 0.13591
4 0.01221 0.15642
5 0.01881 0.17683
6 0.02614 0.19119
7 0.03402 0.21144
8 0.04236 0.22559
9 0.05108 0.2458
10 0.06013 0.25982
11 0.06649 0.28003
12 0.07656 0.29397
13 0.08788 0.30786
14 0.09404 0.32172
15 0.10669 0.34197
16 0.11519 0.35579
17 0.12645 0.3696
18 0.13591 0.38337
19 0.14763 0.39713
20 0.15642 0.41222
21 0.17013 0.43128
22 0.17683 0.44504
23 0.19119 0.45878
24 0.20173 0.47252
25 0.21144 0.48626
26 0.22559 0.5
27 0.23576 0.51374
28 0.2458 0.52747
29 0.25982 0.54122
30 0.27286 0.55496
31 0.28003 0.56872
32 0.29397 0.57908
33 0.30786 0.58999
34 0.32172 0.60287
35 0.33147 0.61663
36 0.34197 0.6304
37 0.3558 0.6442
38 0.3696 0.65803
39 0.38337 0.66853
40 0.39713 0.67828
41 0.41001 0.69214
42 0.42092 0.70603
43 0.43128 0.71997
44 0.44504 0.72714
45 0.45878 0.74018
46 0.47253 0.7542
47 0.48626 0.76424
48 0.5 0.77441
49 0.51374 0.78856
50 0.52748 0.79827
51 0.54122 0.80881
52 0.55496 0.82317
53 0.56872 0.82987
54 0.58778 0.84358
55 0.60287 0.85237
56 0.61663 0.86409
57 0.6304 0.87355
58 0.64421 0.88481
59 0.65803 0.89331
60 0.67828 0.90596
61 0.69214 0.91212
62 0.70603 0.92344
63 0.71997 0.93351
64 0.74018 0.93987
65 0.7542 0.94892
66 0.77441 0.95764
67 0.78856 0.96598
68 0.80881 0.97386
69 0.82317 0.98119
70 0.84358 0.98779
71 0.86409 0.99343
72 0.88481 0.99768
73 0.90597 0.99982
74 0.93351 1
