Adjusted LCO Confidence Intervals for
n = 29 and Mean Coverage = 0.9000
Minimum Coverage = 0.8679 

0 0 0.08811
1 0.00488 0.13997
2 0.02189 0.19081
3 0.04377 0.2262
4 0.06817 0.27664
5 0.08811 0.31141
6 0.11276 0.34594
7 0.13997 0.38031
8 0.16719 0.4277
9 0.19081 0.46562
10 0.2262 0.5
11 0.25112 0.53438
12 0.27664 0.56931
13 0.31141 0.59138
14 0.34594 0.61969
15 0.38031 0.65406
16 0.40862 0.68859
17 0.43069 0.72336
18 0.46562 0.74888
19 0.5 0.7738
20 0.53438 0.80919
21 0.5723 0.83281
22 0.61969 0.86003
23 0.65406 0.88724
24 0.68859 0.91189
25 0.72336 0.93183
26 0.7738 0.95623
27 0.80919 0.97811
28 0.86003 0.99512
29 0.91189 1
