Adjusted LCO Confidence Intervals for
n = 26 and Mean Coverage = 0.9900
Minimum Coverage = 0.9845 

0 0 0.1613
1 6e-04 0.23759
2 0.00732 0.2977
3 0.02038 0.3393
4 0.03767 0.38104
5 0.05799 0.43938
6 0.08067 0.47982
7 0.10527 0.52018
8 0.13153 0.56062
9 0.15925 0.58979
10 0.17065 0.62058
11 0.21487 0.6607
12 0.23759 0.7023
13 0.27728 0.72272
14 0.2977 0.76241
15 0.3393 0.78513
16 0.37942 0.82935
17 0.41021 0.84075
18 0.43938 0.86847
19 0.47982 0.89473
20 0.52018 0.91933
21 0.56062 0.94201
22 0.61896 0.96233
23 0.6607 0.97962
24 0.7023 0.99268
25 0.76241 0.9994
26 0.8387 1
