Adjusted LCO Confidence Intervals for
n = 43 and Mean Coverage = 0.99900
Minimum Coverage = 0.99848 

0 0 0.15235
1 4e-05 0.20183
2 0.00132 0.23963
3 0.00525 0.27666
4 0.01153 0.30256
5 0.01968 0.33898
6 0.02932 0.36421
7 0.04018 0.39545
8 0.05209 0.42564
9 0.0649 0.45049
10 0.07851 0.47526
11 0.09283 0.5
12 0.10781 0.52473
13 0.12339 0.54951
14 0.13954 0.57435
15 0.15235 0.59774
16 0.16944 0.61382
17 0.18974 0.63579
18 0.20183 0.66102
19 0.22479 0.68046
20 0.23963 0.69744
21 0.26266 0.72334
22 0.27666 0.73734
23 0.30256 0.76037
24 0.31954 0.77521
25 0.33898 0.79817
26 0.36421 0.81026
27 0.38618 0.83056
28 0.40226 0.84765
29 0.42565 0.86046
30 0.45049 0.87661
31 0.47527 0.89219
32 0.5 0.90717
33 0.52474 0.92149
34 0.54951 0.9351
35 0.57436 0.94791
36 0.60455 0.95982
37 0.63579 0.97068
38 0.66102 0.98032
39 0.69744 0.98847
40 0.72334 0.99475
41 0.76037 0.99868
42 0.79817 0.99996
43 0.84765 1
