Adjusted LCO Confidence Intervals for
n = 81 and Mean Coverage = 0.9000
Minimum Coverage = 0.8818 

0 0 0.03193
1 0.00155 0.0558
2 0.00729 0.07431
3 0.01476 0.08734
4 0.0231 0.10554
5 0.03193 0.12371
6 0.03368 0.1364
7 0.04883 0.15454
8 0.0558 0.16713
9 0.06725 0.17965
10 0.07431 0.1978
11 0.08734 0.21029
12 0.09063 0.22274
13 0.10554 0.23517
14 0.11642 0.25335
15 0.12372 0.26577
16 0.1364 0.27816
17 0.14796 0.29055
18 0.15454 0.30292
19 0.16713 0.32117
20 0.17966 0.33354
21 0.18943 0.3459
22 0.1978 0.35825
23 0.21029 0.3706
24 0.22274 0.38294
25 0.23517 0.39527
26 0.24182 0.4076
27 0.25335 0.41993
28 0.26577 0.43225
29 0.27816 0.44661
30 0.29055 0.463
31 0.30292 0.47533
32 0.31116 0.48767
33 0.32117 0.5
34 0.33354 0.51233
35 0.3459 0.52467
36 0.35825 0.537
37 0.3706 0.54638
38 0.38294 0.55692
39 0.39527 0.56774
40 0.4076 0.58007
41 0.41993 0.5924
42 0.43226 0.60473
43 0.44308 0.61706
44 0.45362 0.6294
45 0.463 0.64175
46 0.47533 0.6541
47 0.48767 0.66646
48 0.5 0.67883
49 0.51233 0.68884
50 0.52467 0.69708
51 0.537 0.70945
52 0.55339 0.72184
53 0.56775 0.73423
54 0.58007 0.74665
55 0.5924 0.75818
56 0.60473 0.76483
57 0.61706 0.77726
58 0.6294 0.78971
59 0.64175 0.8022
60 0.6541 0.81057
61 0.66646 0.82034
62 0.67883 0.83287
63 0.69708 0.84546
64 0.70945 0.85204
65 0.72184 0.8636
66 0.73423 0.87628
67 0.74665 0.88358
68 0.76483 0.89446
69 0.77726 0.90937
70 0.78971 0.91266
71 0.8022 0.92569
72 0.82035 0.93275
73 0.83287 0.9442
74 0.84546 0.95117
75 0.8636 0.96632
76 0.87629 0.96807
77 0.89446 0.9769
78 0.91266 0.98524
79 0.92569 0.99271
80 0.9442 0.99845
81 0.96807 1
