Adjusted LCO Confidence Intervals for
n = 80 and Mean Coverage = 0.9900
Minimum Coverage = 0.9872 

0 0 0.06149
1 0.00016 0.08696
2 0.00213 0.10652
3 0.00604 0.12568
4 0.01123 0.14465
5 0.01731 0.1635
6 0.02405 0.1768
7 0.03131 0.19551
8 0.03898 0.21422
9 0.04701 0.22726
10 0.05534 0.24151
11 0.06149 0.25889
12 0.07022 0.27178
13 0.08078 0.29046
14 0.08696 0.30331
15 0.09785 0.31612
16 0.10652 0.3289
17 0.11569 0.34763
18 0.12568 0.36039
19 0.13491 0.37314
20 0.14465 0.38587
21 0.15555 0.39858
22 0.16351 0.41128
23 0.1768 0.42468
24 0.18234 0.44123
25 0.19551 0.45556
26 0.20751 0.46826
27 0.21422 0.48096
28 0.22726 0.49365
29 0.23991 0.50635
30 0.24506 0.51904
31 0.25889 0.53174
32 0.27178 0.54444
33 0.28304 0.55674
34 0.29046 0.56588
35 0.30331 0.57652
36 0.31612 0.58872
37 0.3289 0.60142
38 0.33911 0.61413
39 0.34763 0.62686
40 0.3604 0.6396
41 0.37314 0.65237
42 0.38587 0.66089
43 0.39858 0.6711
44 0.41128 0.68388
45 0.42348 0.69669
46 0.43412 0.70954
47 0.44326 0.71696
48 0.45556 0.72822
49 0.46826 0.74111
50 0.48096 0.75494
51 0.49365 0.76009
52 0.50635 0.77274
53 0.51904 0.78578
54 0.53174 0.79249
55 0.54444 0.80449
56 0.55877 0.81766
57 0.57532 0.8232
58 0.58872 0.83649
59 0.60142 0.84445
60 0.61413 0.85535
61 0.62686 0.86509
62 0.63961 0.87432
63 0.65237 0.88431
64 0.6711 0.89348
65 0.68388 0.90215
66 0.69669 0.91304
67 0.70954 0.91922
68 0.72822 0.92978
69 0.74111 0.93851
70 0.75849 0.94466
71 0.77274 0.95299
72 0.78578 0.96102
73 0.80449 0.96869
74 0.8232 0.97595
75 0.8365 0.98269
76 0.85535 0.98877
77 0.87432 0.99396
78 0.89348 0.99787
79 0.91304 0.99984
80 0.93851 1
