Adjusted LCO Confidence Intervals for
n = 32 and Mean Coverage = 0.9000
Minimum Coverage = 0.8701 

0 0 0.07998
1 0.00434 0.12706
2 0.01962 0.17318
3 0.03931 0.20683
4 0.06127 0.25103
5 0.07998 0.2826
6 0.1005 0.32056
7 0.12706 0.35983
8 0.14849 0.39108
9 0.17318 0.42225
10 0.20498 0.45337
11 0.21689 0.48446
12 0.25103 0.51554
13 0.2826 0.54663
14 0.31182 0.57775
15 0.32728 0.60892
16 0.35983 0.64017
17 0.39108 0.67272
18 0.42225 0.68818
19 0.45337 0.7174
20 0.48446 0.74897
21 0.51554 0.78311
22 0.54663 0.79502
23 0.57775 0.82682
24 0.60892 0.85151
25 0.64017 0.87294
26 0.67944 0.8995
27 0.7174 0.92002
28 0.74897 0.93873
29 0.79317 0.96069
30 0.82682 0.98038
31 0.87294 0.99566
32 0.92002 1
