Adjusted LCO Confidence Intervals for
n = 76 and Mean Coverage = 0.9500
Minimum Coverage = 0.9386 

0 0 0.04427
1 0.00083 0.07019
2 0.00528 0.09021
3 0.01181 0.10485
4 0.01948 0.12388
5 0.02788 0.14338
6 0.03682 0.15702
7 0.04427 0.17645
8 0.05214 0.18996
9 0.06436 0.20938
10 0.07019 0.22281
11 0.0836 0.23619
12 0.09021 0.25563
13 0.10429 0.26897
14 0.1066 0.28228
15 0.12388 0.29557
16 0.13355 0.31506
17 0.14338 0.32834
18 0.15702 0.3416
19 0.16477 0.35484
20 0.17645 0.36807
21 0.18996 0.38129
22 0.20014 0.39466
23 0.20938 0.41413
24 0.22281 0.42735
25 0.23619 0.44057
26 0.2459 0.45378
27 0.25563 0.46699
28 0.26897 0.48019
29 0.28228 0.4934
30 0.29557 0.5066
31 0.30567 0.51981
32 0.31506 0.53301
33 0.32834 0.54622
34 0.3416 0.55943
35 0.35484 0.57265
36 0.36807 0.58587
37 0.38129 0.59513
38 0.3944 0.6056
39 0.40487 0.61871
40 0.41413 0.63193
41 0.42735 0.64516
42 0.44057 0.6584
43 0.45378 0.67166
44 0.46699 0.68494
45 0.48019 0.69433
46 0.4934 0.70443
47 0.5066 0.71772
48 0.51981 0.73103
49 0.53301 0.74437
50 0.54622 0.7541
51 0.55943 0.76381
52 0.57265 0.77719
53 0.58587 0.79062
54 0.60534 0.79986
55 0.61871 0.81004
56 0.63193 0.82355
57 0.64516 0.83523
58 0.6584 0.84298
59 0.67166 0.85662
60 0.68494 0.86645
61 0.70443 0.87612
62 0.71772 0.8934
63 0.73103 0.89571
64 0.74437 0.90979
65 0.76381 0.9164
66 0.77719 0.92981
67 0.79062 0.93564
68 0.81004 0.94786
69 0.82355 0.95573
70 0.84298 0.96318
71 0.85662 0.97212
72 0.87612 0.98052
73 0.89515 0.98819
74 0.90979 0.99472
75 0.92981 0.99917
76 0.95573 1
