Adjusted LCO Confidence Intervals for
n = 100 and Mean Coverage = 0.9900
Minimum Coverage = 0.9878 

0 0 0.04916
1 0.00012 0.06952
2 0.00166 0.08517
3 0.00473 0.10469
4 0.00883 0.11565
5 0.01364 0.13071
6 0.01896 0.14572
7 0.02469 0.16069
8 0.03076 0.17122
9 0.0371 0.18613
10 0.04367 0.19655
11 0.04916 0.21145
12 0.05477 0.22179
13 0.06351 0.23669
14 0.06953 0.24699
15 0.07633 0.25726
16 0.08518 0.27216
17 0.0889 0.2824
18 0.1003 0.29262
19 0.10469 0.30435
20 0.11565 0.31775
21 0.11829 0.32794
22 0.13071 0.33812
23 0.1366 0.34829
24 0.14572 0.36012
25 0.15454 0.37343
26 0.16069 0.38358
27 0.17122 0.39373
28 0.17789 0.40387
29 0.18614 0.414
30 0.19655 0.42413
31 0.20292 0.43426
32 0.21145 0.44438
33 0.2218 0.45449
34 0.2301 0.46493
35 0.23669 0.47581
36 0.24699 0.48648
37 0.25726 0.49686
38 0.26467 0.50692
39 0.27216 0.51668
40 0.2824 0.52624
41 0.29262 0.53567
42 0.30231 0.54551
43 0.30745 0.55562
44 0.31776 0.56574
45 0.32795 0.57587
46 0.33812 0.586
47 0.34829 0.59613
48 0.35768 0.60627
49 0.36406 0.61642
50 0.37343 0.62657
51 0.38358 0.63594
52 0.39373 0.64232
53 0.40387 0.65171
54 0.414 0.66188
55 0.42413 0.67205
56 0.43426 0.68224
57 0.44438 0.69255
58 0.45449 0.69769
59 0.46433 0.70738
60 0.47376 0.7176
61 0.48332 0.72784
62 0.49308 0.73533
63 0.50314 0.74274
64 0.51352 0.75301
65 0.52419 0.76331
66 0.53507 0.7699
67 0.54551 0.7782
68 0.55562 0.78855
69 0.56574 0.79708
70 0.57587 0.80345
71 0.586 0.81386
72 0.59613 0.82211
73 0.60627 0.82878
74 0.61642 0.83931
75 0.62657 0.84546
76 0.63988 0.85428
77 0.65171 0.8634
78 0.66188 0.86929
79 0.67206 0.88171
80 0.68225 0.88435
81 0.69565 0.89531
82 0.70738 0.8997
83 0.7176 0.9111
84 0.72784 0.91482
85 0.74274 0.92367
86 0.75301 0.93047
87 0.76331 0.93649
88 0.77821 0.94523
89 0.78855 0.95084
90 0.80345 0.95633
91 0.81387 0.9629
92 0.82878 0.96924
93 0.83931 0.97531
94 0.85428 0.98104
95 0.86929 0.98636
96 0.88435 0.99117
97 0.89531 0.99527
98 0.91483 0.99834
99 0.93048 0.99988
100 0.95084 1
