Adjusted LCO Confidence Intervals for
n = 38 and Mean Coverage = 0.99900
Minimum Coverage = 0.99845 

0 0 0.17305
1 4e-05 0.21792
2 0.00151 0.26055
3 0.00599 0.30244
4 0.01315 0.34414
5 0.02246 0.37302
6 0.03348 0.40155
7 0.04593 0.43879
8 0.05958 0.47167
9 0.0743 0.5
10 0.08995 0.52833
11 0.10646 0.55457
12 0.12375 0.57524
13 0.14177 0.59845
14 0.16048 0.62698
15 0.17305 0.65586
16 0.1968 0.67314
17 0.21792 0.69756
18 0.23412 0.72266
19 0.26055 0.73945
20 0.27734 0.76588
21 0.30244 0.78208
22 0.32686 0.8032
23 0.34414 0.82695
24 0.37302 0.83952
25 0.40155 0.85823
26 0.42476 0.87625
27 0.44543 0.89354
28 0.47167 0.91005
29 0.5 0.9257
30 0.52833 0.94042
31 0.56121 0.95407
32 0.59845 0.96652
33 0.62698 0.97754
34 0.65586 0.98685
35 0.69756 0.99401
36 0.73945 0.99849
37 0.78208 0.99996
38 0.82695 1
