Adjusted LCO Confidence Intervals for
n = 28 and Mean Coverage = 0.9900
Minimum Coverage = 0.9855 

0 0 0.1626
1 0.00052 0.22037
2 0.00656 0.276
3 0.01843 0.31657
4 0.03421 0.36934
5 0.05279 0.40697
6 0.07352 0.4443
7 0.09601 0.48145
8 0.12 0.51855
9 0.14532 0.5557
10 0.1626 0.59302
11 0.19478 0.63066
12 0.22037 0.66362
13 0.2501 0.68623
14 0.276 0.724
15 0.31377 0.7499
16 0.33638 0.77963
17 0.36934 0.80522
18 0.40698 0.8374
19 0.4443 0.85468
20 0.48145 0.88
21 0.51855 0.90399
22 0.5557 0.92648
23 0.59303 0.94721
24 0.63066 0.96579
25 0.68343 0.98157
26 0.724 0.99344
27 0.77963 0.99948
28 0.8374 1
