Adjusted LCO Confidence Intervals for
n = 63 and Mean Coverage = 0.99900
Minimum Coverage = 0.99860 

0 0 0.10949
1 2e-05 0.14315
2 0.00086 0.16886
3 0.00345 0.19394
4 0.00761 0.21869
5 0.013 0.24327
6 0.01937 0.26777
7 0.02654 0.28491
8 0.03437 0.3093
9 0.04277 0.32621
10 0.05166 0.34301
11 0.061 0.36739
12 0.07073 0.3841
13 0.08082 0.40075
14 0.09124 0.41736
15 0.10196 0.43461
16 0.10949 0.4543
17 0.12177 0.47513
18 0.13482 0.49171
19 0.14315 0.50829
20 0.15677 0.52487
21 0.16886 0.53831
22 0.17934 0.55228
23 0.19394 0.56658
24 0.20374 0.58264
25 0.21869 0.59925
26 0.23065 0.6159
27 0.24327 0.63261
28 0.25896 0.6445
29 0.26777 0.65699
30 0.28491 0.67379
31 0.29957 0.6907
32 0.3093 0.70043
33 0.32621 0.71509
34 0.34301 0.73223
35 0.3555 0.74104
36 0.36739 0.75673
37 0.3841 0.76935
38 0.40075 0.78131
39 0.41736 0.79626
40 0.43342 0.80606
41 0.44772 0.82066
42 0.46169 0.83114
43 0.47513 0.84323
44 0.49171 0.85685
45 0.50829 0.86518
46 0.52487 0.87823
47 0.5457 0.89051
48 0.56539 0.89804
49 0.58264 0.90876
50 0.59925 0.91918
51 0.6159 0.92927
52 0.63261 0.939
53 0.65699 0.94834
54 0.67379 0.95723
55 0.6907 0.96563
56 0.71509 0.97346
57 0.73223 0.98063
58 0.75673 0.987
59 0.78131 0.99239
60 0.80606 0.99655
61 0.83114 0.99914
62 0.85685 0.99998
63 0.89051 1
