Adjusted LCO Confidence Intervals for
n = 77 and Mean Coverage = 0.9500
Minimum Coverage = 0.9388 

0 0 0.0437
1 0.00082 0.06928
2 0.0052 0.08904
3 0.01164 0.10853
4 0.01921 0.12228
5 0.0275 0.14152
6 0.03631 0.15499
7 0.0437 0.17417
8 0.05137 0.1875
9 0.06346 0.20667
10 0.06928 0.21992
11 0.08241 0.23313
12 0.08904 0.25232
13 0.1028 0.26548
14 0.10853 0.27862
15 0.12228 0.29174
16 0.13151 0.31098
17 0.14152 0.32408
18 0.15499 0.33716
19 0.162 0.35023
20 0.17417 0.36329
21 0.1875 0.37634
22 0.19691 0.39569
23 0.20667 0.40875
24 0.21992 0.4218
25 0.23313 0.43484
26 0.24161 0.44788
27 0.25232 0.46091
28 0.26548 0.47394
29 0.27862 0.48697
30 0.29174 0.5
31 0.29988 0.51303
32 0.31098 0.52606
33 0.32408 0.53909
34 0.33716 0.55212
35 0.35024 0.56516
36 0.36329 0.5782
37 0.37634 0.59125
38 0.3871 0.60431
39 0.39569 0.6129
40 0.40875 0.62366
41 0.4218 0.63671
42 0.43484 0.64976
43 0.44788 0.66284
44 0.46091 0.67592
45 0.47394 0.68902
46 0.48697 0.70012
47 0.5 0.70826
48 0.51303 0.72138
49 0.52606 0.73452
50 0.53909 0.74768
51 0.55212 0.75839
52 0.56516 0.76687
53 0.5782 0.78008
54 0.59125 0.79333
55 0.60431 0.80309
56 0.62366 0.8125
57 0.63671 0.82583
58 0.64977 0.838
59 0.66284 0.84501
60 0.67592 0.85848
61 0.68902 0.86849
62 0.70826 0.87772
63 0.72138 0.89147
64 0.73452 0.8972
65 0.74768 0.91096
66 0.76687 0.91759
67 0.78008 0.93072
68 0.79333 0.93654
69 0.8125 0.94863
70 0.82583 0.9563
71 0.84501 0.96369
72 0.85848 0.9725
73 0.87772 0.98079
74 0.89147 0.98836
75 0.91096 0.9948
76 0.93072 0.99918
77 0.9563 1
