Adjusted LCO Confidence Intervals for
n = 48 and Mean Coverage = 0.9900
Minimum Coverage = 0.9867 

0 0 0.09448
1 0.00028 0.13671
2 0.00364 0.16915
3 0.01029 0.20103
4 0.01912 0.23268
5 0.02949 0.25483
6 0.04102 0.28625
7 0.05345 0.30804
8 0.06664 0.33948
9 0.08048 0.36109
10 0.09448 0.3826
11 0.10088 0.40404
12 0.1226 0.42541
13 0.13671 0.44953
14 0.15116 0.47416
15 0.16915 0.49752
16 0.1827 0.51771
17 0.20103 0.53665
18 0.21821 0.55535
19 0.23268 0.57459
20 0.25483 0.59596
21 0.26814 0.6174
22 0.28626 0.63891
23 0.30804 0.66051
24 0.32651 0.67349
25 0.33949 0.69196
26 0.36109 0.71374
27 0.3826 0.73186
28 0.40404 0.74517
29 0.42541 0.76732
30 0.44465 0.78179
31 0.46335 0.79897
32 0.48229 0.8173
33 0.50248 0.83085
34 0.52584 0.84884
35 0.55047 0.86329
36 0.57459 0.8774
37 0.59596 0.89912
38 0.6174 0.90552
39 0.63891 0.91952
40 0.66052 0.93336
41 0.69196 0.94655
42 0.71375 0.95898
43 0.74517 0.97051
44 0.76732 0.98088
45 0.79897 0.98971
46 0.83085 0.99636
47 0.86329 0.99972
48 0.90552 1
