Adjusted LCO Confidence Intervals for
n = 35 and Mean Coverage = 0.99900
Minimum Coverage = 0.99841 

0 0 0.17648
1 5e-05 0.2373
2 0.00166 0.28381
3 0.00658 0.32962
4 0.01443 0.3614
5 0.02463 0.39688
6 0.03672 0.4381
7 0.05038 0.4691
8 0.06538 0.5
9 0.08156 0.5309
10 0.09879 0.5619
11 0.11699 0.58721
12 0.13607 0.60977
13 0.15599 0.6386
14 0.17649 0.67038
15 0.18802 0.68833
16 0.21796 0.71619
17 0.2373 0.7379
18 0.2621 0.7627
19 0.28381 0.78204
20 0.31167 0.81198
21 0.32962 0.82351
22 0.3614 0.84401
23 0.39023 0.86393
24 0.41279 0.88301
25 0.4381 0.90121
26 0.4691 0.91844
27 0.5 0.93462
28 0.5309 0.94962
29 0.5619 0.96328
30 0.60312 0.97537
31 0.6386 0.98557
32 0.67038 0.99342
33 0.71619 0.99834
34 0.7627 0.99995
35 0.82352 1
