Adjusted LCO Confidence Intervals for
n = 35 and Mean Coverage = 0.9500
Minimum Coverage = 0.9352 

0 0 0.0957
1 0.00191 0.14008
2 0.01188 0.18308
3 0.02648 0.21529
4 0.04364 0.25542
5 0.0625 0.28474
6 0.08262 0.32708
7 0.0957 0.35613
8 0.12095 0.38504
9 0.14008 0.41385
10 0.1639 0.4426
11 0.18308 0.47131
12 0.21264 0.50076
13 0.22341 0.52869
14 0.25542 0.5574
15 0.28474 0.58615
16 0.30505 0.61496
17 0.32708 0.64387
18 0.35613 0.67292
19 0.38504 0.69495
20 0.41385 0.71526
21 0.4426 0.74458
22 0.47131 0.77659
23 0.49924 0.78736
24 0.52869 0.81692
25 0.5574 0.8361
26 0.58615 0.85992
27 0.61496 0.87905
28 0.64387 0.9043
29 0.67292 0.91738
30 0.71526 0.9375
31 0.74458 0.95636
32 0.78471 0.97352
33 0.81692 0.98812
34 0.85992 0.99809
35 0.9043 1
