Adjusted LCO Confidence Intervals for
n = 51 and Mean Coverage = 0.9500
Minimum Coverage = 0.9359 

0 0 0.06584
1 0.0013 0.09639
2 0.00808 0.12594
3 0.01799 0.15518
4 0.02962 0.18431
5 0.04236 0.20465
6 0.05592 0.23366
7 0.06584 0.25375
8 0.08065 0.27372
9 0.09639 0.30274
10 0.10721 0.32263
11 0.12594 0.34246
12 0.13859 0.36224
13 0.15518 0.38198
14 0.17345 0.40376
15 0.18431 0.43097
16 0.20465 0.4507
17 0.22257 0.47043
18 0.23366 0.49014
19 0.25375 0.50986
20 0.27372 0.52957
21 0.29055 0.5493
22 0.30274 0.56903
23 0.32263 0.58431
24 0.34246 0.59958
25 0.36224 0.61802
26 0.38198 0.63776
27 0.40042 0.65754
28 0.41569 0.67737
29 0.43097 0.69726
30 0.4507 0.70945
31 0.47043 0.72628
32 0.49014 0.74625
33 0.50986 0.76634
34 0.52957 0.77743
35 0.5493 0.79535
36 0.56903 0.81569
37 0.59624 0.82655
38 0.61802 0.84482
39 0.63776 0.86141
40 0.65754 0.87406
41 0.67737 0.89279
42 0.69726 0.90361
43 0.72628 0.91935
44 0.74625 0.93416
45 0.76634 0.94408
46 0.79535 0.95764
47 0.81569 0.97038
48 0.84482 0.98201
49 0.87406 0.99192
50 0.90361 0.9987
51 0.93416 1
