Adjusted LCO Confidence Intervals for
n = 98 and Mean Coverage = 0.9000
Minimum Coverage = 0.8823 

0 0 0.0304
1 0.00128 0.04617
2 0.006 0.06148
3 0.01216 0.07665
4 0.01904 0.08733
5 0.02637 0.10236
6 0.0304 0.11286
7 0.04015 0.12786
8 0.04617 0.13828
9 0.05516 0.15328
10 0.06149 0.16364
11 0.07172 0.17398
12 0.07665 0.18899
13 0.08733 0.1993
14 0.09478 0.20959
15 0.10236 0.21987
16 0.11286 0.2349
17 0.11994 0.24517
18 0.12786 0.25542
19 0.13828 0.26567
20 0.14771 0.2759
21 0.15328 0.29098
22 0.16365 0.30122
23 0.17398 0.31144
24 0.18332 0.32166
25 0.18899 0.33188
26 0.1993 0.34209
27 0.20959 0.35229
28 0.21987 0.3625
29 0.22833 0.37477
30 0.2349 0.38786
31 0.24517 0.39806
32 0.25543 0.40826
33 0.26567 0.41846
34 0.2759 0.42866
35 0.2849 0.43885
36 0.29098 0.44904
37 0.30122 0.45924
38 0.31144 0.46943
39 0.32166 0.47962
40 0.33188 0.48981
41 0.34209 0.5
42 0.35229 0.51019
43 0.3625 0.52038
44 0.37172 0.53057
45 0.37828 0.54076
46 0.38786 0.55095
47 0.39806 0.56115
48 0.40826 0.57134
49 0.41846 0.58154
50 0.42866 0.59174
51 0.43885 0.60194
52 0.44905 0.61214
53 0.45924 0.62172
54 0.46943 0.62828
55 0.47962 0.6375
56 0.48981 0.64771
57 0.5 0.65791
58 0.51019 0.66812
59 0.52038 0.67834
60 0.53057 0.68856
61 0.54076 0.69878
62 0.55096 0.70902
63 0.56115 0.7151
64 0.57134 0.7241
65 0.58154 0.73433
66 0.59174 0.74457
67 0.60194 0.75483
68 0.61214 0.7651
69 0.62523 0.77167
70 0.6375 0.78013
71 0.64771 0.79041
72 0.65791 0.8007
73 0.66812 0.81101
74 0.67834 0.81668
75 0.68856 0.82602
76 0.69878 0.83635
77 0.70902 0.84672
78 0.7241 0.85229
79 0.73433 0.86172
80 0.74458 0.87214
81 0.75483 0.88006
82 0.7651 0.88714
83 0.78013 0.89764
84 0.79041 0.90522
85 0.8007 0.91267
86 0.81101 0.92335
87 0.82602 0.92828
88 0.83636 0.93851
89 0.84672 0.94484
90 0.86172 0.95383
91 0.87214 0.95985
92 0.88714 0.9696
93 0.89764 0.97363
94 0.91267 0.98096
95 0.92335 0.98784
96 0.93852 0.994
97 0.95383 0.99872
98 0.9696 1
