Adjusted LCO Confidence Intervals for
n = 60 and Mean Coverage = 0.9000
Minimum Coverage = 0.8797 

0 0 0.043
1 0.00214 0.07518
2 0.00996 0.10012
3 0.02012 0.11764
4 0.03148 0.14218
5 0.043 0.1593
6 0.04829 0.18377
7 0.06686 0.20072
8 0.07518 0.21758
9 0.09245 0.24207
10 0.10012 0.25887
11 0.11764 0.27563
12 0.12935 0.29357
13 0.14218 0.31693
14 0.1593 0.33364
15 0.1708 0.35033
16 0.18377 0.367
17 0.20072 0.38365
18 0.21758 0.40029
19 0.2253 0.41693
20 0.24207 0.43362
21 0.25887 0.45288
22 0.27563 0.47249
23 0.2919 0.49168
24 0.30098 0.50832
25 0.31693 0.52317
26 0.33364 0.53735
27 0.35033 0.55188
28 0.367 0.5665
29 0.38365 0.58307
30 0.4003 0.5997
31 0.41693 0.61635
32 0.4335 0.633
33 0.44812 0.64967
34 0.46265 0.66636
35 0.47683 0.68307
36 0.49168 0.69902
37 0.50832 0.7081
38 0.52751 0.72437
39 0.54712 0.74113
40 0.56638 0.75793
41 0.58307 0.7747
42 0.59971 0.78242
43 0.61635 0.79928
44 0.633 0.81623
45 0.64967 0.8292
46 0.66636 0.8407
47 0.68307 0.85782
48 0.70643 0.87065
49 0.72437 0.88236
50 0.74113 0.89988
51 0.75793 0.90755
52 0.78242 0.92482
53 0.79928 0.93314
54 0.81623 0.95171
55 0.8407 0.957
56 0.85782 0.96852
57 0.88236 0.97988
58 0.89988 0.99004
59 0.92482 0.99786
60 0.957 1
