Adjusted LCO Confidence Intervals for
n = 34 and Mean Coverage = 0.9500
Minimum Coverage = 0.9327 

0 0 0.0985
1 0.00205 0.14416
2 0.01249 0.18843
3 0.0277 0.21934
4 0.04552 0.2629
5 0.06509 0.29307
6 0.08594 0.33028
7 0.0985 0.36659
8 0.12617 0.39636
9 0.14416 0.42603
10 0.17119 0.45564
11 0.18843 0.48522
12 0.21934 0.51478
13 0.23855 0.54436
14 0.2629 0.57397
15 0.29307 0.60364
16 0.32067 0.6334
17 0.33513 0.66487
18 0.3666 0.67933
19 0.39636 0.70693
20 0.42603 0.7371
21 0.45564 0.76145
22 0.48522 0.78066
23 0.51478 0.81157
24 0.54436 0.82881
25 0.57397 0.85584
26 0.60364 0.87383
27 0.63341 0.9015
28 0.66972 0.91406
29 0.70693 0.93491
30 0.7371 0.95448
31 0.78066 0.9723
32 0.81157 0.98751
33 0.85584 0.99795
34 0.9015 1
