Adjusted LCO Confidence Intervals for
n = 72 and Mean Coverage = 0.9900
Minimum Coverage = 0.9872 

0 0 0.06834
1 0.00018 0.09666
2 0.00236 0.1184
3 0.00672 0.1397
4 0.0125 0.16079
5 0.01928 0.18176
6 0.02679 0.19652
7 0.03488 0.21735
8 0.04345 0.23188
9 0.05242 0.25267
10 0.06172 0.26708
11 0.06834 0.28144
12 0.07858 0.3022
13 0.09025 0.31648
14 0.09666 0.33072
15 0.1096 0.35156
16 0.1184 0.36578
17 0.12995 0.37997
18 0.1397 0.39413
19 0.1518 0.40828
20 0.16079 0.42242
21 0.175 0.43654
22 0.18176 0.45168
23 0.19652 0.4676
24 0.20777 0.48333
25 0.21735 0.49837
26 0.23189 0.51194
27 0.24311 0.52481
28 0.25267 0.53752
29 0.26708 0.55017
30 0.28141 0.56346
31 0.28938 0.57758
32 0.3022 0.59172
33 0.31648 0.60587
34 0.33072 0.62003
35 0.34317 0.63422
36 0.35156 0.64844
37 0.36578 0.65683
38 0.37997 0.66928
39 0.39413 0.68352
40 0.40828 0.6978
41 0.42242 0.71062
42 0.43654 0.71859
43 0.44983 0.73292
44 0.46248 0.74733
45 0.47519 0.75689
46 0.48806 0.76811
47 0.50163 0.78265
48 0.51667 0.79223
49 0.5324 0.80348
50 0.54832 0.81824
51 0.56346 0.825
52 0.57758 0.83921
53 0.59172 0.8482
54 0.60587 0.8603
55 0.62003 0.87005
56 0.63422 0.8816
57 0.64844 0.8904
58 0.66928 0.90334
59 0.68352 0.90975
60 0.6978 0.92142
61 0.71856 0.93166
62 0.73292 0.93828
63 0.74733 0.94758
64 0.76812 0.95655
65 0.78265 0.96512
66 0.80348 0.97321
67 0.81824 0.98072
68 0.83921 0.9875
69 0.8603 0.99328
70 0.8816 0.99764
71 0.90334 0.99982
72 0.93166 1
