Adjusted LCO Confidence Intervals for
n = 56 and Mean Coverage = 0.9500
Minimum Coverage = 0.9388 

0 0 0.05999
1 0.00113 0.08783
2 0.00716 0.11476
3 0.01606 0.14139
4 0.02652 0.16791
5 0.038 0.18646
6 0.05022 0.21286
7 0.05999 0.23117
8 0.07183 0.25757
9 0.08784 0.27576
10 0.09351 0.29388
11 0.11476 0.31547
12 0.12102 0.33842
13 0.14139 0.35646
14 0.15391 0.37446
15 0.16791 0.39244
16 0.18647 0.4104
17 0.19531 0.42834
18 0.21286 0.44626
19 0.23117 0.4661
20 0.24492 0.48534
21 0.25757 0.50358
22 0.27576 0.52082
23 0.29388 0.53742
24 0.31079 0.55374
25 0.31973 0.57166
26 0.33842 0.5896
27 0.35646 0.60756
28 0.37446 0.62554
29 0.39244 0.64354
30 0.4104 0.66158
31 0.42834 0.68027
32 0.44626 0.68921
33 0.46258 0.70612
34 0.47918 0.72424
35 0.49642 0.74243
36 0.51466 0.75508
37 0.5339 0.76883
38 0.55374 0.78714
39 0.57166 0.80469
40 0.5896 0.81353
41 0.60756 0.83209
42 0.62554 0.84609
43 0.64354 0.85861
44 0.66158 0.87898
45 0.68453 0.88524
46 0.70612 0.90649
47 0.72424 0.91216
48 0.74243 0.92817
49 0.76883 0.94001
50 0.78714 0.94978
51 0.81354 0.962
52 0.83209 0.97348
53 0.85861 0.98394
54 0.88524 0.99284
55 0.91217 0.99887
56 0.94001 1
