Adjusted LCO Confidence Intervals for
n = 78 and Mean Coverage = 0.9000
Minimum Coverage = 0.8821 

0 0 0.03315
1 0.00161 0.05793
2 0.00756 0.07715
3 0.01531 0.09068
4 0.02397 0.10957
5 0.03315 0.12844
6 0.03494 0.14161
7 0.05071 0.16045
8 0.05794 0.17352
9 0.06987 0.18652
10 0.07715 0.20537
11 0.09068 0.21833
12 0.09461 0.23126
13 0.10957 0.24416
14 0.12112 0.26305
15 0.12845 0.27594
16 0.14161 0.28881
17 0.15404 0.30166
18 0.16046 0.31451
19 0.17352 0.32892
20 0.18652 0.34632
21 0.19762 0.35915
22 0.20537 0.37198
23 0.21833 0.3848
24 0.23126 0.39761
25 0.24416 0.41042
26 0.25369 0.42322
27 0.26305 0.43602
28 0.27594 0.44882
29 0.28881 0.46162
30 0.30167 0.47441
31 0.31451 0.48721
32 0.32669 0.5
33 0.33422 0.51279
34 0.34632 0.52558
35 0.35915 0.53838
36 0.37198 0.55118
37 0.3848 0.56397
38 0.39761 0.57678
39 0.41042 0.58958
40 0.42322 0.60239
41 0.43603 0.6152
42 0.44882 0.62802
43 0.46162 0.64085
44 0.47442 0.65368
45 0.48721 0.66578
46 0.5 0.67331
47 0.51279 0.68549
48 0.52559 0.69833
49 0.53838 0.71119
50 0.55118 0.72406
51 0.56398 0.73695
52 0.57678 0.74631
53 0.58958 0.75584
54 0.60239 0.76874
55 0.6152 0.78167
56 0.62802 0.79463
57 0.64085 0.80238
58 0.65368 0.81348
59 0.67108 0.82648
60 0.68549 0.83954
61 0.69834 0.84596
62 0.71119 0.85839
63 0.72406 0.87155
64 0.73695 0.87888
65 0.75584 0.89043
66 0.76874 0.90539
67 0.78167 0.90932
68 0.79463 0.92285
69 0.81348 0.93013
70 0.82648 0.94206
71 0.83955 0.94929
72 0.85839 0.96506
73 0.87156 0.96685
74 0.89043 0.97603
75 0.90932 0.98469
76 0.92285 0.99244
77 0.94207 0.99839
78 0.96685 1
