Adjusted LCO Confidence Intervals for
n = 48 and Mean Coverage = 0.9000
Minimum Coverage = 0.8762 

0 0 0.05362
1 0.00275 0.09379
2 0.01267 0.11606
3 0.02553 0.14675
4 0.03987 0.17739
5 0.05362 0.19872
6 0.06303 0.21988
7 0.08499 0.25045
8 0.09379 0.27147
9 0.11606 0.29242
10 0.12728 0.3133
11 0.14675 0.34401
12 0.1672 0.36488
13 0.17739 0.38572
14 0.19873 0.40653
15 0.21988 0.42732
16 0.23456 0.44809
17 0.25045 0.46886
18 0.27148 0.48962
19 0.29242 0.51038
20 0.3133 0.53114
21 0.32829 0.55191
22 0.34401 0.57268
23 0.36488 0.59347
24 0.38572 0.61428
25 0.40653 0.63512
26 0.42732 0.65599
27 0.44809 0.67171
28 0.46886 0.6867
29 0.48962 0.70758
30 0.51038 0.72852
31 0.53114 0.74955
32 0.55191 0.76544
33 0.57268 0.78012
34 0.59347 0.80127
35 0.61428 0.82261
36 0.63512 0.8328
37 0.65599 0.85325
38 0.6867 0.87272
39 0.70758 0.88394
40 0.72853 0.90621
41 0.74955 0.91501
42 0.78012 0.93697
43 0.80128 0.94638
44 0.82261 0.96013
45 0.85325 0.97447
46 0.88394 0.98733
47 0.90621 0.99725
48 0.94638 1
