Adjusted LCO Confidence Intervals for
n = 70 and Mean Coverage = 0.99900
Minimum Coverage = 0.99862 

0 0 0.09837
1 2e-05 0.1286
2 0.00077 0.15198
3 0.00309 0.18036
4 0.00681 0.20268
5 0.01164 0.21848
6 0.01734 0.24044
7 0.02374 0.26235
8 0.03074 0.27767
9 0.03824 0.29951
10 0.04618 0.31466
11 0.05451 0.33118
12 0.06319 0.35156
13 0.07217 0.36654
14 0.08145 0.38148
15 0.09098 0.39849
16 0.09837 0.41832
17 0.10803 0.4332
18 0.11997 0.44807
19 0.1286 0.46292
20 0.13874 0.47776
21 0.15166 0.49258
22 0.1559 0.50741
23 0.17303 0.52224
24 0.18037 0.53708
25 0.19539 0.55193
26 0.20268 0.56679
27 0.21848 0.58168
28 0.22605 0.59394
29 0.24044 0.60485
30 0.25304 0.61852
31 0.26235 0.63346
32 0.27768 0.64844
33 0.28947 0.66195
34 0.29951 0.6709
35 0.31466 0.68534
36 0.3291 0.70049
37 0.33805 0.71053
38 0.35156 0.72232
39 0.36654 0.73765
40 0.38148 0.74696
41 0.39515 0.75956
42 0.40606 0.77395
43 0.41832 0.78152
44 0.43321 0.79732
45 0.44807 0.80461
46 0.46292 0.81963
47 0.47776 0.82697
48 0.49259 0.8441
49 0.50742 0.84834
50 0.52224 0.86126
51 0.53708 0.8714
52 0.55193 0.88003
53 0.5668 0.89197
54 0.58168 0.90163
55 0.60151 0.90902
56 0.61852 0.91855
57 0.63346 0.92783
58 0.64844 0.93681
59 0.66882 0.94549
60 0.68534 0.95382
61 0.70049 0.96176
62 0.72233 0.96926
63 0.73765 0.97626
64 0.75956 0.98266
65 0.78152 0.98836
66 0.79732 0.99319
67 0.81964 0.99691
68 0.84802 0.99923
69 0.8714 0.99998
70 0.90163 1
