Adjusted LCO Confidence Intervals for
n = 43 and Mean Coverage = 0.9000
Minimum Coverage = 0.8756 

0 0 0.05978
1 0.00309 0.09496
2 0.0142 0.12939
3 0.02859 0.16362
4 0.04466 0.18751
5 0.05978 0.2216
6 0.0712 0.24517
7 0.09496 0.26988
8 0.10217 0.30276
9 0.12939 0.32612
10 0.14466 0.3494
11 0.16362 0.37264
12 0.18751 0.39584
13 0.20063 0.4211
14 0.2216 0.45356
15 0.24517 0.47678
16 0.26818 0.5
17 0.28001 0.52322
18 0.30276 0.54644
19 0.32612 0.56325
20 0.3494 0.5824
21 0.37264 0.60416
22 0.39584 0.62736
23 0.4176 0.6506
24 0.43675 0.67388
25 0.45356 0.69724
26 0.47678 0.71999
27 0.5 0.73182
28 0.52322 0.75483
29 0.54644 0.7784
30 0.5789 0.79937
31 0.60416 0.81249
32 0.62736 0.83638
33 0.6506 0.85534
34 0.67388 0.87061
35 0.69724 0.89783
36 0.73012 0.90504
37 0.75483 0.9288
38 0.7784 0.94022
39 0.81249 0.95534
40 0.83638 0.97141
41 0.87061 0.9858
42 0.90504 0.99691
43 0.94022 1
