Adjusted LCO Confidence Intervals for
n = 57 and Mean Coverage = 0.9500
Minimum Coverage = 0.9378 

0 0 0.05894
1 0.00113 0.0863
2 0.0071 0.11276
3 0.01587 0.13892
4 0.02618 0.16498
5 0.03749 0.18321
6 0.04952 0.20914
7 0.05894 0.22713
8 0.07092 0.25306
9 0.0863 0.27094
10 0.09279 0.28874
11 0.11276 0.31091
12 0.11989 0.33249
13 0.13893 0.35021
14 0.1517 0.3679
15 0.16498 0.38556
16 0.18321 0.4032
17 0.19262 0.42082
18 0.20914 0.44053
19 0.22713 0.46211
20 0.24092 0.48236
21 0.25306 0.5
22 0.27094 0.51764
23 0.28874 0.53374
24 0.30527 0.548
25 0.31298 0.56311
26 0.33249 0.57918
27 0.35021 0.5968
28 0.3679 0.61444
29 0.38556 0.6321
30 0.4032 0.64979
31 0.42082 0.66751
32 0.43689 0.68702
33 0.452 0.69473
34 0.46626 0.71126
35 0.48236 0.72906
36 0.5 0.74694
37 0.51764 0.75908
38 0.53789 0.77287
39 0.55947 0.79086
40 0.57918 0.80738
41 0.5968 0.81679
42 0.61444 0.83502
43 0.6321 0.8483
44 0.64979 0.86107
45 0.66751 0.88011
46 0.68909 0.88724
47 0.71126 0.90721
48 0.72906 0.9137
49 0.74694 0.92908
50 0.77287 0.94106
51 0.79086 0.95048
52 0.81679 0.96251
53 0.83502 0.97382
54 0.86108 0.98413
55 0.88724 0.9929
56 0.9137 0.99887
57 0.94106 1
