Adjusted LCO Confidence Intervals for
n = 80 and Mean Coverage = 0.99900
Minimum Coverage = 0.99865 

0 0 0.08591
1 2e-05 0.11231
2 0.00066 0.13772
3 0.00267 0.15748
4 0.00591 0.17695
5 0.0101 0.19625
6 0.01504 0.21546
7 0.0206 0.22899
8 0.02667 0.24805
9 0.03318 0.2671
10 0.04005 0.28038
11 0.04726 0.29358
12 0.05476 0.31258
13 0.06253 0.3257
14 0.07055 0.33958
15 0.07878 0.3578
16 0.08592 0.37082
17 0.09267 0.38382
18 0.10351 0.39679
19 0.11231 0.41266
20 0.11836 0.42888
21 0.13061 0.44183
22 0.13772 0.45477
23 0.14844 0.4677
24 0.15748 0.48062
25 0.16704 0.49354
26 0.17695 0.50646
27 0.18684 0.51938
28 0.19625 0.5323
29 0.20778 0.54523
30 0.21546 0.55817
31 0.22899 0.57112
32 0.23612 0.58255
33 0.24805 0.59191
34 0.26062 0.60321
35 0.2671 0.61618
36 0.28038 0.62918
37 0.29358 0.6422
38 0.3013 0.6533
39 0.31258 0.66162
40 0.3257 0.6743
41 0.33838 0.68742
42 0.3467 0.6987
43 0.3578 0.70642
44 0.37082 0.71962
45 0.38382 0.7329
46 0.39679 0.73938
47 0.40809 0.75195
48 0.41745 0.76388
49 0.42888 0.77101
50 0.44183 0.78454
51 0.45477 0.79222
52 0.4677 0.80375
53 0.48062 0.81316
54 0.49354 0.82305
55 0.50646 0.83296
56 0.51938 0.84252
57 0.5323 0.85156
58 0.54523 0.86228
59 0.55817 0.86939
60 0.57112 0.88164
61 0.58734 0.88769
62 0.60321 0.89649
63 0.61618 0.90733
64 0.62918 0.91408
65 0.6422 0.92122
66 0.66042 0.92945
67 0.6743 0.93747
68 0.68742 0.94524
69 0.70642 0.95274
70 0.71962 0.95995
71 0.7329 0.96682
72 0.75195 0.97333
73 0.77101 0.9794
74 0.78454 0.98496
75 0.80375 0.9899
76 0.82305 0.99409
77 0.84252 0.99733
78 0.86228 0.99934
79 0.88769 0.99998
80 0.91409 1
