Adjusted LCO Confidence Intervals for
n = 64 and Mean Coverage = 0.99900
Minimum Coverage = 0.99860 

0 0 0.10775
1 2e-05 0.14087
2 0.00085 0.16618
3 0.0034 0.19085
4 0.00749 0.2152
5 0.0128 0.23938
6 0.01906 0.26349
7 0.02611 0.28036
8 0.03381 0.30434
9 0.04207 0.32098
10 0.05082 0.33923
11 0.06 0.36148
12 0.06957 0.37792
13 0.07949 0.3943
14 0.08973 0.41158
15 0.10026 0.43476
16 0.10775 0.45109
17 0.11965 0.46741
18 0.13252 0.48371
19 0.14087 0.5
20 0.15399 0.51629
21 0.16618 0.53259
22 0.17595 0.54891
23 0.19085 0.56524
24 0.19967 0.57688
25 0.2152 0.59
26 0.22613 0.6057
27 0.23939 0.62208
28 0.25404 0.63852
29 0.26349 0.65322
30 0.28036 0.66325
31 0.29352 0.67902
32 0.30434 0.69566
33 0.32098 0.70648
34 0.33675 0.71964
35 0.34678 0.73651
36 0.36148 0.74596
37 0.37792 0.76061
38 0.3943 0.77387
39 0.41 0.7848
40 0.42312 0.80033
41 0.43476 0.80915
42 0.45109 0.82405
43 0.46741 0.83382
44 0.48371 0.84601
45 0.5 0.85913
46 0.51629 0.86748
47 0.53259 0.88035
48 0.54891 0.89225
49 0.56524 0.89974
50 0.58842 0.91027
51 0.6057 0.92051
52 0.62208 0.93043
53 0.63852 0.94
54 0.66077 0.94918
55 0.67902 0.95793
56 0.69566 0.96619
57 0.71964 0.97389
58 0.73651 0.98094
59 0.76062 0.9872
60 0.7848 0.99251
61 0.80915 0.9966
62 0.83382 0.99915
63 0.85913 0.99998
64 0.89225 1
