Adjusted LCO Confidence Intervals for
n = 59 and Mean Coverage = 0.99900
Minimum Coverage = 0.99856 

0 0 0.11706
1 2e-05 0.15305
2 0.00094 0.18054
3 0.00373 0.20736
4 0.00821 0.23385
5 0.01401 0.26017
6 0.02086 0.27862
7 0.02857 0.30474
8 0.037 0.32289
9 0.04603 0.34376
10 0.05561 0.36697
11 0.06566 0.38486
12 0.07614 0.40268
13 0.087 0.42165
14 0.09823 0.44672
15 0.10979 0.4645
16 0.11706 0.48225
17 0.13164 0.5
18 0.14541 0.51774
19 0.15305 0.5355
20 0.16962 0.55327
21 0.18054 0.56576
22 0.19492 0.5804
23 0.20736 0.59732
24 0.22204 0.61514
25 0.23385 0.63303
26 0.251 0.64989
27 0.26017 0.6603
28 0.27863 0.67711
29 0.29326 0.69526
30 0.30474 0.70674
31 0.32289 0.72137
32 0.3397 0.73983
33 0.35011 0.749
34 0.36697 0.76615
35 0.38486 0.77796
36 0.40268 0.79264
37 0.4196 0.80508
38 0.43424 0.81946
39 0.44673 0.83038
40 0.4645 0.84695
41 0.48226 0.85459
42 0.5 0.86836
43 0.51775 0.88294
44 0.5355 0.89021
45 0.55328 0.90177
46 0.57835 0.913
47 0.59732 0.92386
48 0.61514 0.93434
49 0.63303 0.94439
50 0.65624 0.95397
51 0.67711 0.963
52 0.69526 0.97143
53 0.72138 0.97914
54 0.73983 0.98599
55 0.76615 0.99179
56 0.79264 0.99627
57 0.81946 0.99906
58 0.84695 0.99998
59 0.88294 1
