Adjusted LCO Confidence Intervals for
n = 36 and Mean Coverage = 0.9900
Minimum Coverage = 0.9856 

0 0 0.12616
1 4e-04 0.18271
2 0.00507 0.21725
3 0.01421 0.25645
4 0.02632 0.29876
5 0.04052 0.3281
6 0.05632 0.36303
7 0.07339 0.3994
8 0.09154 0.42824
9 0.1106 0.45698
10 0.12616 0.48567
11 0.14543 0.51433
12 0.17047 0.54302
13 0.18271 0.57176
14 0.21334 0.6006
15 0.22308 0.62803
16 0.25645 0.64538
17 0.27865 0.6719
18 0.29876 0.70124
19 0.3281 0.72135
20 0.35462 0.74355
21 0.37197 0.77692
22 0.3994 0.78666
23 0.42824 0.81729
24 0.45698 0.82953
25 0.48567 0.85457
26 0.51433 0.87384
27 0.54302 0.8894
28 0.57176 0.90846
29 0.6006 0.92661
30 0.63697 0.94368
31 0.6719 0.95948
32 0.70124 0.97368
33 0.74355 0.98579
34 0.78275 0.99493
35 0.81729 0.9996
36 0.87384 1
