Adjusted LCO Confidence Intervals for
n = 33 and Mean Coverage = 0.9000
Minimum Coverage = 0.8720 

0 0 0.0776
1 0.00414 0.12327
2 0.01885 0.168
3 0.03785 0.21256
4 0.05905 0.24352
5 0.0776 0.27415
6 0.09641 0.3186
7 0.12327 0.34902
8 0.14224 0.37934
9 0.16801 0.40956
10 0.19704 0.43974
11 0.21256 0.46988
12 0.24352 0.5
13 0.27415 0.53012
14 0.29816 0.56026
15 0.3186 0.59043
16 0.34903 0.62066
17 0.37934 0.65097
18 0.40957 0.6814
19 0.43974 0.70184
20 0.46988 0.72585
21 0.5 0.75648
22 0.53012 0.78744
23 0.56026 0.80296
24 0.59044 0.83199
25 0.62066 0.85776
26 0.65098 0.87673
27 0.6814 0.90359
28 0.72585 0.9224
29 0.75648 0.94095
30 0.78744 0.96215
31 0.832 0.98115
32 0.87673 0.99586
33 0.9224 1
