Adjusted LCO Confidence Intervals for
n = 69 and Mean Coverage = 0.9000
Minimum Coverage = 0.8820 

0 0 0.03744
1 0.00182 0.06544
2 0.00855 0.08715
3 0.01733 0.10241
4 0.02714 0.12376
5 0.03744 0.14509
6 0.04027 0.15996
7 0.05752 0.17472
8 0.06544 0.196
9 0.07938 0.21069
10 0.08715 0.22532
11 0.10242 0.24664
12 0.1093 0.26124
13 0.12376 0.27581
14 0.1382 0.29035
15 0.14509 0.30648
16 0.15996 0.32629
17 0.17472 0.34081
18 0.18374 0.35532
19 0.196 0.36982
20 0.21069 0.3843
21 0.22532 0.39878
22 0.2359 0.41325
23 0.24664 0.42772
24 0.26124 0.44218
25 0.27581 0.45697
26 0.29036 0.47271
27 0.30429 0.48801
28 0.3122 0.50267
29 0.32629 0.51671
30 0.34081 0.5303
31 0.35532 0.54363
32 0.36982 0.55782
33 0.3843 0.57228
34 0.39878 0.58675
35 0.41325 0.60122
36 0.42772 0.6157
37 0.44218 0.63018
38 0.45637 0.64468
39 0.4697 0.65919
40 0.48329 0.67371
41 0.49733 0.6878
42 0.51199 0.69571
43 0.52729 0.70964
44 0.54303 0.72419
45 0.55782 0.73876
46 0.57228 0.75336
47 0.58675 0.7641
48 0.60122 0.77468
49 0.6157 0.78931
50 0.63018 0.804
51 0.64468 0.81626
52 0.65919 0.82528
53 0.67371 0.84004
54 0.69352 0.85491
55 0.70965 0.8618
56 0.72419 0.87624
57 0.73876 0.8907
58 0.75336 0.89758
59 0.77468 0.91285
60 0.78931 0.92062
61 0.804 0.93456
62 0.82528 0.94248
63 0.84004 0.95973
64 0.85491 0.96256
65 0.87624 0.97286
66 0.89759 0.98267
67 0.91285 0.99145
68 0.93456 0.99818
69 0.96256 1
