Adjusted LCO Confidence Intervals for
n = 86 and Mean Coverage = 0.9900
Minimum Coverage = 0.9875 

0 0 0.05718
1 0.00015 0.08087
2 0.00196 0.09907
3 0.00557 0.11689
4 0.01038 0.13452
5 0.016 0.15206
6 0.02224 0.16953
7 0.02896 0.18182
8 0.03607 0.1992
9 0.0435 0.21134
10 0.05121 0.22869
11 0.05719 0.24074
12 0.06473 0.25809
13 0.07466 0.27007
14 0.08087 0.28202
15 0.09022 0.29939
16 0.09907 0.3113
17 0.10632 0.32319
18 0.11689 0.33506
19 0.12377 0.34887
20 0.13452 0.36434
21 0.14286 0.37618
22 0.15206 0.388
23 0.16291 0.39982
24 0.16953 0.41163
25 0.18182 0.42343
26 0.19004 0.43522
27 0.1992 0.44798
28 0.21134 0.46161
29 0.21921 0.4764
30 0.22869 0.4882
31 0.24074 0.5
32 0.25102 0.5118
33 0.25809 0.5236
34 0.27007 0.53312
35 0.28202 0.54334
36 0.2924 0.55375
37 0.29939 0.56478
38 0.3113 0.57657
39 0.32319 0.58837
40 0.33506 0.60018
41 0.34607 0.612
42 0.35316 0.62382
43 0.36434 0.63566
44 0.37618 0.64684
45 0.388 0.65393
46 0.39982 0.66494
47 0.41163 0.67681
48 0.42343 0.6887
49 0.43522 0.70061
50 0.44625 0.7076
51 0.45666 0.71798
52 0.46688 0.72993
53 0.4764 0.74191
54 0.4882 0.74898
55 0.5 0.75926
56 0.5118 0.77131
57 0.5236 0.78079
58 0.53839 0.78866
59 0.55202 0.8008
60 0.56478 0.80996
61 0.57657 0.81818
62 0.58837 0.83047
63 0.60018 0.83709
64 0.612 0.84794
65 0.62382 0.85714
66 0.63566 0.86548
67 0.65113 0.87623
68 0.66494 0.88311
69 0.67681 0.89368
70 0.6887 0.90093
71 0.70061 0.90978
72 0.71798 0.91913
73 0.72993 0.92534
74 0.74191 0.93527
75 0.75926 0.94281
76 0.77131 0.94879
77 0.78866 0.9565
78 0.8008 0.96393
79 0.81818 0.97104
80 0.83047 0.97776
81 0.84794 0.984
82 0.86548 0.98962
83 0.88311 0.99443
84 0.90093 0.99804
85 0.91913 0.99985
86 0.94282 1
