Adjusted LCO Confidence Intervals for
n = 46 and Mean Coverage = 0.9500
Minimum Coverage = 0.9359 

0 0 0.07295
1 0.00144 0.10679
2 0.00896 0.13954
3 0.01997 0.17196
4 0.03289 0.19518
5 0.04706 0.22679
6 0.06215 0.2491
7 0.07295 0.28125
8 0.08995 0.30337
9 0.10679 0.3254
10 0.12026 0.34968
11 0.13954 0.37966
12 0.15571 0.4016
13 0.17196 0.4235
14 0.19453 0.44538
15 0.20273 0.46723
16 0.22679 0.48908
17 0.2491 0.51092
18 0.26381 0.53277
19 0.28125 0.55462
20 0.30337 0.5765
21 0.3254 0.5984
22 0.34627 0.62033
23 0.36044 0.63956
24 0.37967 0.65373
25 0.4016 0.6746
26 0.4235 0.69663
27 0.44538 0.71875
28 0.46723 0.73619
29 0.48908 0.7509
30 0.51092 0.77321
31 0.53277 0.79727
32 0.55462 0.80547
33 0.5765 0.82804
34 0.5984 0.84429
35 0.62034 0.86046
36 0.65032 0.87974
37 0.6746 0.89321
38 0.69663 0.91005
39 0.71875 0.92705
40 0.7509 0.93785
41 0.77321 0.95294
42 0.80482 0.96711
43 0.82804 0.98003
44 0.86046 0.99104
45 0.89321 0.99856
46 0.92705 1
