Adjusted LCO Confidence Intervals for
n = 77 and Mean Coverage = 0.9000
Minimum Coverage = 0.8812 

0 0 0.03358
1 0.00164 0.05868
2 0.00769 0.07815
3 0.01556 0.09185
4 0.02436 0.11098
5 0.03358 0.1301
6 0.03611 0.14344
7 0.05153 0.15703
8 0.05868 0.17576
9 0.07102 0.18893
10 0.07815 0.20802
11 0.09185 0.22115
12 0.09693 0.23424
13 0.11098 0.24731
14 0.12315 0.26645
15 0.1301 0.2795
16 0.14344 0.29254
17 0.15663 0.30556
18 0.16044 0.31857
19 0.17576 0.33157
20 0.18893 0.3508
21 0.20112 0.3638
22 0.20802 0.37679
23 0.22115 0.38978
24 0.23424 0.40276
25 0.24731 0.41573
26 0.25861 0.4287
27 0.26645 0.44167
28 0.2795 0.45464
29 0.29254 0.4676
30 0.30556 0.48056
31 0.31857 0.49352
32 0.33157 0.50648
33 0.34232 0.51944
34 0.3508 0.5324
35 0.3638 0.54536
36 0.37679 0.55833
37 0.38978 0.5713
38 0.40276 0.58427
39 0.41573 0.59724
40 0.4287 0.61022
41 0.44167 0.62321
42 0.45464 0.6362
43 0.4676 0.6492
44 0.48056 0.65768
45 0.49352 0.66843
46 0.50648 0.68143
47 0.51944 0.69444
48 0.5324 0.70746
49 0.54536 0.7205
50 0.55833 0.73355
51 0.5713 0.74139
52 0.58427 0.75269
53 0.59724 0.76576
54 0.61022 0.77885
55 0.62321 0.79198
56 0.6362 0.79888
57 0.6492 0.81107
58 0.66843 0.82424
59 0.68143 0.83956
60 0.69444 0.84337
61 0.70746 0.85656
62 0.7205 0.8699
63 0.73355 0.87685
64 0.75269 0.88902
65 0.76576 0.90307
66 0.77885 0.90815
67 0.79198 0.92185
68 0.81107 0.92898
69 0.82424 0.94132
70 0.84297 0.94847
71 0.85656 0.96389
72 0.8699 0.96642
73 0.88902 0.97564
74 0.90815 0.98444
75 0.92185 0.99231
76 0.94132 0.99836
77 0.96642 1
