Adjusted LCO Confidence Intervals for
n = 83 and Mean Coverage = 0.9900
Minimum Coverage = 0.9874 

0 0 0.05926
1 0.00015 0.0838
2 0.00203 0.10266
3 0.00579 0.12113
4 0.01077 0.1394
5 0.01662 0.15757
6 0.02309 0.17568
7 0.03007 0.18841
8 0.03745 0.20643
9 0.04516 0.21901
10 0.05317 0.237
11 0.05926 0.24948
12 0.06731 0.26191
13 0.07755 0.27989
14 0.08381 0.29227
15 0.09382 0.30462
16 0.10266 0.32264
17 0.11074 0.33496
18 0.12113 0.34726
19 0.12904 0.35954
20 0.1394 0.3718
21 0.14888 0.3899
22 0.15757 0.40217
23 0.16964 0.41442
24 0.17568 0.42666
25 0.18841 0.4389
26 0.19839 0.45112
27 0.20643 0.46335
28 0.21901 0.47557
29 0.22918 0.48778
30 0.237 0.5
31 0.24948 0.51222
32 0.26191 0.52443
33 0.26887 0.53665
34 0.2799 0.54888
35 0.29228 0.5611
36 0.30462 0.57334
37 0.31412 0.58558
38 0.32264 0.59783
39 0.33496 0.61009
40 0.34726 0.61845
41 0.35954 0.6282
42 0.3718 0.64046
43 0.38155 0.65274
44 0.38991 0.66504
45 0.40217 0.67736
46 0.41442 0.68588
47 0.42666 0.69538
48 0.4389 0.70772
49 0.45112 0.7201
50 0.46335 0.73113
51 0.47557 0.73809
52 0.48778 0.75052
53 0.5 0.763
54 0.51222 0.77082
55 0.52443 0.78099
56 0.53665 0.79357
57 0.54888 0.80161
58 0.5611 0.81159
59 0.57334 0.82432
60 0.58558 0.83036
61 0.59783 0.84243
62 0.6101 0.85112
63 0.6282 0.8606
64 0.64046 0.87096
65 0.65274 0.87887
66 0.66504 0.88926
67 0.67736 0.89734
68 0.69538 0.90618
69 0.70773 0.91619
70 0.72011 0.92245
71 0.73809 0.93269
72 0.75052 0.94074
73 0.763 0.94683
74 0.78099 0.95484
75 0.79357 0.96255
76 0.81159 0.96993
77 0.82432 0.97691
78 0.84243 0.98338
79 0.8606 0.98923
80 0.87887 0.99421
81 0.89734 0.99797
82 0.9162 0.99985
83 0.94074 1
