Adjusted LCO Confidence Intervals for
n = 60 and Mean Coverage = 0.9500
Minimum Coverage = 0.9378 

0 0 0.05601
1 0.00107 0.08201
2 0.00674 0.10715
3 0.01508 0.13201
4 0.02486 0.15676
5 0.03559 0.17439
6 0.047 0.19872
7 0.05601 0.21582
8 0.0672 0.24044
9 0.08201 0.25743
10 0.08744 0.27434
11 0.10715 0.29901
12 0.11265 0.31588
13 0.13201 0.33272
14 0.14319 0.34952
15 0.15676 0.3663
16 0.17403 0.39111
17 0.17968 0.40789
18 0.19872 0.42466
19 0.21582 0.44141
20 0.22605 0.45816
21 0.24044 0.4749
22 0.25743 0.49163
23 0.27435 0.50837
24 0.28592 0.5251
25 0.29901 0.54184
26 0.31588 0.55859
27 0.33272 0.57534
28 0.34952 0.59211
29 0.3663 0.60889
30 0.37936 0.62064
31 0.39111 0.6337
32 0.40789 0.65048
33 0.42466 0.66728
34 0.44141 0.68412
35 0.45816 0.70099
36 0.4749 0.71408
37 0.49163 0.72565
38 0.50837 0.74257
39 0.5251 0.75956
40 0.54184 0.77395
41 0.55859 0.78418
42 0.57534 0.80128
43 0.59211 0.82032
44 0.60889 0.82597
45 0.6337 0.84324
46 0.65048 0.85681
47 0.66728 0.86799
48 0.68412 0.88735
49 0.70099 0.89285
50 0.72566 0.91256
51 0.74257 0.91799
52 0.75956 0.9328
53 0.78418 0.94399
54 0.80128 0.953
55 0.82561 0.96441
56 0.84324 0.97514
57 0.86799 0.98492
58 0.89285 0.99326
59 0.91799 0.99893
60 0.94399 1
