Adjusted LCO Confidence Intervals for
n = 88 and Mean Coverage = 0.9500
Minimum Coverage = 0.9399 

0 0 0.03825
1 7e-04 0.06065
2 0.0045 0.07795
3 0.0101 0.095
4 0.01668 0.10705
5 0.0239 0.12388
6 0.03157 0.1407
7 0.03825 0.15246
8 0.04433 0.16924
9 0.05508 0.1809
10 0.06065 0.19251
11 0.07137 0.20928
12 0.07795 0.22084
13 0.08894 0.23237
14 0.095 0.24916
15 0.10705 0.26067
16 0.11218 0.27215
17 0.12388 0.28362
18 0.13431 0.30046
19 0.1407 0.31192
20 0.15246 0.32337
21 0.16274 0.3348
22 0.16924 0.34623
23 0.1809 0.35765
24 0.19251 0.37456
25 0.19901 0.38598
26 0.20928 0.3974
27 0.22084 0.40882
28 0.23237 0.42022
29 0.23986 0.43163
30 0.24916 0.44303
31 0.26067 0.45442
32 0.27215 0.46582
33 0.28362 0.47721
34 0.29197 0.48861
35 0.30046 0.5
36 0.31192 0.51139
37 0.32337 0.52279
38 0.3348 0.53418
39 0.34623 0.54557
40 0.35765 0.55697
41 0.3672 0.56837
42 0.37456 0.57978
43 0.38599 0.59118
44 0.3974 0.6026
45 0.40882 0.61401
46 0.42022 0.62544
47 0.43163 0.6328
48 0.44303 0.64235
49 0.45443 0.65377
50 0.46582 0.6652
51 0.47721 0.67663
52 0.48861 0.68808
53 0.5 0.69954
54 0.51139 0.70803
55 0.52279 0.71638
56 0.53418 0.72785
57 0.54558 0.73933
58 0.55697 0.75084
59 0.56837 0.76014
60 0.57978 0.76763
61 0.59118 0.77916
62 0.6026 0.79072
63 0.61402 0.80099
64 0.62544 0.80749
65 0.64235 0.8191
66 0.65377 0.83076
67 0.6652 0.83726
68 0.67663 0.84754
69 0.68808 0.8593
70 0.69954 0.86569
71 0.71638 0.87612
72 0.72785 0.88782
73 0.73933 0.89295
74 0.75084 0.905
75 0.76763 0.91106
76 0.77916 0.92205
77 0.79072 0.92863
78 0.80749 0.93935
79 0.8191 0.94492
80 0.83076 0.95567
81 0.84754 0.96175
82 0.8593 0.96843
83 0.87612 0.9761
84 0.89295 0.98332
85 0.905 0.9899
86 0.92205 0.9955
87 0.93935 0.9993
88 0.96175 1
