Adjusted LCO Confidence Intervals for
n = 79 and Mean Coverage = 0.9000
Minimum Coverage = 0.8829 

0 0 0.03767
1 0.00158 0.0572
2 0.00743 0.07618
3 0.01507 0.08954
4 0.02361 0.10819
5 0.03272 0.12683
6 0.03767 0.13983
7 0.04993 0.15844
8 0.05721 0.17133
9 0.06878 0.18418
10 0.07618 0.20278
11 0.08954 0.21558
12 0.09183 0.22835
13 0.10819 0.24109
14 0.11916 0.25974
15 0.12683 0.27246
16 0.13983 0.28517
17 0.15155 0.29786
18 0.15844 0.31055
19 0.17133 0.32927
20 0.18418 0.34195
21 0.1942 0.35462
22 0.20278 0.36729
23 0.21558 0.37994
24 0.22835 0.3926
25 0.24109 0.40524
26 0.24854 0.41788
27 0.25974 0.43052
28 0.27246 0.44316
29 0.28517 0.45579
30 0.29787 0.46842
31 0.31055 0.48106
32 0.32048 0.49368
33 0.32927 0.50631
34 0.34195 0.51894
35 0.35462 0.53157
36 0.36729 0.54421
37 0.37994 0.55684
38 0.3926 0.56947
39 0.40524 0.58211
40 0.41789 0.59476
41 0.43053 0.6074
42 0.44316 0.62006
43 0.45579 0.63271
44 0.46843 0.64538
45 0.48106 0.65805
46 0.49369 0.67073
47 0.50632 0.67952
48 0.51894 0.68945
49 0.53158 0.70213
50 0.54421 0.71483
51 0.55684 0.72754
52 0.56948 0.74026
53 0.58212 0.75146
54 0.59476 0.75891
55 0.6074 0.77165
56 0.62006 0.78442
57 0.63271 0.79722
58 0.64538 0.8058
59 0.65805 0.81582
60 0.67073 0.82867
61 0.68945 0.84156
62 0.70214 0.84845
63 0.71483 0.86017
64 0.72754 0.87317
65 0.74026 0.88084
66 0.75891 0.89181
67 0.77165 0.90817
68 0.78442 0.91046
69 0.79722 0.92382
70 0.81582 0.93122
71 0.82867 0.94279
72 0.84156 0.95007
73 0.86017 0.96233
74 0.87317 0.96728
75 0.89181 0.97639
76 0.91046 0.98493
77 0.92382 0.99257
78 0.9428 0.99842
79 0.96233 1
