Adjusted LCO Confidence Intervals for
n = 26 and Mean Coverage = 0.9000
Minimum Coverage = 0.8660 

0 0 0.09807
1 0.00552 0.15581
2 0.02465 0.21246
3 0.04922 0.25183
4 0.07662 0.2976
5 0.09807 0.34685
6 0.12775 0.38531
7 0.15581 0.42362
8 0.19003 0.46183
9 0.21246 0.5
10 0.25183 0.53817
11 0.28854 0.57638
12 0.30641 0.61469
13 0.34685 0.65315
14 0.38531 0.69359
15 0.42362 0.71146
16 0.46183 0.74817
17 0.5 0.78754
18 0.53817 0.80997
19 0.57638 0.84419
20 0.61469 0.87225
21 0.65315 0.90193
22 0.7024 0.92338
23 0.74817 0.95078
24 0.78754 0.97535
25 0.84419 0.99448
26 0.90193 1
