Adjusted LCO Confidence Intervals for
n = 89 and Mean Coverage = 0.9500
Minimum Coverage = 0.9404 

0 0 0.03783
1 0.00069 0.05997
2 0.00443 0.07707
3 0.00995 0.09394
4 0.01645 0.10585
5 0.02357 0.1225
6 0.03114 0.13912
7 0.03783 0.15075
8 0.04364 0.16734
9 0.05433 0.17887
10 0.05997 0.19035
11 0.07038 0.20693
12 0.07707 0.21836
13 0.0877 0.22976
14 0.09394 0.24636
15 0.10585 0.25774
16 0.11007 0.2691
17 0.1225 0.28117
18 0.13238 0.29708
19 0.13913 0.30842
20 0.15075 0.31974
21 0.16034 0.33104
22 0.16734 0.34234
23 0.17887 0.35611
24 0.19035 0.37035
25 0.19504 0.38165
26 0.20693 0.39294
27 0.21836 0.40422
28 0.22977 0.4155
29 0.23518 0.42677
30 0.24636 0.43804
31 0.25774 0.44931
32 0.2691 0.46058
33 0.28019 0.47184
34 0.28608 0.48311
35 0.29708 0.49437
36 0.30842 0.50563
37 0.31974 0.51689
38 0.33105 0.52816
39 0.34235 0.53942
40 0.35264 0.55069
41 0.3592 0.56196
42 0.37035 0.57323
43 0.38165 0.5845
44 0.39294 0.59578
45 0.40422 0.60706
46 0.4155 0.61835
47 0.42677 0.62965
48 0.43804 0.6408
49 0.44931 0.64736
50 0.46058 0.65765
51 0.47184 0.66895
52 0.48311 0.68026
53 0.49437 0.69158
54 0.50563 0.70292
55 0.51689 0.71392
56 0.52816 0.71981
57 0.53942 0.7309
58 0.55069 0.74226
59 0.56196 0.75364
60 0.57323 0.76482
61 0.5845 0.77023
62 0.59578 0.78164
63 0.60706 0.79307
64 0.61835 0.80496
65 0.62965 0.80965
66 0.64389 0.82113
67 0.65766 0.83266
68 0.66896 0.83966
69 0.68026 0.84925
70 0.69158 0.86087
71 0.70292 0.86762
72 0.71883 0.8775
73 0.7309 0.88993
74 0.74226 0.89415
75 0.75364 0.90606
76 0.77024 0.9123
77 0.78164 0.92293
78 0.79307 0.92962
79 0.80965 0.94003
80 0.82113 0.94567
81 0.83266 0.95636
82 0.84925 0.96217
83 0.86088 0.96886
84 0.8775 0.97643
85 0.89415 0.98355
86 0.90606 0.99005
87 0.92293 0.99557
88 0.94003 0.99931
89 0.96217 1
