Adjusted LCO Confidence Intervals for
n = 32 and Mean Coverage = 0.99900
Minimum Coverage = 0.99836 

0 0 0.19364
1 5e-05 0.26057
2 0.00185 0.30505
3 0.00729 0.3473
4 0.01598 0.39061
5 0.02727 0.43186
6 0.04065 0.466
7 0.05579 0.5
8 0.07243 0.534
9 0.0904 0.56814
10 0.10957 0.60071
11 0.12984 0.62205
12 0.15113 0.6527
13 0.17338 0.69041
14 0.19364 0.70483
15 0.21425 0.73943
16 0.24384 0.75616
17 0.26057 0.78575
18 0.29517 0.80636
19 0.30959 0.82662
20 0.3473 0.84887
21 0.37795 0.87016
22 0.39929 0.89043
23 0.43186 0.9096
24 0.466 0.92757
25 0.5 0.94421
26 0.534 0.95935
27 0.56814 0.97273
28 0.60939 0.98402
29 0.6527 0.99271
30 0.69495 0.99815
31 0.73943 0.99995
32 0.80636 1
