Adjusted LCO Confidence Intervals for
n = 66 and Mean Coverage = 0.9500
Minimum Coverage = 0.9380 

0 0 0.05094
1 0.00097 0.0746
2 0.00611 0.10383
3 0.01367 0.12007
4 0.02255 0.14257
5 0.03227 0.16502
6 0.04261 0.18072
7 0.05094 0.20311
8 0.0607 0.21864
9 0.0746 0.2341
10 0.07737 0.25648
11 0.09716 0.27187
12 0.10383 0.28722
13 0.12007 0.30253
14 0.12821 0.32498
15 0.14257 0.34028
16 0.15656 0.35555
17 0.16502 0.3708
18 0.18072 0.38603
19 0.19462 0.40125
20 0.20311 0.41707
21 0.21864 0.43749
22 0.2341 0.45434
23 0.24539 0.46956
24 0.25648 0.48478
25 0.27187 0.5
26 0.28722 0.51522
27 0.30253 0.53044
28 0.31231 0.54566
29 0.32499 0.56088
30 0.34028 0.57133
31 0.35555 0.58397
32 0.3708 0.59875
33 0.38603 0.61397
34 0.40125 0.6292
35 0.41603 0.64445
36 0.42867 0.65972
37 0.43912 0.67501
38 0.45434 0.68769
39 0.46956 0.69747
40 0.48478 0.71278
41 0.5 0.72813
42 0.51522 0.74352
43 0.53044 0.75461
44 0.54566 0.7659
45 0.56251 0.78136
46 0.58293 0.79689
47 0.59875 0.80538
48 0.61397 0.81928
49 0.6292 0.83498
50 0.64445 0.84344
51 0.65972 0.85743
52 0.67502 0.87179
53 0.69747 0.87993
54 0.71278 0.89617
55 0.72813 0.90284
56 0.74352 0.92263
57 0.7659 0.9254
58 0.78136 0.9393
59 0.79689 0.94906
60 0.81928 0.95739
61 0.83498 0.96773
62 0.85743 0.97745
63 0.87993 0.98633
64 0.89617 0.99389
65 0.9254 0.99903
66 0.94906 1
