Adjusted LCO Confidence Intervals for
n = 30 and Mean Coverage = 0.9500
Minimum Coverage = 0.9322 

0 0 0.11153
1 0.00234 0.16323
2 0.01424 0.2134
3 0.03156 0.24836
4 0.05189 0.29783
5 0.07423 0.33198
6 0.09807 0.36584
7 0.11153 0.39952
8 0.14474 0.43386
9 0.16323 0.47182
10 0.19724 0.50646
11 0.2134 0.53781
12 0.24836 0.56751
13 0.2793 0.60048
14 0.29783 0.63416
15 0.33198 0.66802
16 0.36584 0.70217
17 0.39952 0.7207
18 0.43249 0.75164
19 0.46219 0.7866
20 0.49354 0.80276
21 0.52818 0.83677
22 0.56614 0.85526
23 0.60048 0.88847
24 0.63416 0.90193
25 0.66802 0.92577
26 0.70217 0.94811
27 0.75164 0.96844
28 0.7866 0.98576
29 0.83677 0.99766
30 0.88847 1
