Adjusted LCO Confidence Intervals for
n = 35 and Mean Coverage = 0.9000
Minimum Coverage = 0.8735 

0 0 0.07323
1 0.00386 0.11633
2 0.01764 0.15854
3 0.03548 0.20055
4 0.05539 0.22978
5 0.07323 0.25941
6 0.08988 0.30057
7 0.11633 0.32928
8 0.13209 0.35787
9 0.15854 0.38638
10 0.18372 0.41523
11 0.20056 0.44997
12 0.22978 0.48574
13 0.25845 0.51426
14 0.27302 0.53764
15 0.30057 0.56137
16 0.32928 0.58545
17 0.35787 0.61362
18 0.38638 0.64213
19 0.41455 0.67072
20 0.43863 0.69943
21 0.46236 0.72698
22 0.48574 0.74155
23 0.51426 0.77022
24 0.55003 0.79944
25 0.58477 0.81628
26 0.61362 0.84146
27 0.64213 0.86791
28 0.67072 0.88367
29 0.69943 0.91012
30 0.74059 0.92677
31 0.77022 0.94461
32 0.79945 0.96452
33 0.84146 0.98236
34 0.88367 0.99614
35 0.92677 1
