Adjusted LCO Confidence Intervals for
n = 77 and Mean Coverage = 0.99900
Minimum Coverage = 0.99867 

0 0 0.08931
1 2e-05 0.11675
2 0.00068 0.14316
3 0.00276 0.16371
4 0.00612 0.18395
5 0.01046 0.20402
6 0.0156 0.224
7 0.02137 0.23807
8 0.02768 0.2579
9 0.03444 0.27175
10 0.04159 0.29153
11 0.04909 0.30525
12 0.0569 0.32503
13 0.06499 0.33867
14 0.07333 0.35226
15 0.08191 0.3664
16 0.08931 0.38564
17 0.09645 0.39916
18 0.1077 0.41265
19 0.11675 0.42612
20 0.12341 0.43958
21 0.13601 0.45302
22 0.14317 0.46647
23 0.15472 0.48074
24 0.16371 0.49458
25 0.17429 0.50796
26 0.18395 0.52092
27 0.19508 0.53357
28 0.20403 0.54698
29 0.21696 0.56042
30 0.224 0.57388
31 0.23807 0.58735
32 0.24773 0.60084
33 0.2579 0.61436
34 0.27175 0.62496
35 0.28072 0.63453
36 0.29153 0.64774
37 0.30525 0.66133
38 0.31699 0.67497
39 0.32503 0.68301
40 0.33867 0.69475
41 0.35226 0.70847
42 0.36547 0.71928
43 0.37504 0.72825
44 0.38564 0.7421
45 0.39916 0.75227
46 0.41265 0.76193
47 0.42612 0.776
48 0.43958 0.78304
49 0.45302 0.79597
50 0.46643 0.80492
51 0.47908 0.81605
52 0.49204 0.82571
53 0.50542 0.83629
54 0.51926 0.84528
55 0.53353 0.85683
56 0.54698 0.86399
57 0.56042 0.87659
58 0.57388 0.88325
59 0.58735 0.8923
60 0.60084 0.90355
61 0.61436 0.91069
62 0.6336 0.91809
63 0.64774 0.92667
64 0.66133 0.93501
65 0.67497 0.9431
66 0.69475 0.95091
67 0.70847 0.95841
68 0.72825 0.96556
69 0.7421 0.97232
70 0.76193 0.97863
71 0.776 0.9844
72 0.79598 0.98954
73 0.81605 0.99388
74 0.83629 0.99724
75 0.85684 0.99932
76 0.88325 0.99998
77 0.91069 1
