Adjusted LCO Confidence Intervals for
n = 44 and Mean Coverage = 0.9900
Minimum Coverage = 0.9862 

0 0 0.1031
1 0.00032 0.14922
2 0.00404 0.18463
3 0.01139 0.21946
4 0.02112 0.24588
5 0.03254 0.27823
6 0.04523 0.30269
7 0.05893 0.33642
8 0.07346 0.36003
9 0.08871 0.38351
10 0.1031 0.41019
11 0.11381 0.44152
12 0.13564 0.46493
13 0.14922 0.48831
14 0.16827 0.51169
15 0.18463 0.53507
16 0.20416 0.55848
17 0.21946 0.57712
18 0.24334 0.5951
19 0.25331 0.61648
20 0.27823 0.63997
21 0.30184 0.66358
22 0.31569 0.68431
23 0.33642 0.69816
24 0.36003 0.72177
25 0.38352 0.74669
26 0.4049 0.75666
27 0.42288 0.78054
28 0.44152 0.79584
29 0.46493 0.81537
30 0.48831 0.83173
31 0.51169 0.85078
32 0.53507 0.86436
33 0.55848 0.88619
34 0.58981 0.8969
35 0.61649 0.91129
36 0.63997 0.92654
37 0.66358 0.94107
38 0.69731 0.95477
39 0.72177 0.96746
40 0.75412 0.97888
41 0.78054 0.98861
42 0.81537 0.99596
43 0.85078 0.99968
44 0.8969 1
