Adjusted LCO Confidence Intervals for
n = 72 and Mean Coverage = 0.99900
Minimum Coverage = 0.99866 

0 0 0.0956
1 2e-05 0.12497
2 0.00074 0.15327
3 0.00297 0.17527
4 0.00657 0.19695
5 0.01124 0.21846
6 0.01675 0.23364
7 0.02296 0.25492
8 0.02973 0.27047
9 0.03699 0.29101
10 0.04468 0.30573
11 0.05275 0.32693
12 0.06115 0.34155
13 0.06985 0.35611
14 0.07883 0.37736
15 0.08806 0.39187
16 0.0956 0.40635
17 0.10423 0.42081
18 0.11601 0.43524
19 0.12497 0.44964
20 0.13376 0.46473
21 0.14664 0.48019
22 0.15327 0.49511
23 0.16715 0.50939
24 0.17527 0.52314
25 0.18864 0.53654
26 0.19695 0.55035
27 0.21128 0.56476
28 0.21846 0.57919
29 0.23364 0.59364
30 0.24332 0.60813
31 0.25492 0.62264
32 0.26958 0.63228
33 0.27688 0.64389
34 0.29101 0.65845
35 0.30573 0.67307
36 0.31589 0.68411
37 0.32693 0.69427
38 0.34155 0.70899
39 0.35611 0.72312
40 0.36772 0.73042
41 0.37736 0.74508
42 0.39187 0.75668
43 0.40636 0.76636
44 0.42081 0.78154
45 0.43524 0.78872
46 0.44965 0.80305
47 0.46346 0.81136
48 0.47686 0.82473
49 0.49061 0.83285
50 0.50489 0.84673
51 0.51981 0.85336
52 0.53527 0.86624
53 0.55036 0.87503
54 0.56476 0.88399
55 0.57919 0.89577
56 0.59365 0.9044
57 0.60813 0.91194
58 0.62264 0.92117
59 0.64389 0.93015
60 0.65845 0.93885
61 0.67307 0.94725
62 0.69427 0.95532
63 0.70899 0.96301
64 0.72953 0.97027
65 0.74508 0.97704
66 0.76636 0.98325
67 0.78154 0.98876
68 0.80305 0.99343
69 0.82473 0.99703
70 0.84673 0.99926
71 0.87503 0.99998
72 0.9044 1
