Adjusted LCO Confidence Intervals for
n = 87 and Mean Coverage = 0.9000
Minimum Coverage = 0.8820 

0 0 0.02974
1 0.00144 0.05198
2 0.00678 0.06922
3 0.01372 0.08629
4 0.02149 0.0983
5 0.02974 0.11523
6 0.0308 0.12705
7 0.04537 0.14394
8 0.05198 0.15566
9 0.06244 0.16734
10 0.06922 0.18423
11 0.08121 0.19586
12 0.08629 0.20746
13 0.0983 0.22438
14 0.10779 0.23596
15 0.11523 0.24752
16 0.12705 0.25907
17 0.13681 0.27147
18 0.14394 0.28758
19 0.15566 0.29911
20 0.16734 0.31063
21 0.17409 0.32214
22 0.18423 0.33364
23 0.19586 0.34514
24 0.20746 0.35836
25 0.21663 0.37369
26 0.22438 0.38518
27 0.23596 0.39668
28 0.24753 0.40817
29 0.25907 0.41965
30 0.27033 0.43114
31 0.27601 0.44262
32 0.28758 0.4541
33 0.29911 0.46557
34 0.31063 0.47705
35 0.32214 0.48852
36 0.33364 0.5
37 0.34514 0.51148
38 0.35584 0.52295
39 0.36317 0.53443
40 0.37369 0.5459
41 0.38519 0.55738
42 0.39668 0.56886
43 0.40817 0.58035
44 0.41965 0.59183
45 0.43114 0.60332
46 0.44262 0.61481
47 0.4541 0.62631
48 0.46557 0.63683
49 0.47705 0.64416
50 0.48852 0.65486
51 0.5 0.66636
52 0.51148 0.67786
53 0.52295 0.68937
54 0.53443 0.70089
55 0.5459 0.71242
56 0.55738 0.72399
57 0.56886 0.72967
58 0.58035 0.74093
59 0.59183 0.75247
60 0.60332 0.76404
61 0.61482 0.77562
62 0.62631 0.78337
63 0.64164 0.79254
64 0.65486 0.80414
65 0.66636 0.81577
66 0.67786 0.82591
67 0.68937 0.83266
68 0.70089 0.84434
69 0.71242 0.85606
70 0.72853 0.86319
71 0.74093 0.87295
72 0.75248 0.88477
73 0.76404 0.89221
74 0.77562 0.9017
75 0.79254 0.91371
76 0.80414 0.91879
77 0.81577 0.93078
78 0.83266 0.93756
79 0.84434 0.94802
80 0.85606 0.95463
81 0.87295 0.9692
82 0.88477 0.97026
83 0.9017 0.97851
84 0.91371 0.98628
85 0.93078 0.99322
86 0.94802 0.99856
87 0.97026 1
