Adjusted LCO Confidence Intervals for
n = 33 and Mean Coverage = 0.99900
Minimum Coverage = 0.99847 

0 0 0.18756
1 5e-05 0.25231
2 0.00173 0.30185
3 0.00689 0.3376
4 0.01518 0.3846
5 0.02597 0.41789
6 0.03879 0.45085
7 0.0533 0.48514
8 0.06926 0.51776
9 0.0865 0.54915
10 0.10489 0.58211
11 0.12433 0.6154
12 0.14476 0.64306
13 0.1661 0.66442
14 0.18756 0.69815
15 0.20232 0.71852
16 0.23306 0.74769
17 0.25231 0.76694
18 0.28148 0.79768
19 0.30185 0.81244
20 0.33558 0.8339
21 0.35694 0.85524
22 0.3846 0.87567
23 0.41789 0.89511
24 0.45085 0.9135
25 0.48224 0.93074
26 0.51486 0.9467
27 0.54915 0.96121
28 0.58211 0.97403
29 0.6154 0.98482
30 0.6624 0.99311
31 0.69815 0.99827
32 0.74769 0.99995
33 0.81244 1
