Adjusted LCO Confidence Intervals for
n = 94 and Mean Coverage = 0.9900
Minimum Coverage = 0.9875 

0 0 0.05231
1 0.00013 0.07397
2 0.00178 0.09062
3 0.00508 0.10692
4 0.00946 0.12305
5 0.0146 0.13908
6 0.02029 0.15505
7 0.02642 0.17099
8 0.0329 0.18218
9 0.03967 0.19806
10 0.04669 0.20914
11 0.05231 0.225
12 0.05882 0.23601
13 0.06797 0.24698
14 0.07397 0.26283
15 0.08194 0.27376
16 0.09062 0.28466
17 0.09614 0.30054
18 0.10692 0.31141
19 0.11146 0.32227
20 0.12305 0.33311
21 0.12885 0.34471
22 0.13908 0.35986
23 0.14731 0.37068
24 0.15505 0.38149
25 0.16609 0.39229
26 0.17099 0.40308
27 0.18218 0.41387
28 0.19195 0.42465
29 0.19806 0.43639
30 0.20914 0.44994
31 0.21935 0.46227
32 0.22501 0.47305
33 0.23601 0.48383
34 0.24698 0.49461
35 0.25498 0.50539
36 0.26284 0.51617
37 0.27376 0.52695
38 0.28466 0.53773
39 0.29383 0.54787
40 0.30054 0.55609
41 0.31141 0.56529
42 0.32227 0.57535
43 0.33311 0.58613
44 0.34356 0.59692
45 0.3506 0.60771
46 0.35986 0.61851
47 0.37068 0.62932
48 0.38149 0.64014
49 0.39229 0.6494
50 0.40308 0.65644
51 0.41387 0.66689
52 0.42465 0.67773
53 0.43471 0.68859
54 0.44391 0.69946
55 0.45213 0.70617
56 0.46227 0.71534
57 0.47305 0.72624
58 0.48383 0.73716
59 0.49461 0.74502
60 0.50539 0.75302
61 0.51617 0.76399
62 0.52695 0.77499
63 0.53773 0.78065
64 0.55006 0.79086
65 0.56361 0.80194
66 0.57535 0.80805
67 0.58613 0.81782
68 0.59692 0.82901
69 0.60771 0.83391
70 0.61851 0.84495
71 0.62932 0.85269
72 0.64014 0.86092
73 0.65529 0.87115
74 0.66689 0.87695
75 0.67773 0.88854
76 0.68859 0.89308
77 0.69946 0.90386
78 0.71534 0.90938
79 0.72624 0.91806
80 0.73717 0.92603
81 0.75302 0.93203
82 0.76399 0.94118
83 0.775 0.94769
84 0.79086 0.95331
85 0.80194 0.96033
86 0.81782 0.9671
87 0.82901 0.97358
88 0.84495 0.97971
89 0.86092 0.9854
90 0.87695 0.99054
91 0.89308 0.99492
92 0.90938 0.99822
93 0.92603 0.99987
94 0.94769 1
