Adjusted LCO Confidence Intervals for
n = 86 and Mean Coverage = 0.9000
Minimum Coverage = 0.8816 

0 0 0.03008
1 0.00146 0.05258
2 0.00687 0.07001
3 0.01391 0.08253
4 0.02177 0.09944
5 0.03009 0.11656
6 0.03164 0.12851
7 0.04597 0.14561
8 0.05258 0.15746
9 0.06327 0.16927
10 0.07002 0.18636
11 0.08228 0.19812
12 0.08399 0.20986
13 0.09944 0.22697
14 0.10928 0.23869
15 0.11656 0.25039
16 0.12852 0.26207
17 0.13873 0.27374
18 0.14561 0.29091
19 0.15746 0.30257
20 0.16927 0.31422
21 0.17687 0.32587
22 0.18636 0.33751
23 0.19812 0.34914
24 0.20986 0.36076
25 0.2199 0.37802
26 0.22698 0.38965
27 0.23869 0.40128
28 0.25039 0.4129
29 0.26207 0.42452
30 0.27374 0.43614
31 0.28152 0.44775
32 0.29091 0.45936
33 0.30257 0.47097
34 0.31422 0.48258
35 0.32587 0.4942
36 0.33751 0.5058
37 0.34914 0.51741
38 0.36076 0.52903
39 0.37046 0.54064
40 0.37802 0.55225
41 0.38965 0.56386
42 0.40128 0.57548
43 0.4129 0.5871
44 0.42452 0.59872
45 0.43614 0.61035
46 0.44775 0.62198
47 0.45936 0.62954
48 0.47097 0.63924
49 0.48259 0.65086
50 0.4942 0.66249
51 0.5058 0.67413
52 0.51742 0.68578
53 0.52903 0.69743
54 0.54064 0.70909
55 0.55225 0.71848
56 0.56386 0.72626
57 0.57548 0.73793
58 0.5871 0.74961
59 0.59872 0.76131
60 0.61035 0.77302
61 0.62198 0.7801
62 0.63924 0.79014
63 0.65086 0.80188
64 0.66249 0.81364
65 0.67413 0.82313
66 0.68578 0.83073
67 0.69743 0.84254
68 0.70909 0.85439
69 0.72626 0.86127
70 0.73793 0.87148
71 0.74961 0.88344
72 0.76131 0.89072
73 0.77303 0.90056
74 0.79014 0.91601
75 0.80188 0.91772
76 0.81364 0.92998
77 0.83073 0.93673
78 0.84254 0.94742
79 0.85439 0.95403
80 0.87149 0.96836
81 0.88344 0.96991
82 0.90056 0.97823
83 0.91747 0.98609
84 0.92999 0.99313
85 0.94742 0.99854
86 0.96992 1
