Adjusted LCO Confidence Intervals for
n = 93 and Mean Coverage = 0.99900
Minimum Coverage = 0.99870 

0 0 0.07378
1 2e-05 0.10079
2 0.00056 0.11824
3 0.00227 0.13974
4 0.00502 0.15651
5 0.00859 0.17313
6 0.01281 0.18493
7 0.01755 0.20134
8 0.02272 0.2177
9 0.02825 0.2292
10 0.0341 0.2455
11 0.04024 0.25688
12 0.04661 0.27315
13 0.05322 0.28445
14 0.06002 0.30073
15 0.06701 0.31196
16 0.07378 0.32316
17 0.07749 0.33946
18 0.08767 0.35063
19 0.096 0.36178
20 0.10079 0.3729
21 0.11037 0.38569
22 0.11824 0.40037
23 0.12445 0.41148
24 0.13505 0.42257
25 0.13974 0.43365
26 0.15124 0.44472
27 0.15651 0.45578
28 0.16805 0.46684
29 0.17313 0.4779
30 0.18493 0.48895
31 0.19079 0.5
32 0.20134 0.51105
33 0.21039 0.5221
34 0.2177 0.53316
35 0.2292 0.54422
36 0.23576 0.55528
37 0.2455 0.56635
38 0.25688 0.57743
39 0.26319 0.58852
40 0.27315 0.59963
41 0.28445 0.60916
42 0.2933 0.61689
43 0.30073 0.6271
44 0.31196 0.63822
45 0.32316 0.64937
46 0.33226 0.66054
47 0.33946 0.66774
48 0.35063 0.67684
49 0.36178 0.68804
50 0.3729 0.69927
51 0.38311 0.7067
52 0.39084 0.71555
53 0.40037 0.72685
54 0.41148 0.73681
55 0.42257 0.74312
56 0.43365 0.7545
57 0.44472 0.76424
58 0.45578 0.7708
59 0.46684 0.7823
60 0.4779 0.78961
61 0.48895 0.79866
62 0.5 0.80921
63 0.51105 0.81507
64 0.5221 0.82687
65 0.53316 0.83195
66 0.54422 0.84349
67 0.55528 0.84876
68 0.56635 0.86026
69 0.57743 0.86495
70 0.58852 0.87555
71 0.59963 0.88176
72 0.61431 0.88963
73 0.6271 0.89921
74 0.63822 0.904
75 0.64937 0.91233
76 0.66054 0.92251
77 0.67684 0.92622
78 0.68804 0.93299
79 0.69927 0.93998
80 0.71555 0.94678
81 0.72685 0.95339
82 0.74312 0.95976
83 0.7545 0.9659
84 0.7708 0.97175
85 0.7823 0.97728
86 0.79866 0.98245
87 0.81507 0.98719
88 0.82687 0.99141
89 0.84349 0.99498
90 0.86026 0.99773
91 0.88176 0.99944
92 0.89921 0.99998
93 0.92622 1
