Adjusted LCO Confidence Intervals for
n = 28 and Mean Coverage = 0.99900
Minimum Coverage = 0.99831 

0 0 0.22261
1 6e-05 0.28362
2 0.00216 0.34222
3 0.00846 0.38264
4 0.01853 0.44061
5 0.03163 0.48025
6 0.04719 0.51975
7 0.06482 0.55939
8 0.08426 0.58634
9 0.1053 0.61736
10 0.1278 0.65778
11 0.15166 0.68521
12 0.17682 0.71638
13 0.2032 0.74429
14 0.22261 0.77739
15 0.25571 0.7968
16 0.28362 0.82318
17 0.31479 0.84834
18 0.34222 0.8722
19 0.38264 0.8947
20 0.41366 0.91574
21 0.44061 0.93518
22 0.48025 0.95281
23 0.51975 0.96837
24 0.55939 0.98147
25 0.61736 0.99154
26 0.65778 0.99784
27 0.71638 0.99994
28 0.77739 1
