Adjusted LCO Confidence Intervals for
n = 72 and Mean Coverage = 0.9500
Minimum Coverage = 0.9397 

0 0 0.04672
1 0.00086 0.07408
2 0.00552 0.0952
3 0.01238 0.11604
4 0.02045 0.13073
5 0.02931 0.15131
6 0.03873 0.16571
7 0.04672 0.18623
8 0.05477 0.20048
9 0.06777 0.22099
10 0.07408 0.23516
11 0.08807 0.24927
12 0.0952 0.26981
13 0.10996 0.28389
14 0.11604 0.29793
15 0.13073 0.31195
16 0.14099 0.32604
17 0.15132 0.34657
18 0.16571 0.36057
19 0.17439 0.37454
20 0.18623 0.38851
21 0.20048 0.40247
22 0.21207 0.41642
23 0.22099 0.43036
24 0.23516 0.44429
25 0.24927 0.45822
26 0.26135 0.47215
27 0.26981 0.48608
28 0.28389 0.50012
29 0.29793 0.51392
30 0.31195 0.52785
31 0.32591 0.54178
32 0.33504 0.55571
33 0.34657 0.56964
34 0.36057 0.58358
35 0.37455 0.59753
36 0.38851 0.61149
37 0.40247 0.62545
38 0.41642 0.63943
39 0.43036 0.65343
40 0.44429 0.66496
41 0.45822 0.67409
42 0.47215 0.68805
43 0.48608 0.70207
44 0.49988 0.71611
45 0.51392 0.73019
46 0.52785 0.73865
47 0.54178 0.75073
48 0.55571 0.76484
49 0.56964 0.77901
50 0.58358 0.78793
51 0.59753 0.79952
52 0.61149 0.81377
53 0.62546 0.82561
54 0.63943 0.83429
55 0.65343 0.84868
56 0.67396 0.85901
57 0.68805 0.86927
58 0.70207 0.88396
59 0.71611 0.89004
60 0.73019 0.9048
61 0.75073 0.91193
62 0.76484 0.92592
63 0.77901 0.93223
64 0.79952 0.94523
65 0.81377 0.95328
66 0.83429 0.96127
67 0.84869 0.97069
68 0.86927 0.97955
69 0.88396 0.98762
70 0.9048 0.99448
71 0.92592 0.99914
72 0.95328 1
