Adjusted LCO Confidence Intervals for
n = 81 and Mean Coverage = 0.9900
Minimum Coverage = 0.9872 

0 0 0.06072
1 0.00016 0.08588
2 0.0021 0.1052
3 0.00596 0.12413
4 0.01108 0.14286
5 0.01708 0.16148
6 0.02373 0.17471
7 0.0309 0.19308
8 0.03847 0.21156
9 0.04639 0.22444
10 0.05461 0.24289
11 0.06073 0.25568
12 0.06926 0.26841
13 0.0797 0.28685
14 0.08588 0.29954
15 0.09651 0.31219
16 0.1052 0.32491
17 0.11405 0.3433
18 0.12413 0.35591
19 0.13297 0.36849
20 0.14286 0.38106
21 0.15333 0.39362
22 0.16148 0.40711
23 0.17458 0.42477
24 0.17888 0.43732
25 0.19308 0.44986
26 0.20448 0.4624
27 0.21156 0.47494
28 0.22444 0.48747
29 0.23634 0.5
30 0.24289 0.51253
31 0.25568 0.52506
32 0.26841 0.5376
33 0.27853 0.55014
34 0.28685 0.56268
35 0.29954 0.57523
36 0.31219 0.58454
37 0.32477 0.59445
38 0.33289 0.60638
39 0.3433 0.61894
40 0.35591 0.63151
41 0.36849 0.64409
42 0.38106 0.6567
43 0.39362 0.66711
44 0.40555 0.67523
45 0.41546 0.68781
46 0.42477 0.70046
47 0.43732 0.71315
48 0.44986 0.72147
49 0.4624 0.73159
50 0.47494 0.74432
51 0.48747 0.75711
52 0.5 0.76366
53 0.51253 0.77556
54 0.52506 0.78844
55 0.5376 0.79552
56 0.55014 0.80692
57 0.56268 0.82112
58 0.57523 0.82542
59 0.59289 0.83852
60 0.60638 0.84667
61 0.61894 0.85714
62 0.63151 0.86703
63 0.64409 0.87587
64 0.6567 0.88595
65 0.67509 0.8948
66 0.68781 0.90349
67 0.70046 0.91412
68 0.71315 0.9203
69 0.73159 0.93074
70 0.74432 0.93927
71 0.75711 0.94539
72 0.77556 0.95361
73 0.78844 0.96153
74 0.80692 0.9691
75 0.82529 0.97627
76 0.83852 0.98292
77 0.85714 0.98892
78 0.87587 0.99404
79 0.8948 0.9979
80 0.91412 0.99984
81 0.93928 1
