Adjusted LCO Confidence Intervals for
n = 56 and Mean Coverage = 0.9000
Minimum Coverage = 0.8767 

0 0 0.04604
1 0.00235 0.0805
2 0.01083 0.09964
3 0.02181 0.12597
4 0.03406 0.15225
5 0.04604 0.17058
6 0.05326 0.19679
7 0.07239 0.21494
8 0.0805 0.23299
9 0.09964 0.25924
10 0.10594 0.27723
11 0.12597 0.29517
12 0.14106 0.31308
13 0.15225 0.33096
14 0.17058 0.35734
15 0.1867 0.37521
16 0.1968 0.39307
17 0.21494 0.41091
18 0.23299 0.42874
19 0.24906 0.44656
20 0.25924 0.46438
21 0.27723 0.48219
22 0.29518 0.5
23 0.31308 0.51781
24 0.33096 0.53562
25 0.34638 0.55343
26 0.35734 0.57126
27 0.37522 0.58909
28 0.39307 0.60693
29 0.41091 0.62478
30 0.42874 0.64266
31 0.44657 0.65362
32 0.46438 0.66904
33 0.48219 0.68692
34 0.5 0.70482
35 0.51781 0.72277
36 0.53562 0.74076
37 0.55344 0.75094
38 0.57126 0.76701
39 0.58909 0.78506
40 0.60693 0.8032
41 0.62479 0.8133
42 0.64266 0.82942
43 0.66904 0.84775
44 0.68692 0.85894
45 0.70483 0.87403
46 0.72277 0.89406
47 0.74076 0.90036
48 0.76701 0.9195
49 0.78506 0.92761
50 0.80321 0.94674
51 0.82942 0.95396
52 0.84775 0.96594
53 0.87403 0.97819
54 0.90036 0.98917
55 0.9195 0.99765
56 0.95396 1
