Adjusted LCO Confidence Intervals for
n = 57 and Mean Coverage = 0.99900
Minimum Coverage = 0.99858 

0 0 0.12125
1 2e-05 0.15854
2 0.00096 0.18702
3 0.00384 0.2148
4 0.00847 0.24225
5 0.01447 0.2624
6 0.02156 0.28866
7 0.02953 0.31575
8 0.03826 0.33455
9 0.04762 0.35321
10 0.05755 0.38029
11 0.06797 0.39884
12 0.07885 0.41732
13 0.09013 0.43574
14 0.10178 0.45413
15 0.11379 0.47249
16 0.12125 0.49083
17 0.13657 0.50917
18 0.15085 0.52751
19 0.15854 0.54587
20 0.17615 0.56426
21 0.18702 0.58268
22 0.20268 0.60116
23 0.2148 0.61971
24 0.23109 0.63123
25 0.24225 0.64679
26 0.2613 0.66545
27 0.2703 0.68425
28 0.28866 0.69391
29 0.30609 0.71134
30 0.31575 0.7297
31 0.33455 0.7387
32 0.35321 0.75775
33 0.36877 0.76891
34 0.38029 0.7852
35 0.39884 0.79732
36 0.41732 0.81298
37 0.43574 0.82385
38 0.45413 0.84146
39 0.47249 0.84915
40 0.49083 0.86343
41 0.50917 0.87875
42 0.52751 0.88621
43 0.54587 0.89822
44 0.56426 0.90987
45 0.58268 0.92115
46 0.60116 0.93203
47 0.61971 0.94245
48 0.64679 0.95238
49 0.66545 0.96174
50 0.68425 0.97047
51 0.71134 0.97844
52 0.7376 0.98553
53 0.75775 0.99153
54 0.7852 0.99616
55 0.81298 0.99904
56 0.84146 0.99998
57 0.87875 1
