Adjusted LCO Confidence Intervals for
n = 64 and Mean Coverage = 0.9500
Minimum Coverage = 0.9389 

0 0 0.05253
1 0.00098 0.0833
2 0.00625 0.10706
3 0.01402 0.1238
4 0.02314 0.147
5 0.03315 0.17016
6 0.0438 0.18634
7 0.05253 0.20944
8 0.06232 0.22545
9 0.07678 0.24139
10 0.0833 0.26448
11 0.09998 0.28035
12 0.10706 0.29617
13 0.1238 0.31196
14 0.13185 0.33513
15 0.147 0.3509
16 0.16131 0.36665
17 0.17016 0.38238
18 0.18634 0.39809
19 0.20073 0.41379
20 0.20944 0.42948
21 0.22545 0.44516
22 0.24139 0.46101
23 0.25362 0.47784
24 0.26448 0.49409
25 0.28035 0.50968
26 0.29618 0.52469
27 0.31196 0.53932
28 0.32411 0.55484
29 0.33514 0.57052
30 0.35091 0.58621
31 0.36665 0.60191
32 0.38238 0.61762
33 0.39809 0.63335
34 0.41379 0.64909
35 0.42948 0.66486
36 0.44516 0.67589
37 0.46068 0.68804
38 0.47531 0.70382
39 0.49032 0.71965
40 0.50591 0.73552
41 0.52216 0.74638
42 0.53899 0.75861
43 0.55484 0.77455
44 0.57052 0.79056
45 0.58621 0.79927
46 0.60191 0.81366
47 0.61762 0.82984
48 0.63335 0.83869
49 0.6491 0.853
50 0.66487 0.86815
51 0.68804 0.8762
52 0.70383 0.89294
53 0.71965 0.90002
54 0.73552 0.9167
55 0.75861 0.92322
56 0.77455 0.93768
57 0.79056 0.94747
58 0.81366 0.9562
59 0.82984 0.96685
60 0.853 0.97686
61 0.8762 0.98598
62 0.89294 0.99375
63 0.9167 0.99902
64 0.94747 1
