Adjusted LCO Confidence Intervals for
n = 44 and Mean Coverage = 0.9000
Minimum Coverage = 0.8746 

0 0 0.05844
1 0.00304 0.09283
2 0.01394 0.12648
3 0.02803 0.15994
4 0.04375 0.18329
5 0.05844 0.21661
6 0.06984 0.23966
7 0.09283 0.26573
8 0.10034 0.29594
9 0.12648 0.31877
10 0.14154 0.34153
11 0.15994 0.36424
12 0.18329 0.38692
13 0.19595 0.42059
14 0.21661 0.44329
15 0.23966 0.46598
16 0.26171 0.48866
17 0.27149 0.51134
18 0.29594 0.53402
19 0.31877 0.55671
20 0.34153 0.57941
21 0.36424 0.59464
22 0.38692 0.61308
23 0.40536 0.63576
24 0.42059 0.65847
25 0.44329 0.68123
26 0.46598 0.70406
27 0.48866 0.72851
28 0.51134 0.73829
29 0.53402 0.76034
30 0.55671 0.78339
31 0.57941 0.80405
32 0.61308 0.81671
33 0.63576 0.84006
34 0.65847 0.85846
35 0.68123 0.87352
36 0.70406 0.89966
37 0.73427 0.90717
38 0.76034 0.93016
39 0.78339 0.94156
40 0.81671 0.95625
41 0.84006 0.97197
42 0.87352 0.98606
43 0.90717 0.99696
44 0.94156 1
