Adjusted LCO Confidence Intervals for
n = 68 and Mean Coverage = 0.9900
Minimum Coverage = 0.9869 

0 0 0.07237
1 0.00019 0.10237
2 0.00253 0.12539
3 0.00717 0.14795
4 0.01333 0.17029
5 0.02054 0.18605
6 0.02854 0.20814
7 0.03715 0.23022
8 0.04627 0.24561
9 0.0558 0.26089
10 0.0657 0.2829
11 0.07238 0.29809
12 0.08391 0.31322
13 0.09617 0.33527
14 0.10237 0.35035
15 0.11698 0.3654
16 0.12539 0.38042
17 0.13893 0.39634
18 0.14795 0.41761
19 0.16237 0.43261
20 0.1703 0.4476
21 0.18605 0.46258
22 0.19467 0.47755
23 0.20814 0.49252
24 0.22293 0.50748
25 0.23022 0.52245
26 0.24561 0.53742
27 0.26089 0.5524
28 0.2697 0.56739
29 0.2829 0.58239
30 0.29809 0.59357
31 0.31322 0.60515
32 0.32294 0.61958
33 0.33527 0.6346
34 0.35035 0.64965
35 0.3654 0.66473
36 0.38042 0.67706
37 0.39485 0.68678
38 0.40643 0.70191
39 0.41761 0.7171
40 0.43261 0.7303
41 0.4476 0.73911
42 0.46258 0.75439
43 0.47755 0.76978
44 0.49252 0.77707
45 0.50748 0.79186
46 0.52245 0.80533
47 0.53742 0.81395
48 0.5524 0.8297
49 0.56739 0.83763
50 0.58239 0.85205
51 0.60366 0.86107
52 0.61958 0.87461
53 0.6346 0.88302
54 0.64965 0.89763
55 0.66473 0.90383
56 0.68678 0.91609
57 0.70191 0.92762
58 0.7171 0.9343
59 0.73911 0.9442
60 0.75439 0.95373
61 0.76978 0.96285
62 0.79186 0.97146
63 0.81395 0.97946
64 0.82971 0.98667
65 0.85205 0.99283
66 0.87461 0.99747
67 0.89763 0.99981
68 0.92763 1
