Adjusted LCO Confidence Intervals for
n = 55 and Mean Coverage = 0.9000
Minimum Coverage = 0.8763 

0 0 0.04687
1 0.0024 0.08195
2 0.01105 0.10143
3 0.02225 0.12824
4 0.03473 0.15499
5 0.04687 0.17365
6 0.05445 0.20034
7 0.07383 0.21882
8 0.08195 0.23719
9 0.10143 0.25957
10 0.10862 0.28224
11 0.12824 0.3005
12 0.14404 0.31873
13 0.155 0.33693
14 0.17365 0.35535
15 0.19073 0.382
16 0.20035 0.40018
17 0.21882 0.41835
18 0.23719 0.43651
19 0.25469 0.45465
20 0.26082 0.47279
21 0.28224 0.49093
22 0.3005 0.50907
23 0.31873 0.5272
24 0.33693 0.54535
25 0.35497 0.56349
26 0.36793 0.58165
27 0.382 0.59982
28 0.40018 0.618
29 0.41835 0.63207
30 0.43651 0.64503
31 0.45465 0.66307
32 0.4728 0.68127
33 0.49093 0.6995
34 0.50907 0.71776
35 0.52721 0.73918
36 0.54535 0.74531
37 0.56349 0.76281
38 0.58165 0.78118
39 0.59982 0.79965
40 0.618 0.80927
41 0.64465 0.82635
42 0.66307 0.845
43 0.68127 0.85596
44 0.6995 0.87176
45 0.71776 0.89138
46 0.74043 0.89857
47 0.76281 0.91805
48 0.78118 0.92617
49 0.79966 0.94555
50 0.82635 0.95313
51 0.84501 0.96527
52 0.87176 0.97775
53 0.89857 0.98895
54 0.91805 0.9976
55 0.95313 1
