Adjusted LCO Confidence Intervals for
n = 45 and Mean Coverage = 0.99900
Minimum Coverage = 0.99853 

0 0 0.14541
1 3e-05 0.1926
2 0.00124 0.22865
3 0.00494 0.26394
4 0.01089 0.29894
5 0.01861 0.32334
6 0.02775 0.35808
7 0.03806 0.38204
8 0.04934 0.40582
9 0.06149 0.42947
10 0.07439 0.4567
11 0.08796 0.48321
12 0.10215 0.5073
13 0.1169 0.52898
14 0.13218 0.54979
15 0.14541 0.57053
16 0.15948 0.59418
17 0.17938 0.61796
18 0.1926 0.64192
19 0.21184 0.65614
20 0.22865 0.67666
21 0.24699 0.70106
22 0.26394 0.7144
23 0.2856 0.73606
24 0.29894 0.75301
25 0.32334 0.77135
26 0.34386 0.78816
27 0.35808 0.8074
28 0.38204 0.82062
29 0.40582 0.84052
30 0.42947 0.85459
31 0.45021 0.86782
32 0.47102 0.8831
33 0.4927 0.89785
34 0.51679 0.91204
35 0.5433 0.92561
36 0.57053 0.93851
37 0.59418 0.95066
38 0.61796 0.96194
39 0.64192 0.97225
40 0.67666 0.98139
41 0.70106 0.98911
42 0.73606 0.99506
43 0.77135 0.99876
44 0.8074 0.99997
45 0.85459 1
