Adjusted LCO Confidence Intervals for
n = 87 and Mean Coverage = 0.9500
Minimum Coverage = 0.9394 

0 0 0.03869
1 0.00072 0.06134
2 0.00457 0.07884
3 0.01025 0.09609
4 0.01692 0.10827
5 0.02423 0.1253
6 0.032 0.14232
7 0.03869 0.15421
8 0.04503 0.17118
9 0.05584 0.18297
10 0.06134 0.19471
11 0.07238 0.21168
12 0.07884 0.22337
13 0.0902 0.23503
14 0.09609 0.25202
15 0.10827 0.26366
16 0.11418 0.27528
17 0.1253 0.28688
18 0.13627 0.30391
19 0.14232 0.3155
20 0.15421 0.32708
21 0.16516 0.33865
22 0.17118 0.35021
23 0.18297 0.36176
24 0.19472 0.3733
25 0.20255 0.39042
26 0.21168 0.40197
27 0.22337 0.41352
28 0.23504 0.42506
29 0.24404 0.43659
30 0.25202 0.44813
31 0.26366 0.45966
32 0.27528 0.47118
33 0.28688 0.48271
34 0.29706 0.49424
35 0.30391 0.50576
36 0.3155 0.51729
37 0.32708 0.52882
38 0.33865 0.54034
39 0.35021 0.55187
40 0.36176 0.56341
41 0.3733 0.57494
42 0.38248 0.58648
43 0.39043 0.59802
44 0.40198 0.60957
45 0.41352 0.61752
46 0.42506 0.6267
47 0.43659 0.63824
48 0.44813 0.64979
49 0.45966 0.66135
50 0.47118 0.67292
51 0.48271 0.6845
52 0.49424 0.69609
53 0.50576 0.70294
54 0.51729 0.71312
55 0.52882 0.72472
56 0.54034 0.73634
57 0.55187 0.74798
58 0.56341 0.75596
59 0.57494 0.76496
60 0.58648 0.77663
61 0.59803 0.78832
62 0.60958 0.79745
63 0.6267 0.80528
64 0.63824 0.81703
65 0.64979 0.82882
66 0.66135 0.83484
67 0.67292 0.84579
68 0.6845 0.85768
69 0.69609 0.86373
70 0.71312 0.8747
71 0.72472 0.88582
72 0.73634 0.89173
73 0.74798 0.90391
74 0.76497 0.9098
75 0.77663 0.92116
76 0.78832 0.92762
77 0.80529 0.93866
78 0.81703 0.94416
79 0.82882 0.95497
80 0.84579 0.96131
81 0.85768 0.968
82 0.8747 0.97577
83 0.89173 0.98308
84 0.90391 0.98975
85 0.92116 0.99543
86 0.93866 0.99928
87 0.96131 1
