Adjusted LCO Confidence Intervals for
n = 69 and Mean Coverage = 0.99900
Minimum Coverage = 0.99861 

0 0 0.09982
1 2e-05 0.13049
2 0.00078 0.15394
3 0.00314 0.18303
4 0.00692 0.20568
5 0.01182 0.22171
6 0.01761 0.24399
7 0.02412 0.26624
8 0.03123 0.28178
9 0.03885 0.30396
10 0.04692 0.31933
11 0.05538 0.33462
12 0.06419 0.35679
13 0.07332 0.372
14 0.08275 0.38716
15 0.09244 0.40228
16 0.09982 0.4198
17 0.10988 0.43969
18 0.12194 0.45479
19 0.13049 0.46987
20 0.14116 0.48494
21 0.15394 0.5
22 0.15957 0.51506
23 0.17596 0.53013
24 0.18303 0.54521
25 0.19875 0.56031
26 0.20568 0.57244
27 0.22171 0.58418
28 0.23077 0.59772
29 0.24399 0.61284
30 0.25772 0.628
31 0.26624 0.64321
32 0.28178 0.65395
33 0.2951 0.66538
34 0.30396 0.68067
35 0.31933 0.69604
36 0.33462 0.7049
37 0.34605 0.71822
38 0.35679 0.73376
39 0.372 0.74228
40 0.38716 0.75601
41 0.40228 0.76923
42 0.41582 0.77829
43 0.42756 0.79432
44 0.43969 0.80125
45 0.45479 0.81697
46 0.46987 0.82404
47 0.48494 0.84043
48 0.5 0.84606
49 0.51506 0.85884
50 0.53013 0.86951
51 0.54521 0.87806
52 0.56031 0.89012
53 0.5802 0.90018
54 0.59772 0.90756
55 0.61284 0.91725
56 0.628 0.92668
57 0.64321 0.93581
58 0.66538 0.94462
59 0.68067 0.95308
60 0.69604 0.96115
61 0.71822 0.96877
62 0.73376 0.97588
63 0.75601 0.98239
64 0.77829 0.98818
65 0.79432 0.99308
66 0.81697 0.99686
67 0.84606 0.99922
68 0.86951 0.99998
69 0.90018 1
