Adjusted LCO Confidence Intervals for
n = 67 and Mean Coverage = 0.9500
Minimum Coverage = 0.9378 

0 0 0.05019
1 0.00096 0.07349
2 0.00603 0.10228
3 0.01348 0.11828
4 0.02223 0.14045
5 0.03181 0.16257
6 0.042 0.17803
7 0.05019 0.20008
8 0.05982 0.21539
9 0.07349 0.23061
10 0.07623 0.25266
11 0.0957 0.26782
12 0.10228 0.28294
13 0.11829 0.29959
14 0.12618 0.32014
15 0.14045 0.3352
16 0.1541 0.35024
17 0.16257 0.36526
18 0.17803 0.38027
19 0.19147 0.39526
20 0.20008 0.41753
21 0.21539 0.43254
22 0.23062 0.44754
23 0.24106 0.46253
24 0.25266 0.47752
25 0.26782 0.49251
26 0.28294 0.50749
27 0.29746 0.52248
28 0.30548 0.53747
29 0.32014 0.55246
30 0.3352 0.56746
31 0.35024 0.58246
32 0.36527 0.59246
33 0.38027 0.60474
34 0.39526 0.61973
35 0.40754 0.63473
36 0.41754 0.64976
37 0.43254 0.6648
38 0.44754 0.67986
39 0.46253 0.69452
40 0.47752 0.70254
41 0.49251 0.71706
42 0.50749 0.73218
43 0.52248 0.74734
44 0.53747 0.75894
45 0.55246 0.76938
46 0.56746 0.78461
47 0.58247 0.79992
48 0.60474 0.80853
49 0.61973 0.82197
50 0.63474 0.83743
51 0.64976 0.8459
52 0.6648 0.85955
53 0.67986 0.87382
54 0.70041 0.88171
55 0.71706 0.89772
56 0.73218 0.9043
57 0.74734 0.92377
58 0.76939 0.92651
59 0.78461 0.94018
60 0.79992 0.94981
61 0.82197 0.958
62 0.83743 0.96819
63 0.85955 0.97777
64 0.88172 0.98652
65 0.89772 0.99397
66 0.92651 0.99904
67 0.94981 1
