Adjusted LCO Confidence Intervals for
n = 49 and Mean Coverage = 0.99900
Minimum Coverage = 0.99858 

0 0 0.13327
1 3e-05 0.17648
2 0.00112 0.2095
3 0.00448 0.24178
4 0.00989 0.27375
5 0.01692 0.3056
6 0.02523 0.32777
7 0.0346 0.35951
8 0.04486 0.38139
9 0.0559 0.40312
10 0.06761 0.42474
11 0.07992 0.44846
12 0.09278 0.47309
13 0.10614 0.49632
14 0.11998 0.51704
15 0.13327 0.5364
16 0.1427 0.55536
17 0.16214 0.57526
18 0.17648 0.59688
19 0.18999 0.61861
20 0.2095 0.64048
21 0.21926 0.65333
22 0.24178 0.67222
23 0.25406 0.6944
24 0.27375 0.70801
25 0.29199 0.72625
26 0.3056 0.74594
27 0.32778 0.75822
28 0.34667 0.78074
29 0.35952 0.7905
30 0.38139 0.81001
31 0.40312 0.82352
32 0.42474 0.83786
33 0.44464 0.8573
34 0.4636 0.86673
35 0.48296 0.88002
36 0.50368 0.89386
37 0.52691 0.90722
38 0.55154 0.92008
39 0.57526 0.93239
40 0.59688 0.9441
41 0.61861 0.95514
42 0.64049 0.9654
43 0.67223 0.97477
44 0.6944 0.98308
45 0.72625 0.99011
46 0.75822 0.99552
47 0.7905 0.99888
48 0.82352 0.99997
49 0.86673 1
