Adjusted LCO Confidence Intervals for
n = 93 and Mean Coverage = 0.9000
Minimum Coverage = 0.8823 

0 0 0.03203
1 0.00135 0.04864
2 0.00633 0.06477
3 0.01282 0.08075
4 0.02007 0.092
5 0.0278 0.10783
6 0.03203 0.1189
7 0.04234 0.1347
8 0.04864 0.14567
9 0.05822 0.16148
10 0.06477 0.1724
11 0.07571 0.18329
12 0.08075 0.19414
13 0.092 0.20997
14 0.10024 0.22081
15 0.10783 0.23163
16 0.1189 0.24244
17 0.12703 0.2583
18 0.1347 0.2691
19 0.14567 0.27989
20 0.15638 0.29067
21 0.16148 0.30144
22 0.1724 0.31735
23 0.18329 0.32813
24 0.19415 0.33889
25 0.19907 0.34966
26 0.20997 0.36041
27 0.22081 0.37116
28 0.23163 0.38191
29 0.24244 0.39266
30 0.24836 0.4034
31 0.2583 0.41414
32 0.2691 0.42488
33 0.27989 0.43664
34 0.29067 0.45021
35 0.30144 0.4624
36 0.31121 0.47314
37 0.31735 0.48389
38 0.32813 0.49463
39 0.33889 0.50537
40 0.34966 0.51611
41 0.36041 0.52686
42 0.37117 0.5376
43 0.38192 0.54784
44 0.39266 0.55597
45 0.4034 0.56514
46 0.41414 0.57512
47 0.42488 0.58586
48 0.43486 0.5966
49 0.44403 0.60734
50 0.45216 0.61808
51 0.4624 0.62883
52 0.47314 0.63959
53 0.48389 0.65034
54 0.49463 0.66111
55 0.50537 0.67187
56 0.51611 0.68265
57 0.52686 0.68879
58 0.5376 0.69856
59 0.54979 0.70933
60 0.56336 0.72011
61 0.57512 0.7309
62 0.58586 0.7417
63 0.5966 0.75164
64 0.60734 0.75756
65 0.61809 0.76837
66 0.62884 0.77919
67 0.63959 0.79003
68 0.65034 0.80093
69 0.66111 0.80585
70 0.67187 0.81671
71 0.68265 0.8276
72 0.69856 0.83852
73 0.70933 0.84362
74 0.72011 0.85433
75 0.7309 0.8653
76 0.7417 0.87297
77 0.75756 0.8811
78 0.76837 0.89217
79 0.77919 0.89976
80 0.79003 0.908
81 0.80586 0.91925
82 0.81671 0.92429
83 0.8276 0.93523
84 0.83852 0.94178
85 0.85433 0.95136
86 0.8653 0.95766
87 0.8811 0.96797
88 0.89217 0.9722
89 0.908 0.97993
90 0.91925 0.98718
91 0.93523 0.99367
92 0.95136 0.99865
93 0.96797 1
