Adjusted LCO Confidence Intervals for
n = 91 and Mean Coverage = 0.9000
Minimum Coverage = 0.8839 

0 0 0.03273
1 0.00136 0.0497
2 0.00641 0.06619
3 0.01302 0.08252
4 0.02041 0.094
5 0.02829 0.11019
6 0.03273 0.12149
7 0.04308 0.13764
8 0.0497 0.14886
9 0.05923 0.16501
10 0.06619 0.17617
11 0.07708 0.18729
12 0.08252 0.19897
13 0.09401 0.21456
14 0.10199 0.22564
15 0.11019 0.2367
16 0.12149 0.24774
17 0.12931 0.26395
18 0.13765 0.27499
19 0.14886 0.28601
20 0.15941 0.29703
21 0.16501 0.30804
22 0.17617 0.32143
23 0.18729 0.33531
24 0.19826 0.34632
25 0.2022 0.35731
26 0.21456 0.36831
27 0.22564 0.3793
28 0.2367 0.39028
29 0.24774 0.40126
30 0.25337 0.41224
31 0.26395 0.42321
32 0.27499 0.43419
33 0.28602 0.44516
34 0.29703 0.45613
35 0.30804 0.46784
36 0.31826 0.4796
37 0.32371 0.49106
38 0.33531 0.50216
39 0.34632 0.51286
40 0.35732 0.52329
41 0.36831 0.53354
42 0.3793 0.54387
43 0.39028 0.55484
44 0.40126 0.56581
45 0.41224 0.57678
46 0.42322 0.58776
47 0.43419 0.59874
48 0.44516 0.60972
49 0.45613 0.6207
50 0.46646 0.63169
51 0.47671 0.64268
52 0.48714 0.65368
53 0.49784 0.66469
54 0.50894 0.67629
55 0.5204 0.68174
56 0.53216 0.69196
57 0.54387 0.70297
58 0.55484 0.71398
59 0.56581 0.72501
60 0.57679 0.73605
61 0.58776 0.74663
62 0.59874 0.75226
63 0.60972 0.7633
64 0.6207 0.77436
65 0.63169 0.78544
66 0.64269 0.7978
67 0.65368 0.80174
68 0.66469 0.81271
69 0.67857 0.82383
70 0.69196 0.83499
71 0.70297 0.84059
72 0.71399 0.85114
73 0.72501 0.86235
74 0.73605 0.87069
75 0.75226 0.87851
76 0.7633 0.88981
77 0.77436 0.89801
78 0.78544 0.90599
79 0.80103 0.91748
80 0.81271 0.92292
81 0.82383 0.93381
82 0.83499 0.94077
83 0.85114 0.9503
84 0.86236 0.95692
85 0.87851 0.96727
86 0.88981 0.97171
87 0.906 0.97959
88 0.91748 0.98698
89 0.93381 0.99359
90 0.9503 0.99864
91 0.96727 1
