Adjusted LCO Confidence Intervals for
n = 37 and Mean Coverage = 0.9000
Minimum Coverage = 0.8711 

0 0 0.06933
1 0.00372 0.11013
2 0.01687 0.15008
3 0.03382 0.18984
4 0.05271 0.21751
5 0.06933 0.24936
6 0.08561 0.28448
7 0.11013 0.31166
8 0.12553 0.33872
9 0.15008 0.3657
10 0.17395 0.40561
11 0.18984 0.43261
12 0.21752 0.45958
13 0.2439 0.48653
14 0.25384 0.51347
15 0.28448 0.54042
16 0.31166 0.56739
17 0.33872 0.59438
18 0.3657 0.61359
19 0.38641 0.6343
20 0.40562 0.66128
21 0.43261 0.68834
22 0.45958 0.71552
23 0.48653 0.74616
24 0.51347 0.7561
25 0.54042 0.78248
26 0.56739 0.81016
27 0.59439 0.82605
28 0.6343 0.84992
29 0.66128 0.87447
30 0.68834 0.88987
31 0.71552 0.91439
32 0.75064 0.93067
33 0.78249 0.94729
34 0.81016 0.96618
35 0.84992 0.98313
36 0.88987 0.99628
37 0.93067 1
