Adjusted LCO Confidence Intervals for
n = 79 and Mean Coverage = 0.99900
Minimum Coverage = 0.99866 

0 0 0.08702
1 2e-05 0.11375
2 0.00067 0.13949
3 0.0027 0.1595
4 0.00598 0.17922
5 0.01022 0.19878
6 0.01522 0.21823
7 0.02085 0.23194
8 0.027 0.25125
9 0.03359 0.26556
10 0.04055 0.284
11 0.04786 0.29737
12 0.05546 0.31662
13 0.06333 0.32991
14 0.07145 0.34314
15 0.0798 0.36244
16 0.08702 0.37563
17 0.0939 0.3888
18 0.10487 0.40194
19 0.11375 0.41505
20 0.12 0.4312
21 0.13236 0.44759
22 0.13949 0.4607
23 0.15048 0.47381
24 0.1595 0.4869
25 0.1694 0.5
26 0.17922 0.51309
27 0.18952 0.52619
28 0.19878 0.5393
29 0.21076 0.55241
30 0.21823 0.56363
31 0.23194 0.57375
32 0.23997 0.58495
33 0.25125 0.59806
34 0.26448 0.6112
35 0.27083 0.62437
36 0.284 0.63756
37 0.29737 0.64683
38 0.3066 0.65686
39 0.31663 0.67009
40 0.32991 0.68337
41 0.34314 0.6934
42 0.35317 0.70263
43 0.36244 0.716
44 0.37563 0.72917
45 0.3888 0.73552
46 0.40194 0.74875
47 0.41505 0.76003
48 0.42625 0.76806
49 0.43637 0.78177
50 0.44759 0.78924
51 0.4607 0.80122
52 0.47381 0.81048
53 0.48691 0.82078
54 0.5 0.8306
55 0.5131 0.8405
56 0.52619 0.84952
57 0.5393 0.86051
58 0.55241 0.86764
59 0.5688 0.88
60 0.58495 0.88625
61 0.59806 0.89513
62 0.6112 0.9061
63 0.62437 0.91298
64 0.63756 0.9202
65 0.65686 0.92855
66 0.67009 0.93667
67 0.68338 0.94454
68 0.70263 0.95214
69 0.716 0.95945
70 0.73444 0.96641
71 0.74875 0.973
72 0.76806 0.97915
73 0.78177 0.98478
74 0.80122 0.98978
75 0.82078 0.99402
76 0.8405 0.9973
77 0.86051 0.99933
78 0.88625 0.99998
79 0.91298 1
