Adjusted LCO Confidence Intervals for
n = 92 and Mean Coverage = 0.9000
Minimum Coverage = 0.8830 

0 0 0.03237
1 0.00135 0.04917
2 0.00638 0.06547
3 0.01293 0.08162
4 0.02025 0.09299
5 0.02805 0.109
6 0.03237 0.12018
7 0.04273 0.13616
8 0.04917 0.14725
9 0.05875 0.16322
10 0.06548 0.17426
11 0.07642 0.18527
12 0.08162 0.19624
13 0.09299 0.21224
14 0.10116 0.2232
15 0.109 0.23414
16 0.12018 0.24506
17 0.12823 0.26109
18 0.13616 0.27201
19 0.14725 0.28292
20 0.15794 0.29382
21 0.16323 0.3047
22 0.17426 0.3181
23 0.18527 0.33168
24 0.19624 0.34256
25 0.20095 0.35344
26 0.21224 0.36432
27 0.2232 0.37519
28 0.23414 0.38605
29 0.24506 0.39691
30 0.25106 0.40777
31 0.26109 0.41863
32 0.27201 0.42948
33 0.28292 0.44033
34 0.29382 0.45216
35 0.30471 0.46454
36 0.31481 0.47828
37 0.31999 0.48914
38 0.33168 0.5
39 0.34256 0.51086
40 0.35344 0.52172
41 0.36432 0.53034
42 0.37519 0.5399
43 0.38605 0.54959
44 0.39691 0.55967
45 0.40777 0.57052
46 0.41863 0.58137
47 0.42948 0.59223
48 0.44033 0.60309
49 0.45041 0.61395
50 0.4601 0.62481
51 0.46966 0.63568
52 0.47828 0.64656
53 0.48914 0.65744
54 0.5 0.66832
55 0.51086 0.68001
56 0.52172 0.68519
57 0.53546 0.69529
58 0.54784 0.70618
59 0.55967 0.71708
60 0.57052 0.72799
61 0.58137 0.73891
62 0.59223 0.74894
63 0.60309 0.75494
64 0.61395 0.76586
65 0.62481 0.7768
66 0.63568 0.78776
67 0.64656 0.79905
68 0.65744 0.80376
69 0.66832 0.81473
70 0.6819 0.82574
71 0.6953 0.83677
72 0.70618 0.84206
73 0.71708 0.85275
74 0.72799 0.86384
75 0.73891 0.87177
76 0.75494 0.87982
77 0.76586 0.891
78 0.7768 0.89884
79 0.78776 0.90701
80 0.80376 0.91838
81 0.81473 0.92358
82 0.82574 0.93452
83 0.83678 0.94125
84 0.85275 0.95083
85 0.86384 0.95727
86 0.87982 0.96763
87 0.891 0.97195
88 0.90701 0.97975
89 0.91838 0.98707
90 0.93453 0.99362
91 0.95083 0.99865
92 0.96763 1
