Adjusted LCO Confidence Intervals for
n = 92 and Mean Coverage = 0.99900
Minimum Coverage = 0.99869 

0 0 0.07459
1 2e-05 0.1019
2 0.00057 0.11954
3 0.0023 0.13669
4 0.00509 0.15824
5 0.00871 0.17084
6 0.01297 0.18697
7 0.01777 0.20355
8 0.023 0.2201
9 0.0286 0.23173
10 0.03453 0.24821
11 0.04073 0.25971
12 0.04719 0.27617
13 0.05387 0.28759
14 0.06076 0.30405
15 0.06783 0.31541
16 0.07459 0.32674
17 0.07867 0.33954
18 0.08878 0.35452
19 0.09719 0.36579
20 0.1019 0.37704
21 0.11179 0.38827
22 0.11954 0.40212
23 0.1262 0.41605
24 0.1367 0.42727
25 0.14013 0.43847
26 0.15318 0.44967
27 0.15824 0.46086
28 0.17024 0.47205
29 0.1736 0.48323
30 0.18697 0.49441
31 0.19374 0.50559
32 0.20356 0.51677
33 0.21332 0.52795
34 0.2201 0.53914
35 0.23173 0.55033
36 0.23946 0.56153
37 0.24821 0.57273
38 0.25971 0.58395
39 0.26753 0.59419
40 0.27617 0.6019
41 0.28759 0.61173
42 0.29771 0.62296
43 0.30405 0.63421
44 0.31541 0.64548
45 0.32674 0.65591
46 0.33739 0.66261
47 0.34409 0.67326
48 0.35452 0.68459
49 0.36579 0.69595
50 0.37704 0.70229
51 0.38827 0.71241
52 0.3981 0.72383
53 0.40581 0.73247
54 0.41605 0.74029
55 0.42727 0.75179
56 0.43847 0.76054
57 0.44967 0.76827
58 0.46086 0.7799
59 0.47205 0.78668
60 0.48323 0.79644
61 0.49441 0.80626
62 0.50559 0.81303
63 0.51677 0.8264
64 0.52795 0.82976
65 0.53914 0.84176
66 0.55033 0.84682
67 0.56153 0.85987
68 0.57273 0.8633
69 0.58395 0.8738
70 0.59788 0.88046
71 0.61173 0.88821
72 0.62296 0.8981
73 0.63421 0.90281
74 0.64548 0.91122
75 0.66046 0.92133
76 0.67326 0.92541
77 0.68459 0.93217
78 0.69595 0.93924
79 0.71241 0.94613
80 0.72383 0.95281
81 0.74029 0.95927
82 0.75179 0.96547
83 0.76827 0.9714
84 0.7799 0.977
85 0.79645 0.98223
86 0.81303 0.98703
87 0.82916 0.99129
88 0.84176 0.99491
89 0.86331 0.9977
90 0.88046 0.99943
91 0.8981 0.99998
92 0.92541 1
