Adjusted LCO Confidence Intervals for
n = 55 and Mean Coverage = 0.9900
Minimum Coverage = 0.9866 

0 0 0.08957
1 0.00024 0.11924
2 0.00317 0.14752
3 0.00897 0.1753
4 0.01666 0.20286
5 0.02566 0.23032
6 0.03566 0.24951
7 0.04644 0.27685
8 0.05786 0.2958
9 0.06982 0.31735
10 0.08225 0.34198
11 0.08957 0.36071
12 0.10583 0.37939
13 0.11924 0.39802
14 0.12924 0.42226
15 0.14752 0.44419
16 0.15402 0.46281
17 0.1753 0.48141
18 0.18474 0.5
19 0.20286 0.51859
20 0.2179 0.53719
21 0.23032 0.5558
22 0.24951 0.57339
23 0.26299 0.58637
24 0.27685 0.60198
25 0.2958 0.62061
26 0.31363 0.63929
27 0.32367 0.65802
28 0.34198 0.67633
29 0.36071 0.68637
30 0.37939 0.7042
31 0.39802 0.72315
32 0.41363 0.73701
33 0.42661 0.75049
34 0.4442 0.76968
35 0.46281 0.7821
36 0.48141 0.79714
37 0.5 0.81526
38 0.51859 0.8247
39 0.53719 0.84598
40 0.55581 0.85248
41 0.57774 0.87076
42 0.60198 0.88076
43 0.62061 0.89417
44 0.63929 0.91043
45 0.65802 0.91775
46 0.68265 0.93018
47 0.7042 0.94214
48 0.72315 0.95356
49 0.75049 0.96434
50 0.76968 0.97434
51 0.79714 0.98334
52 0.8247 0.99103
53 0.85248 0.99683
54 0.88076 0.99976
55 0.91043 1
