Adjusted LCO Confidence Intervals for
n = 22 and Mean Coverage = 0.9500
Minimum Coverage = 0.9291 

0 0 0.13354
1 0.00334 0.20275
2 0.01999 0.27049
3 0.04415 0.31737
4 0.07255 0.38489
5 0.10383 0.43109
6 0.13354 0.47705
7 0.1591 0.52295
8 0.20275 0.56891
9 0.23009 0.61511
10 0.27049 0.65233
11 0.31737 0.68263
12 0.34767 0.72951
13 0.38489 0.76991
14 0.43109 0.79725
15 0.47705 0.8409
16 0.52295 0.86646
17 0.56891 0.89617
18 0.61511 0.92745
19 0.68263 0.95585
20 0.72951 0.98001
21 0.79725 0.99666
22 0.86646 1
