Adjusted LCO Confidence Intervals for
n = 73 and Mean Coverage = 0.9500
Minimum Coverage = 0.9394 

0 0 0.04608
1 0.00086 0.07307
2 0.00545 0.0939
3 0.01223 0.11446
4 0.0202 0.12895
5 0.02894 0.14925
6 0.03823 0.16345
7 0.04608 0.18368
8 0.0541 0.19774
9 0.06689 0.21797
10 0.07307 0.23194
11 0.08692 0.24587
12 0.0939 0.26612
13 0.1085 0.28
14 0.11446 0.29386
15 0.12895 0.30769
16 0.13907 0.32349
17 0.14925 0.34182
18 0.16345 0.35563
19 0.17191 0.36942
20 0.18368 0.38319
21 0.19774 0.39696
22 0.20898 0.41071
23 0.21797 0.42446
24 0.23194 0.4382
25 0.24587 0.45271
26 0.25736 0.46803
27 0.26612 0.4831
28 0.28 0.49751
29 0.29386 0.51094
30 0.30769 0.52373
31 0.32073 0.53626
32 0.32842 0.54868
33 0.34182 0.5618
34 0.35563 0.57554
35 0.36942 0.58929
36 0.38319 0.60304
37 0.39696 0.61681
38 0.41071 0.63058
39 0.42446 0.64437
40 0.4382 0.65818
41 0.45132 0.67158
42 0.46374 0.67927
43 0.47627 0.69231
44 0.48906 0.70614
45 0.50249 0.72
46 0.5169 0.73388
47 0.53197 0.74264
48 0.54729 0.75413
49 0.5618 0.76806
50 0.57554 0.78203
51 0.58929 0.79102
52 0.60304 0.80226
53 0.61681 0.81632
54 0.63058 0.82809
55 0.64437 0.83655
56 0.65818 0.85075
57 0.67651 0.86093
58 0.69231 0.87105
59 0.70614 0.88554
60 0.72 0.8915
61 0.73388 0.9061
62 0.75413 0.91308
63 0.76806 0.92693
64 0.78203 0.93311
65 0.80226 0.9459
66 0.81632 0.95392
67 0.83655 0.96177
68 0.85075 0.97106
69 0.87105 0.9798
70 0.88554 0.98777
71 0.9061 0.99455
72 0.92693 0.99914
73 0.95392 1
