Adjusted LCO Confidence Intervals for
n = 54 and Mean Coverage = 0.9000
Minimum Coverage = 0.8761 

0 0 0.04773
1 0.00245 0.08346
2 0.01127 0.10329
3 0.02268 0.13059
4 0.0354 0.15784
5 0.04773 0.17684
6 0.0556 0.20403
7 0.07528 0.22284
8 0.08346 0.24155
9 0.10329 0.26019
10 0.11116 0.28743
11 0.13059 0.30603
12 0.14705 0.32459
13 0.15784 0.34312
14 0.17684 0.36163
15 0.1948 0.38475
16 0.20403 0.40756
17 0.22284 0.42607
18 0.24155 0.44456
19 0.26019 0.46304
20 0.27039 0.48152
21 0.28743 0.5
22 0.30603 0.51848
23 0.32459 0.53696
24 0.34312 0.55544
25 0.36163 0.57393
26 0.37802 0.59244
27 0.38973 0.61027
28 0.40756 0.62198
29 0.42607 0.63837
30 0.44456 0.65688
31 0.46304 0.67541
32 0.48152 0.69397
33 0.5 0.71257
34 0.51848 0.72961
35 0.53696 0.73981
36 0.55544 0.75845
37 0.57393 0.77716
38 0.59244 0.79597
39 0.61525 0.8052
40 0.63837 0.82316
41 0.65688 0.84216
42 0.67541 0.85295
43 0.69397 0.86941
44 0.71257 0.88884
45 0.73981 0.89671
46 0.75845 0.91654
47 0.77716 0.92472
48 0.79597 0.9444
49 0.82316 0.95227
50 0.84216 0.9646
51 0.86941 0.97732
52 0.89671 0.98873
53 0.91654 0.99755
54 0.95227 1
