Adjusted LCO Confidence Intervals for
n = 36 and Mean Coverage = 0.9500
Minimum Coverage = 0.9345 

0 0 0.09306
1 0.00188 0.13621
2 0.01162 0.17802
3 0.02584 0.2114
4 0.04255 0.24836
5 0.0609 0.27687
6 0.08046 0.318
7 0.09306 0.34625
8 0.11772 0.37435
9 0.13621 0.40236
10 0.15936 0.43216
11 0.17803 0.4651
12 0.20654 0.4961
13 0.21485 0.52247
14 0.24836 0.54694
15 0.27687 0.57105
16 0.2947 0.59764
17 0.318 0.62564
18 0.34625 0.65375
19 0.37436 0.682
20 0.40236 0.7053
21 0.42895 0.72313
22 0.45306 0.75164
23 0.47753 0.78515
24 0.5039 0.79346
25 0.5349 0.82197
26 0.56784 0.84064
27 0.59764 0.86379
28 0.62565 0.88228
29 0.65375 0.90694
30 0.682 0.91954
31 0.72313 0.9391
32 0.75164 0.95745
33 0.7886 0.97416
34 0.82198 0.98838
35 0.86379 0.99812
36 0.90694 1
