Adjusted LCO Confidence Intervals for
n = 67 and Mean Coverage = 0.9000
Minimum Coverage = 0.8804 

0 0 0.03854
1 0.0019 0.06738
2 0.00888 0.08973
3 0.01796 0.10545
4 0.0281 0.12743
5 0.03854 0.14278
6 0.04252 0.1647
7 0.05957 0.1799
8 0.06738 0.20182
9 0.08224 0.21694
10 0.08973 0.232
11 0.10545 0.25396
12 0.11405 0.26899
13 0.12743 0.28399
14 0.14278 0.29897
15 0.14912 0.31393
16 0.1647 0.33214
17 0.1799 0.35094
18 0.19153 0.36588
19 0.20182 0.3808
20 0.21694 0.39572
21 0.232 0.41064
22 0.24576 0.42554
23 0.25396 0.44044
24 0.26899 0.45533
25 0.284 0.47022
26 0.29897 0.48511
27 0.31393 0.5
28 0.32773 0.51489
29 0.3355 0.52978
30 0.35094 0.54467
31 0.36588 0.55956
32 0.38081 0.57446
33 0.39572 0.58936
34 0.41064 0.60428
35 0.42554 0.61919
36 0.44044 0.63412
37 0.45533 0.64906
38 0.47022 0.6645
39 0.48511 0.67227
40 0.5 0.68607
41 0.51489 0.70103
42 0.52978 0.716
43 0.54467 0.73101
44 0.55956 0.74604
45 0.57446 0.75424
46 0.58936 0.768
47 0.60428 0.78306
48 0.6192 0.79818
49 0.63412 0.80847
50 0.64906 0.8201
51 0.66786 0.8353
52 0.68607 0.85088
53 0.70103 0.85722
54 0.71601 0.87257
55 0.73101 0.88595
56 0.74604 0.89455
57 0.768 0.91027
58 0.78306 0.91776
59 0.79818 0.93262
60 0.8201 0.94043
61 0.8353 0.95748
62 0.85722 0.96146
63 0.87257 0.9719
64 0.89455 0.98204
65 0.91027 0.99112
66 0.93262 0.9981
67 0.96146 1
