Adjusted LCO Confidence Intervals for
n = 24 and Mean Coverage = 0.9900
Minimum Coverage = 0.9852 

0 0 0.17352
1 0.00062 0.25779
2 0.00776 0.30422
3 0.02177 0.36836
4 0.04042 0.41263
5 0.06243 0.45642
6 0.08706 0.5
7 0.11385 0.54358
8 0.14251 0.58737
9 0.17284 0.63163
10 0.18757 0.66917
11 0.23432 0.69605
12 0.25779 0.74221
13 0.30395 0.76568
14 0.33083 0.81243
15 0.36837 0.82716
16 0.41263 0.85749
17 0.45642 0.88615
18 0.5 0.91294
19 0.54358 0.93757
20 0.58737 0.95958
21 0.63164 0.97823
22 0.69578 0.99224
23 0.74221 0.99938
24 0.82648 1
