Adjusted LCO Confidence Intervals for
n = 75 and Mean Coverage = 0.9000
Minimum Coverage = 0.8806 

0 0 0.03446
1 0.0017 0.06024
2 0.00792 0.08022
3 0.01602 0.09428
4 0.02506 0.11392
5 0.03446 0.13355
6 0.0375 0.14724
7 0.05303 0.16084
8 0.06024 0.18042
9 0.07311 0.19394
10 0.08022 0.20741
11 0.09428 0.22701
12 0.10034 0.24046
13 0.11392 0.25387
14 0.12689 0.26726
15 0.13355 0.28692
16 0.14724 0.3003
17 0.16084 0.31367
18 0.16728 0.32702
19 0.18042 0.34036
20 0.19394 0.3537
21 0.20741 0.37346
22 0.21338 0.3868
23 0.22701 0.40013
24 0.24046 0.41346
25 0.25387 0.42678
26 0.26726 0.4401
27 0.27455 0.45341
28 0.28692 0.46672
29 0.3003 0.48004
30 0.31367 0.49334
31 0.32702 0.50665
32 0.34037 0.51996
33 0.3537 0.53327
34 0.36485 0.54659
35 0.37346 0.5599
36 0.3868 0.57322
37 0.40013 0.58654
38 0.41346 0.59987
39 0.42678 0.6132
40 0.4401 0.62654
41 0.45341 0.63515
42 0.46673 0.6463
43 0.48004 0.65963
44 0.49335 0.67298
45 0.50666 0.68633
46 0.51996 0.6997
47 0.53328 0.71308
48 0.54659 0.72545
49 0.5599 0.73274
50 0.57322 0.74613
51 0.58654 0.75954
52 0.59987 0.77299
53 0.6132 0.78662
54 0.62654 0.79259
55 0.6463 0.80606
56 0.65964 0.81958
57 0.67298 0.83272
58 0.68633 0.83916
59 0.6997 0.85276
60 0.71308 0.86645
61 0.73274 0.87311
62 0.74613 0.88608
63 0.75954 0.89966
64 0.77299 0.90572
65 0.79259 0.91978
66 0.80606 0.92689
67 0.81958 0.93976
68 0.83916 0.94697
69 0.85276 0.9625
70 0.86645 0.96554
71 0.88608 0.97494
72 0.90572 0.98398
73 0.91978 0.99208
74 0.93976 0.9983
75 0.96554 1
