Adjusted LCO Confidence Intervals for
n = 31 and Mean Coverage = 0.9900
Minimum Coverage = 0.9852 

0 0 0.14669
1 0.00048 0.19881
2 0.00597 0.2489
3 0.0167 0.29846
4 0.03093 0.33285
5 0.04763 0.37517
6 0.06624 0.41607
7 0.08638 0.44972
8 0.10783 0.48325
9 0.1304 0.51675
10 0.1467 0.55028
11 0.17363 0.58393
12 0.19881 0.61678
13 0.22098 0.63678
14 0.2489 0.66715
15 0.27674 0.70154
16 0.29846 0.72326
17 0.33285 0.7511
18 0.36322 0.77902
19 0.38322 0.80119
20 0.41607 0.82637
21 0.44972 0.8533
22 0.48325 0.8696
23 0.51675 0.89217
24 0.55028 0.91362
25 0.58393 0.93376
26 0.62483 0.95237
27 0.66715 0.96907
28 0.70154 0.9833
29 0.7511 0.99403
30 0.80119 0.99952
31 0.85331 1
