Adjusted LCO Confidence Intervals for
n = 88 and Mean Coverage = 0.9900
Minimum Coverage = 0.9874 

0 0 0.05588
1 0.00014 0.07903
2 0.00191 0.09681
3 0.00544 0.11423
4 0.01014 0.13146
5 0.01564 0.14859
6 0.02173 0.16566
7 0.02829 0.17767
8 0.03523 0.19465
9 0.04249 0.20652
10 0.05002 0.22347
11 0.05588 0.23524
12 0.06318 0.25219
13 0.07289 0.2639
14 0.07903 0.27558
15 0.08804 0.29254
16 0.09682 0.30418
17 0.10366 0.3158
18 0.11423 0.32739
19 0.12058 0.3444
20 0.13146 0.35599
21 0.1392 0.36756
22 0.14859 0.37911
23 0.1588 0.39066
24 0.16566 0.40219
25 0.17767 0.41675
26 0.18487 0.43084
27 0.19465 0.44238
28 0.20652 0.45391
29 0.21289 0.46543
30 0.22347 0.47696
31 0.23524 0.48848
32 0.24407 0.5
33 0.25219 0.51152
34 0.2639 0.52304
35 0.27558 0.53456
36 0.28388 0.54609
37 0.29254 0.55762
38 0.30418 0.56916
39 0.3158 0.57972
40 0.32739 0.58795
41 0.33537 0.59781
42 0.3444 0.60934
43 0.35599 0.62089
44 0.36756 0.63244
45 0.37911 0.64401
46 0.39066 0.6556
47 0.40219 0.66463
48 0.41205 0.67261
49 0.42028 0.6842
50 0.43084 0.69582
51 0.44238 0.70746
52 0.45391 0.71612
53 0.46544 0.72442
54 0.47696 0.7361
55 0.48848 0.74781
56 0.5 0.75593
57 0.51152 0.76476
58 0.52304 0.77653
59 0.53457 0.78711
60 0.54609 0.79348
61 0.55762 0.80535
62 0.56916 0.81513
63 0.58325 0.82233
64 0.59781 0.83434
65 0.60934 0.8412
66 0.62089 0.85141
67 0.63244 0.8608
68 0.64401 0.86854
69 0.6556 0.87942
70 0.67261 0.88577
71 0.6842 0.89634
72 0.69582 0.90318
73 0.70746 0.91196
74 0.72442 0.92097
75 0.7361 0.92711
76 0.74781 0.93682
77 0.76476 0.94412
78 0.77653 0.94998
79 0.79348 0.95751
80 0.80535 0.96477
81 0.82233 0.97171
82 0.83434 0.97827
83 0.85141 0.98436
84 0.86854 0.98986
85 0.88577 0.99456
86 0.90319 0.99809
87 0.92097 0.99986
88 0.94412 1
