Adjusted LCO Confidence Intervals for
n = 96 and Mean Coverage = 0.9000
Minimum Coverage = 0.8818 

0 0 0.03103
1 0.00131 0.04713
2 0.00615 0.06276
3 0.01244 0.07824
4 0.01947 0.08914
5 0.02696 0.10448
6 0.03103 0.1152
7 0.04106 0.13051
8 0.04713 0.14114
9 0.05644 0.15645
10 0.06276 0.16704
11 0.07337 0.17759
12 0.07824 0.19291
13 0.08914 0.20343
14 0.09708 0.21394
15 0.10448 0.22443
16 0.1152 0.23978
17 0.12294 0.25026
18 0.13051 0.26072
19 0.14114 0.27118
20 0.15129 0.28163
21 0.15646 0.29206
22 0.16704 0.30747
23 0.17759 0.31791
24 0.18787 0.32834
25 0.19291 0.33877
26 0.20344 0.34919
27 0.21394 0.35961
28 0.22443 0.37002
29 0.23428 0.38043
30 0.23978 0.39084
31 0.25026 0.40633
32 0.26072 0.41675
33 0.27118 0.42716
34 0.28163 0.43757
35 0.29207 0.44797
36 0.29917 0.45838
37 0.30747 0.46879
38 0.31791 0.47919
39 0.32834 0.4896
40 0.33877 0.5
41 0.34919 0.5104
42 0.35961 0.52081
43 0.37002 0.53121
44 0.38043 0.54162
45 0.39084 0.55202
46 0.3991 0.56243
47 0.40633 0.57284
48 0.41675 0.58325
49 0.42716 0.59367
50 0.43757 0.6009
51 0.44798 0.60916
52 0.45838 0.61957
53 0.46879 0.62998
54 0.47919 0.64039
55 0.4896 0.65081
56 0.5 0.66123
57 0.5104 0.67166
58 0.52081 0.68209
59 0.53121 0.69253
60 0.54162 0.70083
61 0.55203 0.70793
62 0.56243 0.71837
63 0.57284 0.72882
64 0.58325 0.73928
65 0.59367 0.74974
66 0.60916 0.76022
67 0.61957 0.76572
68 0.62998 0.77557
69 0.64039 0.78606
70 0.65081 0.79656
71 0.66123 0.80709
72 0.67166 0.81213
73 0.68209 0.82241
74 0.69253 0.83296
75 0.70794 0.84354
76 0.71837 0.84871
77 0.72882 0.85886
78 0.73928 0.86949
79 0.74974 0.87706
80 0.76022 0.8848
81 0.77557 0.89552
82 0.78606 0.90292
83 0.79657 0.91086
84 0.80709 0.92176
85 0.82241 0.92663
86 0.83296 0.93724
87 0.84355 0.94356
88 0.85886 0.95287
89 0.86949 0.95894
90 0.8848 0.96897
91 0.89552 0.97304
92 0.91086 0.98053
93 0.92176 0.98756
94 0.93724 0.99385
95 0.95287 0.99869
96 0.96897 1
