Adjusted LCO Confidence Intervals for
n = 32 and Mean Coverage = 0.9900
Minimum Coverage = 0.9860 

0 0 0.14206
1 0.00044 0.19254
2 0.00562 0.24103
3 0.01584 0.28897
4 0.02944 0.32296
5 0.04545 0.36997
6 0.0633 0.40272
7 0.08263 0.43525
8 0.10322 0.46766
9 0.1249 0.5
10 0.14207 0.53234
11 0.1654 0.56475
12 0.19254 0.59728
13 0.20848 0.63003
14 0.24103 0.65726
15 0.26233 0.67804
16 0.28897 0.71103
17 0.32196 0.73767
18 0.34274 0.75897
19 0.36997 0.79152
20 0.40272 0.80746
21 0.43525 0.8346
22 0.46766 0.85793
23 0.5 0.8751
24 0.53234 0.89678
25 0.56475 0.91737
26 0.59728 0.9367
27 0.63003 0.95455
28 0.67704 0.97056
29 0.71103 0.98416
30 0.75897 0.99438
31 0.80746 0.99956
32 0.85794 1
