Adjusted LCO Confidence Intervals for
n = 90 and Mean Coverage = 0.9900
Minimum Coverage = 0.9875 

0 0 0.05464
1 0.00014 0.07727
2 0.00186 0.09466
3 0.00531 0.11168
4 0.00989 0.12853
5 0.01526 0.14527
6 0.02121 0.16196
7 0.02762 0.17371
8 0.03439 0.19031
9 0.04148 0.20314
10 0.04883 0.21848
11 0.05464 0.22999
12 0.0616 0.24655
13 0.07113 0.25801
14 0.07727 0.27112
15 0.08584 0.286
16 0.09466 0.29738
17 0.10092 0.30874
18 0.11168 0.32535
19 0.11727 0.33669
20 0.12853 0.34801
21 0.13547 0.35932
22 0.14528 0.37062
23 0.15468 0.3834
24 0.16197 0.3986
25 0.17371 0.40989
26 0.17945 0.42117
27 0.19031 0.43244
28 0.20168 0.44371
29 0.20524 0.45497
30 0.21848 0.46623
31 0.22999 0.47749
32 0.23682 0.48874
33 0.24656 0.5
34 0.25801 0.51125
35 0.26896 0.52251
36 0.2738 0.53377
37 0.286 0.54503
38 0.29738 0.55629
39 0.30874 0.56756
40 0.31799 0.57883
41 0.32535 0.59011
42 0.33669 0.6014
43 0.34802 0.61094
44 0.35932 0.6189
45 0.37062 0.62938
46 0.3811 0.64068
47 0.38906 0.65198
48 0.3986 0.66331
49 0.40989 0.67465
50 0.42117 0.68201
51 0.43244 0.69126
52 0.44371 0.70262
53 0.45497 0.714
54 0.46623 0.7262
55 0.47749 0.73104
56 0.48875 0.74199
57 0.5 0.75344
58 0.51126 0.76318
59 0.52251 0.77001
60 0.53377 0.78152
61 0.54503 0.79476
62 0.55629 0.79832
63 0.56756 0.80969
64 0.57883 0.82055
65 0.59011 0.82629
66 0.6014 0.83803
67 0.6166 0.84532
68 0.62938 0.85472
69 0.64068 0.86453
70 0.65199 0.87147
71 0.66331 0.88273
72 0.67465 0.88832
73 0.69126 0.89908
74 0.70262 0.90534
75 0.714 0.91416
76 0.72888 0.92273
77 0.74199 0.92887
78 0.75345 0.9384
79 0.77001 0.94536
80 0.78152 0.95117
81 0.79686 0.95852
82 0.80969 0.96561
83 0.82629 0.97238
84 0.83804 0.97879
85 0.85473 0.98474
86 0.87147 0.99011
87 0.88832 0.99469
88 0.90534 0.99814
89 0.92273 0.99986
90 0.94536 1
