Adjusted LCO Confidence Intervals for
n = 22 and Mean Coverage = 0.99900
Minimum Coverage = 0.99819 

0 0 0.26717
1 8e-05 0.34532
2 0.00285 0.40733
3 0.01112 0.47405
4 0.02434 0.52594
5 0.04159 0.56929
6 0.06216 0.60682
7 0.08561 0.65468
8 0.11159 0.69194
9 0.13991 0.73283
10 0.17041 0.7623
11 0.20302 0.79698
12 0.2377 0.82959
13 0.26717 0.86009
14 0.30806 0.88841
15 0.34532 0.91439
16 0.39318 0.93784
17 0.43071 0.95841
18 0.47406 0.97566
19 0.52595 0.98888
20 0.59267 0.99715
21 0.65468 0.99992
22 0.73283 1
