Adjusted LCO Confidence Intervals for
n = 49 and Mean Coverage = 0.9000
Minimum Coverage = 0.8775 

0 0 0.05254
1 0.00266 0.09189
2 0.01233 0.11372
3 0.02488 0.14378
4 0.03889 0.1738
5 0.05254 0.19471
6 0.06111 0.21543
7 0.08289 0.24538
8 0.09189 0.26598
9 0.11372 0.2865
10 0.12327 0.31655
11 0.14378 0.33704
12 0.16283 0.35748
13 0.1738 0.37789
14 0.19471 0.39828
15 0.21544 0.41864
16 0.22695 0.439
17 0.24538 0.45934
18 0.26598 0.47967
19 0.2865 0.5
20 0.30524 0.52033
21 0.31655 0.54066
22 0.33704 0.561
23 0.35748 0.58136
24 0.37789 0.60172
25 0.39828 0.62211
26 0.41864 0.64252
27 0.439 0.66296
28 0.45934 0.68345
29 0.47967 0.69476
30 0.5 0.7135
31 0.52033 0.73402
32 0.54066 0.75462
33 0.561 0.77305
34 0.58136 0.78456
35 0.60172 0.80529
36 0.62211 0.8262
37 0.64252 0.83717
38 0.66296 0.85622
39 0.68345 0.87673
40 0.7135 0.88628
41 0.73402 0.90811
42 0.75462 0.91711
43 0.78457 0.93889
44 0.80529 0.94746
45 0.8262 0.96111
46 0.85622 0.97512
47 0.88628 0.98767
48 0.90811 0.99734
49 0.94746 1
