Adjusted LCO Confidence Intervals for
n = 63 and Mean Coverage = 0.9000
Minimum Coverage = 0.8779 

0 0 0.04097
1 0.00207 0.07162
2 0.00957 0.09538
3 0.01929 0.11209
4 0.03014 0.13546
5 0.04097 0.15177
6 0.04654 0.17508
7 0.06392 0.19123
8 0.07162 0.2084
9 0.0883 0.23062
10 0.09539 0.24663
11 0.11209 0.2626
12 0.12348 0.28597
13 0.13546 0.30192
14 0.15177 0.31784
15 0.16271 0.33374
16 0.17508 0.34962
17 0.19123 0.36548
18 0.20706 0.38133
19 0.21284 0.40488
20 0.23062 0.42075
21 0.24663 0.43661
22 0.2626 0.45246
23 0.27662 0.46831
24 0.28597 0.48416
25 0.30192 0.5
26 0.31784 0.51584
27 0.33374 0.53169
28 0.34962 0.54754
29 0.36548 0.56339
30 0.38134 0.57925
31 0.39397 0.59512
32 0.40488 0.60603
33 0.42075 0.61866
34 0.43661 0.63452
35 0.45246 0.65038
36 0.46831 0.66626
37 0.48416 0.68216
38 0.5 0.69808
39 0.51584 0.71403
40 0.53169 0.72338
41 0.54754 0.7374
42 0.56339 0.75337
43 0.57925 0.76938
44 0.59512 0.78716
45 0.61867 0.79294
46 0.63452 0.80877
47 0.65038 0.82492
48 0.66626 0.83729
49 0.68216 0.84823
50 0.69808 0.86454
51 0.71403 0.87652
52 0.7374 0.88791
53 0.75337 0.90461
54 0.76938 0.9117
55 0.7916 0.92838
56 0.80877 0.93608
57 0.82492 0.95346
58 0.84823 0.95903
59 0.86454 0.96986
60 0.88791 0.98071
61 0.90462 0.99043
62 0.92838 0.99793
63 0.95903 1
