Adjusted LCO Confidence Intervals for
n = 65 and Mean Coverage = 0.99900
Minimum Coverage = 0.99862 

0 0 0.10607
1 2e-05 0.13866
2 0.00083 0.16358
3 0.00333 0.18786
4 0.00735 0.21183
5 0.01257 0.23562
6 0.01872 0.25934
7 0.02565 0.27595
8 0.03322 0.29954
9 0.04134 0.31592
10 0.04994 0.3395
11 0.05896 0.35576
12 0.06836 0.37194
13 0.07811 0.38834
14 0.08817 0.41174
15 0.09852 0.42783
16 0.10607 0.4439
17 0.11744 0.45994
18 0.13016 0.47597
19 0.13867 0.49199
20 0.15111 0.50801
21 0.16358 0.52403
22 0.17232 0.54005
23 0.18786 0.5561
24 0.19516 0.57217
25 0.21183 0.58826
26 0.2213 0.59976
27 0.23563 0.61212
28 0.24897 0.62806
29 0.25934 0.64424
30 0.27595 0.66049
31 0.28713 0.67042
32 0.29954 0.68408
33 0.31592 0.70046
34 0.32958 0.71287
35 0.33951 0.72405
36 0.35576 0.74066
37 0.37194 0.75103
38 0.38788 0.76437
39 0.40024 0.7787
40 0.41174 0.78817
41 0.42783 0.80484
42 0.4439 0.81214
43 0.45995 0.82768
44 0.47597 0.83642
45 0.49199 0.84889
46 0.50801 0.86133
47 0.52403 0.86984
48 0.54006 0.88256
49 0.5561 0.89393
50 0.57217 0.90148
51 0.58826 0.91183
52 0.61166 0.92189
53 0.62806 0.93164
54 0.64424 0.94104
55 0.6605 0.95006
56 0.68408 0.95866
57 0.70046 0.96678
58 0.72405 0.97435
59 0.74066 0.98128
60 0.76438 0.98743
61 0.78817 0.99265
62 0.81214 0.99667
63 0.83642 0.99917
64 0.86134 0.99998
65 0.89393 1
