Adjusted LCO Confidence Intervals for
n = 52 and Mean Coverage = 0.9900
Minimum Coverage = 0.9867 

0 0 0.08768
1 0.00026 0.12615
2 0.00335 0.15607
3 0.00947 0.18547
4 0.0176 0.21464
5 0.02714 0.24372
6 0.03773 0.26402
7 0.04915 0.293
8 0.06126 0.31304
9 0.07395 0.33297
10 0.08715 0.35749
11 0.09013 0.38182
12 0.11232 0.4016
13 0.12615 0.42133
14 0.13768 0.44103
15 0.15607 0.4607
16 0.16533 0.48035
17 0.18547 0.5
18 0.19785 0.51965
19 0.21464 0.5393
20 0.23264 0.55897
21 0.24372 0.57867
22 0.26403 0.5984
23 0.28192 0.61818
24 0.293 0.6379
25 0.31304 0.64903
26 0.33297 0.66703
27 0.35097 0.68696
28 0.3621 0.707
29 0.38182 0.71808
30 0.4016 0.73597
31 0.42133 0.75628
32 0.44103 0.76736
33 0.4607 0.78536
34 0.48035 0.80215
35 0.5 0.81453
36 0.51965 0.83467
37 0.5393 0.84393
38 0.55897 0.86232
39 0.57867 0.87385
40 0.5984 0.88768
41 0.61818 0.90987
42 0.64251 0.91285
43 0.66703 0.92605
44 0.68696 0.93874
45 0.707 0.95085
46 0.73598 0.96227
47 0.75628 0.97286
48 0.78536 0.9824
49 0.81453 0.99053
50 0.84393 0.99665
51 0.87385 0.99974
52 0.91232 1
