Adjusted LCO Confidence Intervals for
n = 100 and Mean Coverage = 0.9000
Minimum Coverage = 0.8839 

0 0 0.0298
1 0.00123 0.04525
2 0.00584 0.06026
3 0.01184 0.07512
4 0.01856 0.08559
5 0.02572 0.10032
6 0.0298 0.11062
7 0.03913 0.12532
8 0.04525 0.13553
9 0.05374 0.15022
10 0.06026 0.16039
11 0.0699 0.17052
12 0.07513 0.18522
13 0.08559 0.19533
14 0.09213 0.20542
15 0.10032 0.21549
16 0.11062 0.23022
17 0.11642 0.24029
18 0.12532 0.25034
19 0.13553 0.26038
20 0.14373 0.27121
21 0.15022 0.28518
22 0.16039 0.29521
23 0.17052 0.30524
24 0.17821 0.31525
25 0.18523 0.32527
26 0.19533 0.33527
27 0.20542 0.34527
28 0.21549 0.36011
29 0.22113 0.37012
30 0.23023 0.38012
31 0.24029 0.39012
32 0.25034 0.40012
33 0.26038 0.41011
34 0.27015 0.4201
35 0.27505 0.43009
36 0.28519 0.44008
37 0.29522 0.45007
38 0.30524 0.46006
39 0.31525 0.47004
40 0.32527 0.48003
41 0.33527 0.49002
42 0.34527 0.5
43 0.35226 0.50998
44 0.36011 0.51997
45 0.37012 0.52995
46 0.38012 0.53994
47 0.39012 0.54993
48 0.40012 0.55991
49 0.41011 0.5699
50 0.4201 0.5799
51 0.4301 0.58989
52 0.44009 0.59988
53 0.45007 0.60988
54 0.46006 0.61988
55 0.47005 0.62988
56 0.48003 0.63989
57 0.49002 0.64774
58 0.5 0.65473
59 0.50998 0.66473
60 0.51997 0.67473
61 0.52996 0.68475
62 0.53994 0.69476
63 0.54993 0.70478
64 0.55992 0.71481
65 0.56991 0.72495
66 0.5799 0.72985
67 0.58989 0.73962
68 0.59988 0.74966
69 0.60988 0.75971
70 0.61988 0.76977
71 0.62988 0.77887
72 0.63989 0.78451
73 0.65473 0.79458
74 0.66473 0.80467
75 0.67473 0.81477
76 0.68475 0.82179
77 0.69476 0.82948
78 0.70479 0.83961
79 0.71482 0.84978
80 0.72879 0.85627
81 0.73962 0.86447
82 0.74966 0.87468
83 0.75971 0.88358
84 0.76978 0.88938
85 0.78451 0.89968
86 0.79458 0.90787
87 0.80467 0.91441
88 0.81478 0.92487
89 0.82948 0.9301
90 0.83961 0.93974
91 0.84978 0.94626
92 0.86447 0.95475
93 0.87468 0.96087
94 0.88938 0.9702
95 0.89968 0.97428
96 0.91441 0.98144
97 0.92488 0.98816
98 0.93974 0.99416
99 0.95475 0.99877
100 0.9702 1
