Adjusted LCO Confidence Intervals for
n = 78 and Mean Coverage = 0.9900
Minimum Coverage = 0.9875 

0 0 0.06307
1 0.00016 0.0892
2 0.00216 0.10926
3 0.00614 0.12892
4 0.01145 0.14837
5 0.01767 0.16772
6 0.02456 0.18134
7 0.032 0.20054
8 0.03986 0.21974
9 0.04808 0.23312
10 0.05662 0.24662
11 0.06307 0.26557
12 0.07179 0.2788
13 0.08268 0.29797
14 0.0892 0.31114
15 0.10015 0.32429
16 0.10926 0.3374
17 0.11842 0.3528
18 0.12892 0.36972
19 0.13817 0.3828
20 0.14837 0.39586
21 0.15943 0.40891
22 0.16772 0.42194
23 0.18134 0.43496
24 0.18698 0.44798
25 0.20054 0.46105
26 0.21294 0.47506
27 0.21974 0.4887
28 0.23312 0.50188
29 0.24636 0.51459
30 0.25265 0.52694
31 0.26557 0.53906
32 0.2788 0.55202
33 0.29106 0.56503
34 0.29797 0.57806
35 0.31115 0.59109
36 0.32429 0.60414
37 0.3374 0.6172
38 0.34949 0.63027
39 0.35735 0.64265
40 0.36973 0.65051
41 0.3828 0.6626
42 0.39586 0.67571
43 0.40891 0.68885
44 0.42194 0.70203
45 0.43497 0.70894
46 0.44798 0.7212
47 0.46094 0.73443
48 0.47306 0.74735
49 0.48541 0.75364
50 0.49812 0.76688
51 0.5113 0.78026
52 0.52494 0.78706
53 0.53895 0.79946
54 0.55202 0.81302
55 0.56504 0.81866
56 0.57806 0.83228
57 0.59109 0.84057
58 0.60414 0.85163
59 0.6172 0.86183
60 0.63028 0.87108
61 0.6472 0.88158
62 0.6626 0.89074
63 0.67571 0.89985
64 0.68886 0.9108
65 0.70203 0.91732
66 0.7212 0.92821
67 0.73443 0.93693
68 0.75338 0.94338
69 0.76688 0.95192
70 0.78026 0.96014
71 0.79946 0.968
72 0.81866 0.97544
73 0.83228 0.98233
74 0.85163 0.98855
75 0.87108 0.99386
76 0.89074 0.99784
77 0.9108 0.99984
78 0.93693 1
