Adjusted LCO Confidence Intervals for
n = 95 and Mean Coverage = 0.9900
Minimum Coverage = 0.9875 

0 0 0.05176
1 0.00013 0.07319
2 0.00177 0.08967
3 0.00503 0.10579
4 0.00937 0.12175
5 0.01445 0.13761
6 0.02008 0.15341
7 0.02614 0.16918
8 0.03255 0.18026
9 0.03925 0.19597
10 0.0462 0.20693
11 0.05176 0.22263
12 0.05819 0.23352
13 0.06724 0.24437
14 0.07319 0.26005
15 0.08104 0.27086
16 0.08967 0.28164
17 0.09505 0.29735
18 0.10579 0.30811
19 0.11014 0.31885
20 0.12175 0.32958
21 0.12733 0.34533
22 0.13761 0.35604
23 0.14561 0.36675
24 0.15341 0.37744
25 0.16419 0.38813
26 0.16918 0.39881
27 0.18026 0.40948
28 0.18969 0.42159
29 0.19597 0.436
30 0.20693 0.44668
31 0.21672 0.45734
32 0.22263 0.46801
33 0.23352 0.47868
34 0.24437 0.48934
35 0.25163 0.5
36 0.26005 0.51066
37 0.27086 0.52132
38 0.28165 0.53199
39 0.28994 0.54265
40 0.29735 0.55332
41 0.30811 0.564
42 0.31885 0.57229
43 0.32958 0.58081
44 0.33893 0.59052
45 0.34533 0.60119
46 0.35605 0.61187
47 0.36675 0.62256
48 0.37744 0.63325
49 0.38813 0.64395
50 0.39881 0.65467
51 0.40948 0.66107
52 0.41919 0.67042
53 0.42771 0.68115
54 0.436 0.69189
55 0.44668 0.70265
56 0.45735 0.71006
57 0.46801 0.71835
58 0.47868 0.72914
59 0.48934 0.73995
60 0.5 0.74837
61 0.51066 0.75563
62 0.52132 0.76648
63 0.53199 0.77737
64 0.54266 0.78328
65 0.55332 0.79307
66 0.564 0.80403
67 0.57841 0.81031
68 0.59052 0.81974
69 0.60119 0.83082
70 0.61187 0.83581
71 0.62256 0.84659
72 0.63325 0.85439
73 0.64396 0.86239
74 0.65467 0.87267
75 0.67042 0.87825
76 0.68115 0.88986
77 0.69189 0.89421
78 0.70265 0.90495
79 0.71836 0.91033
80 0.72914 0.91896
81 0.73995 0.92681
82 0.75563 0.93276
83 0.76648 0.94181
84 0.77737 0.94824
85 0.79307 0.9538
86 0.80403 0.96075
87 0.81974 0.96745
88 0.83082 0.97386
89 0.84659 0.97992
90 0.86239 0.98555
91 0.87825 0.99063
92 0.89421 0.99497
93 0.91033 0.99823
94 0.92681 0.99987
95 0.94824 1
