Adjusted LCO Confidence Intervals for
n = 81 and Mean Coverage = 0.9500
Minimum Coverage = 0.9403 

0 0 0.04155
1 0.00076 0.06587
2 0.00487 0.08466
3 0.01095 0.10319
4 0.0181 0.11626
5 0.02593 0.13455
6 0.03427 0.15283
7 0.04155 0.16559
8 0.04819 0.17967
9 0.05987 0.19649
10 0.06587 0.20909
11 0.07766 0.22732
12 0.08466 0.23988
13 0.09686 0.2524
14 0.10319 0.2653
15 0.11626 0.28316
16 0.12296 0.29563
17 0.13455 0.30809
18 0.1467 0.32053
19 0.15283 0.33443
20 0.16559 0.3513
21 0.17806 0.36372
22 0.18132 0.37614
23 0.19649 0.38855
24 0.20909 0.40095
25 0.21942 0.41334
26 0.22732 0.42573
27 0.23988 0.43812
28 0.2524 0.4505
29 0.26476 0.46288
30 0.2711 0.47525
31 0.28316 0.48767
32 0.29563 0.5002
33 0.30809 0.51242
34 0.32053 0.52475
35 0.33233 0.53712
36 0.33981 0.5495
37 0.3513 0.56188
38 0.36372 0.57427
39 0.37614 0.58666
40 0.38855 0.59905
41 0.40095 0.61145
42 0.41334 0.62386
43 0.42573 0.63628
44 0.43812 0.6487
45 0.4505 0.66019
46 0.46288 0.66767
47 0.47525 0.67947
48 0.48758 0.69191
49 0.4998 0.70437
50 0.51233 0.71684
51 0.52475 0.7289
52 0.53712 0.73524
53 0.5495 0.7476
54 0.56188 0.76012
55 0.57427 0.77268
56 0.58666 0.78058
57 0.59905 0.79091
58 0.61145 0.80351
59 0.62386 0.81868
60 0.63628 0.82194
61 0.6487 0.83441
62 0.66557 0.84717
63 0.67947 0.8533
64 0.69191 0.86545
65 0.70437 0.87704
66 0.71684 0.88374
67 0.7347 0.89681
68 0.7476 0.90314
69 0.76012 0.91534
70 0.77268 0.92234
71 0.79091 0.93413
72 0.80351 0.94013
73 0.82033 0.95181
74 0.83441 0.95845
75 0.84717 0.96573
76 0.86545 0.97407
77 0.88374 0.9819
78 0.89681 0.98905
79 0.91534 0.99513
80 0.93413 0.99924
81 0.95845 1
