Adjusted LCO Confidence Intervals for
n = 41 and Mean Coverage = 0.9500
Minimum Coverage = 0.9365 

0 0 0.08179
1 0.0016 0.11972
2 0.01001 0.15644
3 0.02235 0.19282
4 0.03687 0.21823
5 0.05281 0.25434
6 0.0698 0.27933
7 0.08179 0.30477
8 0.1014 0.3403
9 0.11972 0.36501
10 0.13631 0.38965
11 0.15644 0.41422
12 0.17684 0.43876
13 0.19282 0.46326
14 0.21823 0.48776
15 0.23532 0.51224
16 0.25434 0.53673
17 0.27933 0.56124
18 0.30389 0.58578
19 0.3187 0.61035
20 0.3403 0.63499
21 0.36501 0.6597
22 0.38965 0.6813
23 0.41422 0.69611
24 0.43876 0.72067
25 0.46327 0.74566
26 0.48776 0.76468
27 0.51224 0.78177
28 0.53674 0.80718
29 0.56124 0.82316
30 0.58578 0.84356
31 0.61035 0.86369
32 0.63499 0.88028
33 0.6597 0.8986
34 0.69523 0.91821
35 0.72067 0.9302
36 0.74566 0.94719
37 0.78177 0.96313
38 0.80718 0.97765
39 0.84356 0.98999
40 0.88028 0.9984
41 0.91821 1
