Adjusted LCO Confidence Intervals for
n = 41 and Mean Coverage = 0.99900
Minimum Coverage = 0.99850 

0 0 0.16
1 4e-05 0.21201
2 0.00138 0.25173
3 0.00548 0.28363
4 0.01207 0.31789
5 0.02062 0.35627
6 0.03074 0.38279
7 0.04216 0.40906
8 0.05469 0.43556
9 0.06818 0.46545
10 0.08251 0.49347
11 0.09762 0.51877
12 0.11342 0.54232
13 0.12988 0.56516
14 0.14694 0.59094
15 0.16 0.61721
16 0.17902 0.64373
17 0.20024 0.6589
18 0.21201 0.68211
19 0.23777 0.71015
20 0.25173 0.72167
21 0.27833 0.74827
22 0.28985 0.76223
23 0.31789 0.78799
24 0.3411 0.79976
25 0.35627 0.82098
26 0.38279 0.84
27 0.40906 0.85306
28 0.43484 0.87012
29 0.45768 0.88658
30 0.48123 0.90238
31 0.50653 0.91749
32 0.53455 0.93182
33 0.56444 0.94531
34 0.59094 0.95784
35 0.61721 0.96926
36 0.64373 0.97938
37 0.68211 0.98793
38 0.71637 0.99452
39 0.74827 0.99862
40 0.78799 0.99996
41 0.84 1
