Adjusted LCO Confidence Intervals for
n = 24 and Mean Coverage = 0.9000
Minimum Coverage = 0.8613 

0 0 0.10608
1 0.0062 0.16853
2 0.0273 0.21899
3 0.05425 0.27243
4 0.08424 0.31434
5 0.10608 0.3638
6 0.14153 0.41705
7 0.16853 0.45856
8 0.21054 0.5
9 0.22242 0.54144
10 0.27243 0.58295
11 0.31434 0.62164
12 0.35245 0.64755
13 0.37836 0.68566
14 0.41705 0.72757
15 0.45856 0.77758
16 0.5 0.78946
17 0.54144 0.83147
18 0.58295 0.85847
19 0.6362 0.89392
20 0.68566 0.91576
21 0.72757 0.94575
22 0.78101 0.9727
23 0.83147 0.9938
24 0.89392 1
