Adjusted LCO Confidence Intervals for
n = 69 and Mean Coverage = 0.9500
Minimum Coverage = 0.9381 

0 0 0.04874
1 0.00093 0.07729
2 0.00584 0.09933
3 0.01306 0.11487
4 0.02154 0.13639
5 0.03083 0.15787
6 0.04071 0.17289
7 0.04874 0.1943
8 0.0579 0.20916
9 0.07126 0.22395
10 0.07729 0.24535
11 0.09269 0.26008
12 0.09933 0.27476
13 0.11487 0.29621
14 0.12164 0.31087
15 0.13639 0.3255
16 0.14901 0.3401
17 0.15787 0.35469
18 0.17289 0.37087
19 0.18493 0.39084
20 0.1943 0.40542
21 0.20916 0.41998
22 0.22395 0.43454
23 0.23141 0.44909
24 0.24536 0.46364
25 0.26008 0.47819
26 0.27476 0.49273
27 0.28641 0.50727
28 0.29621 0.52181
29 0.31087 0.53636
30 0.3255 0.5509
31 0.3401 0.56546
32 0.35469 0.58002
33 0.36842 0.59458
34 0.3785 0.60916
35 0.39084 0.6215
36 0.40542 0.63158
37 0.41998 0.64531
38 0.43454 0.6599
39 0.4491 0.6745
40 0.46364 0.68913
41 0.47819 0.70379
42 0.49273 0.71359
43 0.50727 0.72524
44 0.52181 0.73992
45 0.53636 0.75464
46 0.55091 0.76859
47 0.56546 0.77605
48 0.58002 0.79084
49 0.59458 0.8057
50 0.60916 0.81507
51 0.62913 0.82711
52 0.64531 0.84213
53 0.6599 0.85099
54 0.6745 0.86361
55 0.68913 0.87836
56 0.70379 0.88513
57 0.72524 0.90067
58 0.73992 0.90731
59 0.75465 0.92271
60 0.77605 0.92874
61 0.79084 0.9421
62 0.8057 0.95126
63 0.82711 0.95929
64 0.84213 0.96917
65 0.86361 0.97846
66 0.88513 0.98694
67 0.90067 0.99416
68 0.92271 0.99907
69 0.95126 1
