Adjusted LCO Confidence Intervals for
n = 33 and Mean Coverage = 0.9500
Minimum Coverage = 0.9313 

0 0 0.10146
1 0.00216 0.1485
2 0.01303 0.19411
3 0.0288 0.22594
4 0.04727 0.27083
5 0.06754 0.3019
6 0.08912 0.3327
7 0.10146 0.37771
8 0.13108 0.40838
9 0.1485 0.43897
10 0.17801 0.4695
11 0.19411 0.5
12 0.22594 0.5305
13 0.24968 0.56103
14 0.27083 0.59161
15 0.3019 0.62229
16 0.3327 0.64324
17 0.35676 0.6673
18 0.37771 0.6981
19 0.40839 0.72917
20 0.43897 0.75032
21 0.4695 0.77406
22 0.5 0.80589
23 0.5305 0.82199
24 0.56103 0.8515
25 0.59162 0.86892
26 0.62229 0.89854
27 0.6673 0.91088
28 0.6981 0.93246
29 0.72917 0.95273
30 0.77406 0.9712
31 0.80589 0.98697
32 0.8515 0.99784
33 0.89854 1
