Adjusted LCO Confidence Intervals for
n = 79 and Mean Coverage = 0.9900
Minimum Coverage = 0.9873 

0 0 0.06227
1 0.00016 0.08806
2 0.00214 0.10787
3 0.00609 0.12728
4 0.01134 0.14648
5 0.01749 0.16558
6 0.02431 0.17904
7 0.03166 0.19799
8 0.03943 0.21694
9 0.04756 0.23015
10 0.05599 0.24374
11 0.06227 0.26219
12 0.07103 0.27524
13 0.08174 0.29417
14 0.08806 0.30718
15 0.09902 0.32015
16 0.10788 0.33309
17 0.11708 0.35207
18 0.12728 0.365
19 0.13658 0.37791
20 0.14649 0.3908
21 0.15752 0.40368
22 0.16558 0.41654
23 0.17904 0.4294
24 0.18478 0.44287
25 0.19799 0.45774
26 0.21025 0.47427
27 0.21694 0.48714
28 0.23015 0.5
29 0.24315 0.51286
30 0.2491 0.52572
31 0.26219 0.53576
32 0.27524 0.54691
33 0.28708 0.55824
34 0.29417 0.5706
35 0.30718 0.58346
36 0.32015 0.59632
37 0.3331 0.6092
38 0.34437 0.62209
39 0.35207 0.635
40 0.365 0.64793
41 0.37791 0.65563
42 0.3908 0.6669
43 0.40368 0.67985
44 0.41654 0.69282
45 0.4294 0.70583
46 0.44176 0.71292
47 0.45309 0.72476
48 0.46424 0.73781
49 0.47428 0.7509
50 0.48714 0.75685
51 0.5 0.76985
52 0.51286 0.78306
53 0.52573 0.78975
54 0.54226 0.80201
55 0.55713 0.81522
56 0.5706 0.82096
57 0.58346 0.83442
58 0.59632 0.84248
59 0.6092 0.85351
60 0.62209 0.86342
61 0.635 0.87272
62 0.64793 0.88292
63 0.66691 0.89212
64 0.67985 0.90098
65 0.69282 0.91194
66 0.70583 0.91826
67 0.72476 0.92897
68 0.73781 0.93773
69 0.75626 0.94401
70 0.76985 0.95244
71 0.78306 0.96057
72 0.80201 0.96834
73 0.82096 0.97569
74 0.83442 0.98251
75 0.85352 0.98866
76 0.87272 0.99391
77 0.89213 0.99786
78 0.91194 0.99984
79 0.93773 1
