Adjusted LCO Confidence Intervals for
n = 77 and Mean Coverage = 0.9900
Minimum Coverage = 0.9874 

0 0 0.06389
1 0.00016 0.09036
2 0.00219 0.11068
3 0.00623 0.1306
4 0.01161 0.1503
5 0.01792 0.1699
6 0.02491 0.18371
7 0.03244 0.20316
8 0.04042 0.22261
9 0.04876 0.23616
10 0.05741 0.24964
11 0.06389 0.26904
12 0.07284 0.28244
13 0.08385 0.29579
14 0.09036 0.31522
15 0.10162 0.32853
16 0.11069 0.34181
17 0.12022 0.35507
18 0.1306 0.37458
19 0.1403 0.38782
20 0.1503 0.40106
21 0.16185 0.41428
22 0.1699 0.42748
23 0.18371 0.44068
24 0.19049 0.45387
25 0.20316 0.46705
26 0.21625 0.48023
27 0.22261 0.49341
28 0.23616 0.50659
29 0.24964 0.51977
30 0.25771 0.53295
31 0.26904 0.54613
32 0.28244 0.55932
33 0.29579 0.57252
34 0.30376 0.58572
35 0.31522 0.59894
36 0.32853 0.61218
37 0.34181 0.62542
38 0.35507 0.63468
39 0.36532 0.64493
40 0.37458 0.65819
41 0.38782 0.67147
42 0.40106 0.68478
43 0.41428 0.69624
44 0.42748 0.70421
45 0.44068 0.71756
46 0.45387 0.73096
47 0.46705 0.74229
48 0.48023 0.75036
49 0.49341 0.76384
50 0.50659 0.77739
51 0.51977 0.78375
52 0.53295 0.79684
53 0.54613 0.80951
54 0.55932 0.81629
55 0.57252 0.8301
56 0.58572 0.83815
57 0.59894 0.8497
58 0.61218 0.8597
59 0.62542 0.8694
60 0.64493 0.87978
61 0.65819 0.88931
62 0.67147 0.89838
63 0.68478 0.90964
64 0.70421 0.91615
65 0.71756 0.92716
66 0.73096 0.93611
67 0.75036 0.94259
68 0.76384 0.95124
69 0.77739 0.95958
70 0.79684 0.96756
71 0.81629 0.97509
72 0.8301 0.98208
73 0.8497 0.98839
74 0.8694 0.99377
75 0.88932 0.99781
76 0.90964 0.99984
77 0.93611 1
