Adjusted LCO Confidence Intervals for
n = 67 and Mean Coverage = 0.99900
Minimum Coverage = 0.99864 

0 0 0.10285
1 2e-05 0.13445
2 8e-04 0.15861
3 0.00321 0.1886
4 0.00709 0.20644
5 0.01212 0.22845
6 0.01808 0.25143
7 0.02477 0.27437
8 0.03209 0.29038
9 0.03994 0.30794
10 0.04824 0.3291
11 0.05696 0.34486
12 0.06605 0.3626
13 0.07546 0.38343
14 0.08518 0.39906
15 0.09518 0.41465
16 0.10285 0.43021
17 0.11318 0.44574
18 0.12564 0.46204
19 0.13446 0.47882
20 0.14555 0.49495
21 0.15861 0.51032
22 0.16493 0.52506
23 0.18153 0.5394
24 0.1886 0.55426
25 0.20516 0.56979
26 0.21067 0.58535
27 0.22845 0.60094
28 0.23896 0.61657
29 0.25143 0.63032
30 0.26656 0.64046
31 0.27437 0.65514
32 0.29039 0.6709
33 0.30564 0.68591
34 0.31409 0.69436
35 0.3291 0.70961
36 0.34486 0.72563
37 0.35954 0.73344
38 0.36968 0.74857
39 0.38343 0.76104
40 0.39906 0.77155
41 0.41465 0.78933
42 0.43021 0.79484
43 0.44574 0.8114
44 0.4606 0.81847
45 0.47494 0.83507
46 0.48968 0.84139
47 0.50505 0.85445
48 0.52118 0.86554
49 0.53796 0.87436
50 0.55426 0.88682
51 0.56979 0.89715
52 0.58535 0.90482
53 0.60094 0.91482
54 0.61657 0.92454
55 0.6374 0.93395
56 0.65514 0.94304
57 0.6709 0.95176
58 0.69206 0.96006
59 0.70962 0.96791
60 0.72563 0.97523
61 0.74857 0.98192
62 0.77155 0.98788
63 0.79356 0.99291
64 0.8114 0.99679
65 0.84139 0.9992
66 0.86555 0.99998
67 0.89715 1
