Adjusted LCO Confidence Intervals for
n = 28 and Mean Coverage = 0.9000
Minimum Coverage = 0.8706 

0 0 0.0912
1 0.00494 0.14488
2 0.0224 0.19752
3 0.04494 0.23414
4 0.07012 0.28639
5 0.0912 0.32238
6 0.11589 0.35813
7 0.14488 0.39371
8 0.17226 0.43373
9 0.19752 0.4764
10 0.23414 0.51311
11 0.25957 0.54391
12 0.28639 0.57396
13 0.32238 0.60629
14 0.35813 0.64187
15 0.39371 0.67762
16 0.42604 0.71361
17 0.45609 0.74043
18 0.48689 0.76586
19 0.5236 0.80248
20 0.56627 0.82774
21 0.60629 0.85512
22 0.64187 0.88411
23 0.67762 0.9088
24 0.71361 0.92988
25 0.76586 0.95506
26 0.80248 0.9776
27 0.85512 0.99506
28 0.9088 1
