Adjusted LCO Confidence Intervals for
n = 95 and Mean Coverage = 0.9000
Minimum Coverage = 0.8819 

0 0 0.03136
1 0.00132 0.04762
2 0.00621 0.06342
3 0.01257 0.07906
4 0.01967 0.09007
5 0.02724 0.10557
6 0.03136 0.11641
7 0.04149 0.13188
8 0.04762 0.14262
9 0.05703 0.15809
10 0.06342 0.16879
11 0.07414 0.17945
12 0.07906 0.19044
13 0.09007 0.20557
14 0.09812 0.21618
15 0.10557 0.22678
16 0.11641 0.23869
17 0.12429 0.25288
18 0.13188 0.26346
19 0.14262 0.27402
20 0.15296 0.28458
21 0.1581 0.29512
22 0.16879 0.31069
23 0.17945 0.32124
24 0.19 0.33178
25 0.19374 0.34232
26 0.20557 0.35285
27 0.21618 0.36338
28 0.22678 0.3739
29 0.23705 0.38442
30 0.24106 0.39494
31 0.25288 0.40629
32 0.26346 0.42112
33 0.27402 0.43164
34 0.28458 0.44216
35 0.29513 0.45268
36 0.30324 0.4632
37 0.3107 0.47371
38 0.32124 0.48423
39 0.33178 0.49474
40 0.34232 0.50526
41 0.35285 0.51577
42 0.36338 0.52629
43 0.3739 0.5368
44 0.38442 0.54732
45 0.39494 0.55784
46 0.40491 0.56835
47 0.41321 0.57888
48 0.42112 0.58679
49 0.43165 0.59509
50 0.44216 0.60506
51 0.45268 0.61558
52 0.4632 0.6261
53 0.47371 0.63662
54 0.48423 0.64715
55 0.49474 0.65768
56 0.50526 0.66822
57 0.51577 0.67876
58 0.52629 0.6893
59 0.5368 0.69676
60 0.54732 0.70487
61 0.55784 0.71542
62 0.56836 0.72598
63 0.57888 0.73654
64 0.59371 0.74712
65 0.60506 0.75894
66 0.61558 0.76295
67 0.6261 0.77322
68 0.63662 0.78382
69 0.64715 0.79443
70 0.65768 0.80626
71 0.66822 0.81
72 0.67876 0.82055
73 0.68931 0.83121
74 0.70488 0.8419
75 0.71542 0.84704
76 0.72598 0.85738
77 0.73654 0.86812
78 0.74712 0.87571
79 0.76131 0.88359
80 0.77322 0.89443
81 0.78382 0.90188
82 0.79443 0.90993
83 0.80956 0.92094
84 0.82055 0.92586
85 0.83121 0.93658
86 0.84191 0.94297
87 0.85738 0.95238
88 0.86812 0.95851
89 0.88359 0.96864
90 0.89443 0.97276
91 0.90993 0.98033
92 0.92094 0.98743
93 0.93658 0.99379
94 0.95238 0.99868
95 0.96864 1
