Adjusted LCO Confidence Intervals for
n = 50 and Mean Coverage = 0.9000
Minimum Coverage = 0.8790 

0 0 0.0515
1 0.00258 0.09007
2 0.012 0.11146
3 0.02425 0.14093
4 0.03794 0.17036
5 0.0515 0.19085
6 0.05917 0.21386
7 0.08086 0.24051
8 0.09007 0.2607
9 0.11147 0.28082
10 0.11904 0.31026
11 0.14094 0.33034
12 0.15856 0.35038
13 0.17036 0.37038
14 0.19085 0.39036
15 0.21067 0.41032
16 0.21701 0.43026
17 0.24051 0.4502
18 0.26071 0.47155
19 0.28082 0.49241
20 0.29606 0.51221
21 0.31026 0.53113
22 0.33034 0.5498
23 0.35038 0.56974
24 0.37038 0.58968
25 0.39036 0.60964
26 0.41032 0.62962
27 0.43026 0.64962
28 0.4502 0.66966
29 0.46887 0.68974
30 0.48779 0.70394
31 0.50759 0.71918
32 0.52845 0.73929
33 0.5498 0.75949
34 0.56974 0.78299
35 0.58968 0.78933
36 0.60964 0.80915
37 0.62962 0.82964
38 0.64962 0.84144
39 0.66966 0.85906
40 0.68974 0.88096
41 0.71918 0.88853
42 0.7393 0.90993
43 0.75949 0.91914
44 0.78614 0.94083
45 0.80915 0.9485
46 0.82964 0.96206
47 0.85907 0.97575
48 0.88854 0.988
49 0.90993 0.99742
50 0.9485 1
