Adjusted LCO Confidence Intervals for
n = 68 and Mean Coverage = 0.9500
Minimum Coverage = 0.9379 

0 0 0.04945
1 0.00094 0.07254
2 0.00594 0.10078
3 0.01328 0.11655
4 0.02189 0.13839
5 0.03132 0.16018
6 0.04136 0.17542
7 0.04945 0.19715
8 0.05887 0.21223
9 0.07241 0.22723
10 0.07444 0.24896
11 0.0942 0.2639
12 0.10078 0.27879
13 0.11656 0.30056
14 0.12397 0.31543
15 0.13839 0.33028
16 0.15157 0.3451
17 0.16019 0.3599
18 0.17542 0.37468
19 0.18823 0.39391
20 0.19715 0.41138
21 0.21223 0.42617
22 0.22724 0.44094
23 0.23644 0.45571
24 0.24896 0.47048
25 0.2639 0.48524
26 0.27879 0.5
27 0.29202 0.51476
28 0.30056 0.52952
29 0.31543 0.54429
30 0.33028 0.55906
31 0.3451 0.57383
32 0.3599 0.58862
33 0.37468 0.60338
34 0.3875 0.6125
35 0.39662 0.62532
36 0.41138 0.6401
37 0.42617 0.6549
38 0.44094 0.66972
39 0.45571 0.68457
40 0.47048 0.69944
41 0.48524 0.70798
42 0.5 0.72121
43 0.51476 0.7361
44 0.52952 0.75104
45 0.54429 0.76356
46 0.55906 0.77276
47 0.57383 0.78777
48 0.58862 0.80285
49 0.60609 0.81177
50 0.62532 0.82458
51 0.6401 0.83981
52 0.6549 0.84843
53 0.66972 0.86161
54 0.68457 0.87603
55 0.69944 0.88344
56 0.72121 0.89922
57 0.7361 0.9058
58 0.75104 0.92556
59 0.77277 0.92759
60 0.78777 0.94113
61 0.80285 0.95055
62 0.82458 0.95864
63 0.83982 0.96868
64 0.86161 0.97811
65 0.88345 0.98672
66 0.89922 0.99406
67 0.92746 0.99906
68 0.95055 1
