Adjusted LCO Confidence Intervals for
n = 53 and Mean Coverage = 0.9000
Minimum Coverage = 0.8761 

0 0 0.04862
1 0.00249 0.08502
2 0.01148 0.10522
3 0.02311 0.13303
4 0.03608 0.16079
5 0.04862 0.18014
6 0.05674 0.20157
7 0.07675 0.227
8 0.08502 0.24607
9 0.10522 0.26506
10 0.11364 0.29281
11 0.13303 0.31176
12 0.1501 0.33067
13 0.16079 0.34955
14 0.18014 0.36841
15 0.19893 0.38724
16 0.20468 0.41522
17 0.22701 0.43407
18 0.24607 0.45292
19 0.26506 0.47175
20 0.2776 0.49058
21 0.29281 0.50941
22 0.31176 0.52825
23 0.33068 0.54708
24 0.34955 0.56593
25 0.36841 0.58478
26 0.38724 0.59747
27 0.40253 0.61276
28 0.41522 0.63159
29 0.43407 0.65045
30 0.45292 0.66932
31 0.47175 0.68824
32 0.49059 0.70719
33 0.50942 0.7224
34 0.52825 0.73494
35 0.54708 0.75393
36 0.56593 0.77299
37 0.58478 0.79532
38 0.61276 0.80107
39 0.63159 0.81986
40 0.65045 0.83921
41 0.66933 0.8499
42 0.68824 0.86697
43 0.70719 0.88636
44 0.73494 0.89478
45 0.75393 0.91498
46 0.773 0.92325
47 0.79843 0.94326
48 0.81986 0.95138
49 0.83921 0.96392
50 0.86697 0.97689
51 0.89478 0.98852
52 0.91498 0.99751
53 0.95138 1
