Adjusted LCO Confidence Intervals for
n = 42 and Mean Coverage = 0.9900
Minimum Coverage = 0.9866 

0 0 0.10804
1 0.00032 0.15638
2 0.00418 0.19349
3 0.01182 0.23002
4 0.02198 0.25559
5 0.03391 0.29164
6 0.04719 0.31664
7 0.06154 0.3527
8 0.07677 0.37746
9 0.09276 0.4021
10 0.10804 0.42664
11 0.11899 0.45113
12 0.14209 0.47654
13 0.15638 0.50161
14 0.17654 0.52529
15 0.1935 0.54887
16 0.21456 0.57335
17 0.23002 0.5979
18 0.25559 0.62254
19 0.26928 0.64729
20 0.29164 0.66443
21 0.31664 0.68336
22 0.33557 0.70836
23 0.35271 0.73072
24 0.37746 0.74441
25 0.4021 0.76998
26 0.42665 0.78544
27 0.45113 0.8065
28 0.47471 0.82346
29 0.49839 0.84362
30 0.52346 0.85791
31 0.54887 0.88101
32 0.57336 0.89196
33 0.5979 0.90724
34 0.62254 0.92323
35 0.6473 0.93846
36 0.68336 0.95281
37 0.70836 0.96609
38 0.74441 0.97802
39 0.76998 0.98818
40 0.80651 0.99582
41 0.84362 0.99968
42 0.89196 1
