Adjusted LCO Confidence Intervals for
n = 44 and Mean Coverage = 0.99900
Minimum Coverage = 0.99853 

0 0 0.1488
1 3e-05 0.19711
2 0.00127 0.23401
3 0.00506 0.27015
4 0.01114 0.30599
5 0.01905 0.33097
6 0.0284 0.35785
7 0.03896 0.39113
8 0.05052 0.41548
9 0.06297 0.43972
10 0.07619 0.46386
11 0.09011 0.48796
12 0.10466 0.51204
13 0.1198 0.53614
14 0.13549 0.56028
15 0.1488 0.58451
16 0.16382 0.60887
17 0.18405 0.62946
18 0.19711 0.64552
19 0.21766 0.66903
20 0.23401 0.69401
21 0.25407 0.70618
22 0.27015 0.72985
23 0.29382 0.74593
24 0.30599 0.76599
25 0.33097 0.78234
26 0.35448 0.80289
27 0.37054 0.81595
28 0.39113 0.83618
29 0.41549 0.8512
30 0.43972 0.86451
31 0.46386 0.8802
32 0.48796 0.89534
33 0.51204 0.90989
34 0.53614 0.92381
35 0.56028 0.93703
36 0.58452 0.94948
37 0.60887 0.96104
38 0.64215 0.9716
39 0.66903 0.98095
40 0.69401 0.98886
41 0.72985 0.99494
42 0.76599 0.99873
43 0.80289 0.99997
44 0.8512 1
