Adjusted LCO Confidence Intervals for
n = 66 and Mean Coverage = 0.9000
Minimum Coverage = 0.8798 

0 0 0.03912
1 0.00194 0.06839
2 0.00904 0.09108
3 0.01828 0.10703
4 0.02858 0.12934
5 0.03912 0.14493
6 0.0435 0.16718
7 0.0606 0.1826
8 0.06839 0.20486
9 0.08368 0.2202
10 0.09108 0.23549
11 0.10703 0.25134
12 0.11633 0.27304
13 0.12934 0.28827
14 0.14493 0.30347
15 0.15258 0.31865
16 0.16718 0.33382
17 0.1826 0.35623
18 0.1953 0.3714
19 0.20486 0.38655
20 0.2202 0.4017
21 0.23549 0.41683
22 0.25056 0.43196
23 0.25781 0.44709
24 0.27305 0.46221
25 0.28827 0.47732
26 0.30347 0.49244
27 0.31866 0.50756
28 0.33382 0.52267
29 0.34529 0.53779
30 0.35623 0.55291
31 0.3714 0.56804
32 0.38655 0.58317
33 0.4017 0.5983
34 0.41683 0.61345
35 0.43196 0.6286
36 0.44709 0.64377
37 0.46221 0.65471
38 0.47733 0.66618
39 0.49244 0.68134
40 0.50756 0.69653
41 0.52268 0.71173
42 0.53779 0.72695
43 0.55291 0.74219
44 0.56804 0.74944
45 0.58317 0.76451
46 0.5983 0.7798
47 0.61345 0.79514
48 0.6286 0.8047
49 0.64377 0.8174
50 0.66618 0.83282
51 0.68135 0.84742
52 0.69653 0.85507
53 0.71173 0.87066
54 0.72696 0.88367
55 0.74866 0.89297
56 0.76451 0.90892
57 0.7798 0.91632
58 0.79514 0.93161
59 0.8174 0.9394
60 0.83282 0.9565
61 0.85507 0.96088
62 0.87066 0.97142
63 0.89297 0.98172
64 0.90892 0.99096
65 0.93161 0.99806
66 0.96088 1
