Adjusted LCO Confidence Intervals for
n = 58 and Mean Coverage = 0.99900
Minimum Coverage = 0.99859 

0 0 0.11912
1 2e-05 0.15574
2 0.00094 0.18372
3 0.00376 0.21102
4 0.0083 0.23797
5 0.01418 0.26477
6 0.02114 0.28355
7 0.02896 0.31015
8 0.03752 0.32861
9 0.0467 0.34757
10 0.05644 0.37351
11 0.06666 0.39172
12 0.07732 0.40986
13 0.08838 0.42795
14 0.09981 0.4475
15 0.11158 0.46819
16 0.11912 0.4884
17 0.13378 0.50674
18 0.14785 0.52322
19 0.15575 0.53925
20 0.17252 0.55517
21 0.18372 0.57205
22 0.19833 0.59014
23 0.21102 0.60828
24 0.22604 0.62649
25 0.23798 0.64117
26 0.25564 0.65338
27 0.26477 0.67139
28 0.28355 0.68985
29 0.29903 0.70097
30 0.31015 0.71645
31 0.32861 0.73523
32 0.34662 0.74436
33 0.35883 0.76202
34 0.37351 0.77396
35 0.39172 0.78898
36 0.40986 0.80167
37 0.42795 0.81628
38 0.44483 0.82748
39 0.46075 0.84425
40 0.47678 0.85215
41 0.49326 0.86622
42 0.5116 0.88088
43 0.53181 0.88842
44 0.5525 0.90019
45 0.57205 0.91162
46 0.59014 0.92268
47 0.60828 0.93334
48 0.62649 0.94356
49 0.65243 0.9533
50 0.67139 0.96248
51 0.68985 0.97104
52 0.71645 0.97886
53 0.73523 0.98582
54 0.76203 0.9917
55 0.78898 0.99624
56 0.81628 0.99906
57 0.84426 0.99998
58 0.88088 1
