Adjusted LCO Confidence Intervals for
n = 68 and Mean Coverage = 0.99900
Minimum Coverage = 0.99861 

0 0 0.10131
1 2e-05 0.13244
2 8e-04 0.15624
3 0.00319 0.18577
4 0.00703 0.20313
5 0.01201 0.22503
6 0.01788 0.24766
7 0.02449 0.27024
8 0.03171 0.28602
9 0.03945 0.30532
10 0.04765 0.32414
11 0.05624 0.33966
12 0.0652 0.36218
13 0.07448 0.37762
14 0.08405 0.39302
15 0.09391 0.40837
16 0.10131 0.42369
17 0.1117 0.44042
18 0.12392 0.45892
19 0.13244 0.47704
20 0.14356 0.49235
21 0.15624 0.50765
22 0.1628 0.52296
23 0.17891 0.5364
24 0.18577 0.54894
25 0.20214 0.5621
26 0.20764 0.57631
27 0.22503 0.59163
28 0.23528 0.60698
29 0.24766 0.62238
30 0.26239 0.63782
31 0.27024 0.64675
32 0.28602 0.66034
33 0.30067 0.67586
34 0.30722 0.69278
35 0.32414 0.69933
36 0.33966 0.71398
37 0.35325 0.72976
38 0.36218 0.73761
39 0.37762 0.75234
40 0.39302 0.76472
41 0.40837 0.77497
42 0.42369 0.79236
43 0.4379 0.79786
44 0.45106 0.81423
45 0.4636 0.82109
46 0.47704 0.8372
47 0.49235 0.84376
48 0.50765 0.85644
49 0.52296 0.86756
50 0.54108 0.87608
51 0.55958 0.8883
52 0.57631 0.89869
53 0.59163 0.90609
54 0.60698 0.91595
55 0.62238 0.92552
56 0.63782 0.9348
57 0.66034 0.94376
58 0.67586 0.95235
59 0.69468 0.96055
60 0.71398 0.96829
61 0.72976 0.97551
62 0.75234 0.98212
63 0.77497 0.98799
64 0.79687 0.99297
65 0.81423 0.99681
66 0.84376 0.9992
67 0.86756 0.99998
68 0.89869 1
