Adjusted LCO Confidence Intervals for
n = 52 and Mean Coverage = 0.9000
Minimum Coverage = 0.8765 

0 0 0.04954
1 0.00253 0.08664
2 0.01168 0.10722
3 0.02352 0.13556
4 0.03673 0.16386
5 0.04954 0.18358
6 0.05772 0.20392
7 0.07817 0.23134
8 0.08664 0.25076
9 0.10722 0.27011
10 0.11579 0.2984
11 0.13557 0.31772
12 0.15303 0.33699
13 0.16386 0.35623
14 0.18358 0.37544
15 0.20294 0.39464
16 0.21023 0.41517
17 0.23134 0.44239
18 0.25076 0.4616
19 0.27011 0.4808
20 0.28408 0.5
21 0.29841 0.5192
22 0.31772 0.5384
23 0.33699 0.55761
24 0.35623 0.5714
25 0.37544 0.5871
26 0.39464 0.60536
27 0.4129 0.62456
28 0.4286 0.64377
29 0.44239 0.66301
30 0.4616 0.68228
31 0.4808 0.70159
32 0.5 0.71592
33 0.5192 0.72989
34 0.5384 0.74924
35 0.55761 0.76866
36 0.58483 0.78977
37 0.60536 0.79706
38 0.62456 0.81642
39 0.64377 0.83614
40 0.66301 0.84697
41 0.68228 0.86443
42 0.7016 0.88421
43 0.72989 0.89278
44 0.74924 0.91336
45 0.76866 0.92183
46 0.79608 0.94228
47 0.81642 0.95046
48 0.83614 0.96327
49 0.86444 0.97648
50 0.89278 0.98832
51 0.91336 0.99747
52 0.95046 1
