Adjusted LCO Confidence Intervals for
n = 97 and Mean Coverage = 0.9900
Minimum Coverage = 0.9876 

0 0 0.05069
1 0.00013 0.07168
2 0.00172 0.08781
3 0.00491 0.10361
4 0.00914 0.11923
5 0.01411 0.13476
6 0.01961 0.15024
7 0.02554 0.16568
8 0.0318 0.17653
9 0.03835 0.19191
10 0.04515 0.20265
11 0.05069 0.21801
12 0.05677 0.22868
13 0.06569 0.2404
14 0.07168 0.25466
15 0.07908 0.26525
16 0.08781 0.27692
17 0.09253 0.29118
18 0.10361 0.30172
19 0.10681 0.31224
20 0.11923 0.32473
21 0.12379 0.33816
22 0.13476 0.34865
23 0.1419 0.35913
24 0.15024 0.3696
25 0.16019 0.38007
26 0.16568 0.3923
27 0.17653 0.40601
28 0.18485 0.41647
29 0.19191 0.42692
30 0.20265 0.43737
31 0.21111 0.44782
32 0.21802 0.45826
33 0.22868 0.46869
34 0.23904 0.47913
35 0.24322 0.48956
36 0.25466 0.5
37 0.26525 0.51043
38 0.27546 0.52087
39 0.28048 0.5313
40 0.29119 0.54174
41 0.30172 0.55218
42 0.31224 0.56263
43 0.32204 0.57308
44 0.32752 0.58353
45 0.33816 0.59399
46 0.34865 0.60306
47 0.35913 0.61044
48 0.3696 0.61993
49 0.38007 0.6304
50 0.38956 0.64087
51 0.39694 0.65135
52 0.40601 0.66184
53 0.41647 0.67248
54 0.42692 0.67796
55 0.43737 0.68776
56 0.44782 0.69828
57 0.45826 0.70881
58 0.4687 0.71952
59 0.47913 0.72454
60 0.48957 0.73475
61 0.5 0.74534
62 0.51044 0.75678
63 0.52087 0.76096
64 0.53131 0.77132
65 0.54174 0.78198
66 0.55218 0.78889
67 0.56263 0.79735
68 0.57308 0.80809
69 0.58353 0.81515
70 0.59399 0.82347
71 0.6077 0.83432
72 0.61993 0.83981
73 0.6304 0.84976
74 0.64087 0.8581
75 0.65135 0.86524
76 0.66184 0.87621
77 0.67527 0.88077
78 0.68776 0.89319
79 0.69828 0.89639
80 0.70882 0.90747
81 0.72308 0.91219
82 0.73475 0.92092
83 0.74534 0.92832
84 0.7596 0.93431
85 0.77132 0.94323
86 0.78199 0.94931
87 0.79735 0.95485
88 0.80809 0.96165
89 0.82347 0.9682
90 0.83432 0.97446
91 0.84976 0.98039
92 0.86524 0.98589
93 0.88077 0.99086
94 0.89639 0.99509
95 0.91219 0.99828
96 0.92832 0.99987
97 0.94931 1
