Adjusted LCO Confidence Intervals for
n = 30 and Mean Coverage = 0.99900
Minimum Coverage = 0.99844 

0 0 0.2071
1 5e-05 0.26808
2 0.00193 0.3181
3 0.00765 0.3719
4 0.01686 0.409
5 0.02885 0.44807
6 0.04312 0.48813
7 0.05929 0.52372
8 0.0771 0.55636
9 0.09638 0.591
10 0.11698 0.6281
11 0.1388 0.65673
12 0.16176 0.6819
13 0.18582 0.72143
14 0.2071 0.73741
15 0.23112 0.76888
16 0.26259 0.7929
17 0.27857 0.81418
18 0.3181 0.83824
19 0.34327 0.8612
20 0.3719 0.88302
21 0.409 0.90362
22 0.44364 0.9229
23 0.47628 0.94071
24 0.51187 0.95688
25 0.55193 0.97115
26 0.591 0.98314
27 0.6281 0.99235
28 0.6819 0.99807
29 0.73192 0.99995
30 0.7929 1
