Adjusted LCO Confidence Intervals for
n = 57 and Mean Coverage = 0.9000
Minimum Coverage = 0.8785 

0 0 0.04524
1 0.00227 0.0791
2 0.01054 0.09863
3 0.02128 0.12378
4 0.03328 0.1496
5 0.04524 0.16761
6 0.05156 0.19337
7 0.07073 0.2112
8 0.0791 0.22894
9 0.09785 0.25472
10 0.10065 0.2724
11 0.12378 0.29003
12 0.1375 0.30763
13 0.1496 0.32723
14 0.16761 0.3511
15 0.18195 0.36866
16 0.19337 0.38621
17 0.2112 0.40374
18 0.22894 0.42126
19 0.24233 0.43876
20 0.25472 0.45626
21 0.2724 0.47376
22 0.29003 0.49125
23 0.30763 0.50875
24 0.32435 0.52624
25 0.33468 0.54374
26 0.3511 0.56123
27 0.36867 0.57874
28 0.38621 0.59626
29 0.40374 0.61379
30 0.42126 0.63133
31 0.43877 0.6489
32 0.45626 0.66532
33 0.47376 0.67565
34 0.49125 0.69237
35 0.50875 0.70997
36 0.52624 0.7276
37 0.54374 0.74528
38 0.56124 0.75767
39 0.57874 0.77106
40 0.59626 0.7888
41 0.61379 0.80663
42 0.63134 0.81805
43 0.6489 0.83239
44 0.67277 0.8504
45 0.69237 0.8625
46 0.70997 0.87622
47 0.7276 0.89935
48 0.74528 0.90215
49 0.77106 0.9209
50 0.7888 0.92927
51 0.80663 0.94844
52 0.83239 0.95476
53 0.8504 0.96672
54 0.87622 0.97872
55 0.90137 0.98946
56 0.9209 0.99773
57 0.95476 1
