Adjusted LCO Confidence Intervals for
n = 71 and Mean Coverage = 0.99900
Minimum Coverage = 0.99864 

0 0 0.09696
1 2e-05 0.12676
2 0.00075 0.15547
3 0.00303 0.17778
4 0.00669 0.19978
5 0.01143 0.2171
6 0.01704 0.23699
7 0.02334 0.25858
8 0.03022 0.27368
9 0.0376 0.2952
10 0.04542 0.31013
11 0.05361 0.33165
12 0.06214 0.34648
13 0.07099 0.36125
14 0.08011 0.37684
15 0.08949 0.39755
16 0.09697 0.41225
17 0.10609 0.42691
18 0.11795 0.44156
19 0.12676 0.45618
20 0.13621 0.47079
21 0.1491 0.4854
22 0.15547 0.5
23 0.17003 0.5146
24 0.17778 0.5292
25 0.19195 0.54382
26 0.19978 0.55844
27 0.215 0.57309
28 0.21987 0.58775
29 0.23699 0.60245
30 0.24815 0.6139
31 0.25858 0.62453
32 0.27368 0.63875
33 0.28342 0.65352
34 0.2952 0.66835
35 0.31013 0.67745
36 0.32255 0.68987
37 0.33165 0.7048
38 0.34648 0.71658
39 0.36125 0.72632
40 0.37547 0.74142
41 0.3861 0.75185
42 0.39755 0.76301
43 0.41225 0.78013
44 0.42691 0.785
45 0.44156 0.80022
46 0.45618 0.80805
47 0.4708 0.82222
48 0.4854 0.82997
49 0.5 0.84453
50 0.5146 0.8509
51 0.52921 0.86379
52 0.54382 0.87324
53 0.55844 0.88205
54 0.57309 0.89391
55 0.58775 0.90303
56 0.60245 0.91051
57 0.62316 0.91989
58 0.63875 0.92901
59 0.65352 0.93786
60 0.66835 0.94639
61 0.68987 0.95458
62 0.7048 0.9624
63 0.72632 0.96978
64 0.74142 0.97666
65 0.76301 0.98296
66 0.7829 0.98857
67 0.80022 0.99331
68 0.82222 0.99697
69 0.84453 0.99925
70 0.87324 0.99998
71 0.90304 1
