Adjusted LCO Confidence Intervals for
n = 32 and Mean Coverage = 0.9500
Minimum Coverage = 0.9309 

0 0 0.09444
1 0.00224 0.1531
2 0.01348 0.20014
3 0.02979 0.23294
4 0.04888 0.27926
5 0.06982 0.3113
6 0.09214 0.34305
7 0.09599 0.37841
8 0.1357 0.42118
9 0.1531 0.45274
10 0.18446 0.48425
11 0.20014 0.51575
12 0.23294 0.54726
13 0.2597 0.57882
14 0.27926 0.60506
15 0.3113 0.62739
16 0.34305 0.65695
17 0.37261 0.6887
18 0.39494 0.72074
19 0.42118 0.7403
20 0.45274 0.76706
21 0.48425 0.79986
22 0.51575 0.81554
23 0.54726 0.8469
24 0.57882 0.8643
25 0.62159 0.90401
26 0.65695 0.90786
27 0.6887 0.93018
28 0.72074 0.95112
29 0.76706 0.97021
30 0.79986 0.98652
31 0.8469 0.99776
32 0.90556 1
