Adjusted LCO Confidence Intervals for
n = 24 and Mean Coverage = 0.9500
Minimum Coverage = 0.9318 

0 0 0.12257
1 0.00294 0.20372
2 0.01791 0.24813
3 0.03974 0.31008
4 0.06544 0.35284
5 0.09376 0.39514
6 0.12257 0.43718
7 0.13995 0.48152
8 0.18497 0.52315
9 0.20372 0.56282
10 0.24814 0.60486
11 0.28197 0.64716
12 0.31009 0.68991
13 0.35284 0.71803
14 0.39514 0.75186
15 0.43718 0.79628
16 0.47685 0.81503
17 0.51848 0.86005
18 0.56282 0.87743
19 0.60486 0.90624
20 0.64716 0.93456
21 0.68992 0.96026
22 0.75187 0.98209
23 0.79628 0.99706
24 0.87743 1
