Adjusted LCO Confidence Intervals for
n = 64 and Mean Coverage = 0.9900
Minimum Coverage = 0.9870 

0 0 0.07692
1 2e-04 0.10242
2 0.00268 0.13326
3 0.00761 0.15725
4 0.01415 0.181
5 0.02182 0.19774
6 0.03032 0.22123
7 0.03949 0.23765
8 0.0492 0.26107
9 0.05936 0.27731
10 0.06991 0.30074
11 0.07692 0.31688
12 0.08941 0.33296
13 0.10242 0.34899
14 0.10587 0.3725
15 0.12476 0.38851
16 0.13326 0.40448
17 0.14836 0.42044
18 0.15725 0.43637
19 0.17352 0.45229
20 0.181 0.4682
21 0.19774 0.4841
22 0.20938 0.5
23 0.22123 0.5159
24 0.23765 0.5318
25 0.24817 0.54771
26 0.26107 0.56363
27 0.27731 0.57956
28 0.2916 0.59552
29 0.30074 0.61149
30 0.31688 0.6275
31 0.33296 0.63844
32 0.34899 0.65101
33 0.36156 0.66704
34 0.3725 0.68312
35 0.38851 0.69926
36 0.40448 0.7084
37 0.42044 0.72269
38 0.43637 0.73893
39 0.45229 0.75183
40 0.4682 0.76235
41 0.4841 0.77877
42 0.5 0.79062
43 0.5159 0.80226
44 0.5318 0.819
45 0.54771 0.82648
46 0.56363 0.84275
47 0.57956 0.85164
48 0.59552 0.86674
49 0.61149 0.87524
50 0.6275 0.89413
51 0.65101 0.89758
52 0.66704 0.91059
53 0.68312 0.92308
54 0.69926 0.93009
55 0.72269 0.94064
56 0.73893 0.9508
57 0.76235 0.96051
58 0.77877 0.96968
59 0.80226 0.97818
60 0.819 0.98585
61 0.84275 0.99239
62 0.86674 0.99732
63 0.89758 0.9998
64 0.92308 1
