Adjusted LCO Confidence Intervals for
n = 86 and Mean Coverage = 0.99900
Minimum Coverage = 0.99868 

0 0 0.07985
1 2e-05 0.10438
2 0.00061 0.12798
3 0.00247 0.14635
4 0.00545 0.16444
5 0.00933 0.18237
6 0.01391 0.2002
7 0.01905 0.21797
8 0.02466 0.23048
9 0.03068 0.24815
10 0.03704 0.26132
11 0.0437 0.27814
12 0.05064 0.29038
13 0.05782 0.30802
14 0.06522 0.3202
15 0.07283 0.33233
16 0.07985 0.35
17 0.085 0.36209
18 0.09549 0.37416
19 0.10438 0.38621
20 0.10748 0.39991
21 0.12037 0.416
22 0.12799 0.42802
23 0.13635 0.44004
24 0.14635 0.45204
25 0.15279 0.46404
26 0.16444 0.47603
27 0.17055 0.48801
28 0.18237 0.5
29 0.19 0.51198
30 0.2002 0.52397
31 0.21029 0.53596
32 0.21797 0.54796
33 0.23048 0.55996
34 0.23715 0.57198
35 0.24815 0.584
36 0.26024 0.59385
37 0.26589 0.60274
38 0.27814 0.61379
39 0.29038 0.62583
40 0.29894 0.63791
41 0.30802 0.65
42 0.3202 0.65872
43 0.33233 0.66767
44 0.34128 0.6798
45 0.35 0.69198
46 0.36209 0.70106
47 0.37417 0.70962
48 0.38621 0.72186
49 0.39726 0.73411
50 0.40615 0.73976
51 0.416 0.75185
52 0.42802 0.76285
53 0.44004 0.76952
54 0.45204 0.78203
55 0.46404 0.78971
56 0.47603 0.7998
57 0.48802 0.81
58 0.5 0.81763
59 0.51199 0.82945
60 0.52397 0.83556
61 0.53596 0.84721
62 0.54796 0.85365
63 0.55996 0.86365
64 0.57198 0.87201
65 0.584 0.87963
66 0.60009 0.89252
67 0.61379 0.89562
68 0.62584 0.90451
69 0.63791 0.915
70 0.65 0.92015
71 0.66767 0.92717
72 0.6798 0.93478
73 0.69198 0.94218
74 0.70962 0.94936
75 0.72186 0.9563
76 0.73868 0.96296
77 0.75185 0.96932
78 0.76952 0.97534
79 0.78203 0.98095
80 0.7998 0.98609
81 0.81763 0.99067
82 0.83556 0.99455
83 0.85365 0.99753
84 0.87202 0.99939
85 0.89562 0.99998
86 0.92015 1
