Adjusted LCO Confidence Intervals for
n = 76 and Mean Coverage = 0.9000
Minimum Coverage = 0.8807 

0 0 0.03401
1 0.00167 0.05945
2 0.00781 0.07917
3 0.0158 0.09305
4 0.02472 0.11243
5 0.03401 0.1318
6 0.0369 0.14532
7 0.0523 0.15873
8 0.05945 0.17806
9 0.07209 0.1914
10 0.07917 0.20642
11 0.09305 0.22404
12 0.09876 0.23731
13 0.11244 0.25055
14 0.12507 0.26994
15 0.13181 0.28316
16 0.14532 0.29637
17 0.15873 0.30956
18 0.16433 0.32274
19 0.17806 0.33591
20 0.1914 0.34972
21 0.20439 0.36857
22 0.20839 0.38173
23 0.22404 0.39489
24 0.23731 0.40804
25 0.25055 0.42118
26 0.26307 0.43432
27 0.26994 0.44746
28 0.28316 0.4606
29 0.29637 0.47373
30 0.30956 0.48687
31 0.32274 0.5
32 0.33591 0.51313
33 0.34874 0.52626
34 0.35769 0.5394
35 0.36857 0.55254
36 0.38173 0.56567
37 0.39489 0.57882
38 0.40804 0.59196
39 0.42118 0.60511
40 0.43433 0.61827
41 0.44746 0.63143
42 0.4606 0.64231
43 0.47374 0.65126
44 0.48687 0.66409
45 0.5 0.67726
46 0.51313 0.69044
47 0.52627 0.70363
48 0.5394 0.71684
49 0.55254 0.73006
50 0.56568 0.73693
51 0.57882 0.74945
52 0.59196 0.76269
53 0.60511 0.77596
54 0.61827 0.79161
55 0.63143 0.79561
56 0.65028 0.8086
57 0.66409 0.82194
58 0.67726 0.83567
59 0.69044 0.84127
60 0.70363 0.85468
61 0.71684 0.86819
62 0.73006 0.87493
63 0.74945 0.88756
64 0.76269 0.90124
65 0.77596 0.90695
66 0.79358 0.92083
67 0.8086 0.92791
68 0.82194 0.94055
69 0.84127 0.9477
70 0.85468 0.9631
71 0.8682 0.96599
72 0.88757 0.97528
73 0.90695 0.9842
74 0.92083 0.99219
75 0.94055 0.99833
76 0.96599 1
