Adjusted LCO Confidence Intervals for
n = 54 and Mean Coverage = 0.9900
Minimum Coverage = 0.9867 

0 0 0.09124
1 0.00025 0.12145
2 0.00322 0.15026
3 0.00911 0.17856
4 0.01693 0.20664
5 0.0261 0.23462
6 0.03628 0.25417
7 0.04726 0.28203
8 0.05889 0.30133
9 0.07108 0.32051
10 0.08375 0.34839
11 0.09124 0.36748
12 0.1078 0.38651
13 0.12146 0.40549
14 0.13174 0.42475
15 0.15026 0.44764
16 0.1573 0.47156
17 0.17856 0.49052
18 0.18866 0.50948
19 0.20664 0.52844
20 0.22241 0.54394
21 0.23462 0.55961
22 0.25417 0.5758
23 0.26883 0.59451
24 0.28203 0.61349
25 0.30133 0.63252
26 0.32051 0.65161
27 0.33285 0.66715
28 0.34839 0.67949
29 0.36748 0.69867
30 0.38651 0.71797
31 0.40549 0.73117
32 0.4242 0.74583
33 0.44039 0.76538
34 0.45606 0.77759
35 0.47156 0.79336
36 0.49052 0.81134
37 0.50948 0.82144
38 0.52844 0.8427
39 0.55236 0.84974
40 0.57525 0.86826
41 0.59451 0.87854
42 0.61349 0.8922
43 0.63252 0.90876
44 0.65161 0.91625
45 0.67949 0.92892
46 0.69867 0.94111
47 0.71797 0.95274
48 0.74583 0.96372
49 0.76538 0.9739
50 0.79336 0.98307
51 0.82144 0.99089
52 0.84974 0.99678
53 0.87855 0.99975
54 0.90876 1
