Adjusted LCO Confidence Intervals for
n = 49 and Mean Coverage = 0.9500
Minimum Coverage = 0.9371 

0 0 0.06851
1 0.00132 0.1003
2 0.00832 0.13105
3 0.01858 0.16148
4 0.03065 0.1918
5 0.04388 0.21297
6 0.05797 0.24317
7 0.06851 0.26407
8 0.08358 0.28485
9 0.1003 0.31509
10 0.11107 0.33578
11 0.13105 0.35642
12 0.1439 0.37701
13 0.16148 0.39756
14 0.18042 0.41808
15 0.1918 0.43858
16 0.21297 0.46167
17 0.23194 0.48403
18 0.24317 0.50494
19 0.26407 0.52439
20 0.28485 0.54305
21 0.30375 0.56142
22 0.31509 0.58192
23 0.33578 0.60244
24 0.35642 0.62299
25 0.37701 0.64358
26 0.39756 0.66422
27 0.41808 0.68491
28 0.43858 0.69625
29 0.45695 0.71515
30 0.47561 0.73593
31 0.49506 0.75683
32 0.51597 0.76806
33 0.53833 0.78703
34 0.56142 0.8082
35 0.58192 0.81958
36 0.60244 0.83852
37 0.62299 0.8561
38 0.64358 0.86895
39 0.66422 0.88893
40 0.68491 0.8997
41 0.71515 0.91642
42 0.73593 0.93149
43 0.75683 0.94203
44 0.78703 0.95612
45 0.8082 0.96935
46 0.83852 0.98142
47 0.86895 0.99168
48 0.8997 0.99868
49 0.93149 1
