Adjusted LCO Confidence Intervals for
n = 80 and Mean Coverage = 0.9500
Minimum Coverage = 0.9397 

0 0 0.04206
1 0.00078 0.06669
2 0.00496 0.08572
3 0.01113 0.10447
4 0.01838 0.11771
5 0.02634 0.13623
6 0.03479 0.15067
7 0.04206 0.16766
8 0.04904 0.18049
9 0.06079 0.19894
10 0.06669 0.2117
11 0.07888 0.23016
12 0.08572 0.24287
13 0.09838 0.25555
14 0.10447 0.2682
15 0.11771 0.28669
16 0.12526 0.29932
17 0.13623 0.31194
18 0.14904 0.32453
19 0.1515 0.33712
20 0.16766 0.35569
21 0.1805 0.36827
22 0.1866 0.38084
23 0.19894 0.39341
24 0.2117 0.40596
25 0.22324 0.41851
26 0.23016 0.43106
27 0.24287 0.4436
28 0.25555 0.45614
29 0.2682 0.46867
30 0.27722 0.4812
31 0.28669 0.49373
32 0.29933 0.50626
33 0.31194 0.5188
34 0.32453 0.53133
35 0.33712 0.54386
36 0.34761 0.5564
37 0.35569 0.56894
38 0.36827 0.58149
39 0.38084 0.59404
40 0.39341 0.60659
41 0.40596 0.61916
42 0.41851 0.63173
43 0.43106 0.64431
44 0.4436 0.65239
45 0.45614 0.66288
46 0.46867 0.67547
47 0.4812 0.68806
48 0.49374 0.70067
49 0.50627 0.71331
50 0.5188 0.72278
51 0.53133 0.7318
52 0.54386 0.74445
53 0.5564 0.75713
54 0.56894 0.76984
55 0.58149 0.77676
56 0.59404 0.7883
57 0.60659 0.80106
58 0.61916 0.8134
59 0.63173 0.8195
60 0.64431 0.83234
61 0.66288 0.8485
62 0.67547 0.85096
63 0.68806 0.86377
64 0.70068 0.87474
65 0.71331 0.88229
66 0.7318 0.89553
67 0.74445 0.90162
68 0.75713 0.91428
69 0.76984 0.92112
70 0.7883 0.93331
71 0.80106 0.93921
72 0.81951 0.95096
73 0.83234 0.95794
74 0.84933 0.96521
75 0.86377 0.97366
76 0.88229 0.98162
77 0.89553 0.98887
78 0.91428 0.99504
79 0.93331 0.99922
80 0.95794 1
