Adjusted LCO Confidence Intervals for
n = 94 and Mean Coverage = 0.99900
Minimum Coverage = 0.99871 

0 0 0.07298
1 1e-05 0.09971
2 0.00055 0.11697
3 0.00224 0.13823
4 0.00496 0.15483
5 0.00848 0.17126
6 0.01264 0.18294
7 0.01732 0.19916
8 0.02243 0.21535
9 0.0279 0.22673
10 0.03368 0.24285
11 0.03974 0.25629
12 0.04604 0.2702
13 0.05257 0.28137
14 0.05929 0.29747
15 0.06619 0.30859
16 0.07298 0.31967
17 0.07627 0.33578
18 0.08656 0.34683
19 0.09482 0.35785
20 0.09971 0.36907
21 0.10896 0.38503
22 0.11697 0.39602
23 0.12269 0.407
24 0.13336 0.41797
25 0.13823 0.42893
26 0.14931 0.43988
27 0.15483 0.45082
28 0.1659 0.46207
29 0.17126 0.47392
30 0.18294 0.48552
31 0.18763 0.49678
32 0.19917 0.50763
33 0.20746 0.51812
34 0.21536 0.52839
35 0.22673 0.53852
36 0.2317 0.54918
37 0.24285 0.56012
38 0.25364 0.57107
39 0.25747 0.58203
40 0.2702 0.593
41 0.28137 0.60398
42 0.28871 0.61497
43 0.29747 0.62328
44 0.30859 0.63126
45 0.31967 0.64214
46 0.32677 0.65317
47 0.33578 0.66422
48 0.34683 0.67323
49 0.35786 0.68033
50 0.36874 0.69141
51 0.37672 0.70253
52 0.38503 0.71129
53 0.39602 0.71863
54 0.407 0.7298
55 0.41797 0.74253
56 0.42893 0.74636
57 0.43988 0.75715
58 0.45082 0.7683
59 0.46148 0.77327
60 0.47161 0.78464
61 0.48188 0.79254
62 0.49237 0.80083
63 0.50322 0.81237
64 0.51448 0.81706
65 0.52608 0.82874
66 0.53793 0.8341
67 0.54918 0.84517
68 0.56012 0.85069
69 0.57107 0.86177
70 0.58203 0.86664
71 0.593 0.87731
72 0.60398 0.88303
73 0.61497 0.89104
74 0.63093 0.90029
75 0.64215 0.90518
76 0.65317 0.91344
77 0.66422 0.92373
78 0.68033 0.92702
79 0.69141 0.93381
80 0.70253 0.94071
81 0.71863 0.94743
82 0.7298 0.95396
83 0.74371 0.96026
84 0.75715 0.96632
85 0.77327 0.9721
86 0.78465 0.97757
87 0.80084 0.98268
88 0.81706 0.98736
89 0.82874 0.99152
90 0.84517 0.99504
91 0.86177 0.99776
92 0.88303 0.99945
93 0.90029 0.99999
94 0.92702 1
