Adjusted LCO Confidence Intervals for
n = 29 and Mean Coverage = 0.99900
Minimum Coverage = 0.99834 

0 0 0.21457
1 6e-05 0.27334
2 0.00206 0.3297
3 0.0081 0.38565
4 0.01776 0.42416
5 0.03033 0.46219
6 0.04526 0.5
7 0.06217 0.53781
8 0.0808 0.57584
9 0.10095 0.61435
10 0.1225 0.6362
11 0.14533 0.6703
12 0.16937 0.70145
13 0.19456 0.72665
14 0.21457 0.75625
15 0.24375 0.78543
16 0.27335 0.80544
17 0.29855 0.83063
18 0.3297 0.85467
19 0.3638 0.8775
20 0.38565 0.89905
21 0.42416 0.9192
22 0.46219 0.93783
23 0.5 0.95474
24 0.53781 0.96967
25 0.57584 0.98224
26 0.61435 0.9919
27 0.6703 0.99794
28 0.72666 0.99994
29 0.78543 1
