Adjusted LCO Confidence Intervals for
n = 58 and Mean Coverage = 0.9000
Minimum Coverage = 0.8797 

0 0 0.04447
1 0.00221 0.07775
2 0.0103 0.10354
3 0.02082 0.12166
4 0.03258 0.14704
5 0.04447 0.16474
6 0.05008 0.19006
7 0.06923 0.20758
8 0.07775 0.22502
9 0.09577 0.25036
10 0.10354 0.26774
11 0.12166 0.28507
12 0.13427 0.30236
13 0.14704 0.3278
14 0.16474 0.34508
15 0.17758 0.36234
16 0.19006 0.37958
17 0.20758 0.39681
18 0.22502 0.41403
19 0.23584 0.43123
20 0.25036 0.44843
21 0.26774 0.46562
22 0.28507 0.48281
23 0.30236 0.5
24 0.31594 0.51719
25 0.3278 0.53438
26 0.34508 0.55157
27 0.36234 0.56877
28 0.37958 0.58597
29 0.39681 0.60319
30 0.41403 0.62042
31 0.43123 0.63766
32 0.44843 0.65492
33 0.46562 0.6722
34 0.48281 0.68406
35 0.5 0.69764
36 0.51719 0.71493
37 0.53438 0.73226
38 0.55157 0.74964
39 0.56877 0.76416
40 0.58597 0.77498
41 0.60319 0.79242
42 0.62042 0.80994
43 0.63766 0.82242
44 0.65492 0.83526
45 0.6722 0.85296
46 0.69764 0.86573
47 0.71493 0.87834
48 0.73226 0.89646
49 0.74964 0.90423
50 0.77498 0.92225
51 0.79242 0.93077
52 0.80994 0.94992
53 0.83526 0.95553
54 0.85296 0.96742
55 0.87834 0.97918
56 0.89646 0.9897
57 0.92225 0.99779
58 0.95553 1
