Adjusted LCO Confidence Intervals for
n = 62 and Mean Coverage = 0.9900
Minimum Coverage = 0.9868 

0 0 0.07941
1 0.00022 0.10573
2 0.00279 0.13759
3 0.0079 0.16235
4 0.01468 0.17984
5 0.02262 0.20415
6 0.03143 0.22842
7 0.04093 0.24536
8 0.05098 0.26956
9 0.0615 0.28633
10 0.07242 0.303
11 0.07941 0.32721
12 0.09279 0.34381
13 0.10573 0.36037
14 0.11154 0.37688
15 0.12944 0.39726
16 0.13759 0.41772
17 0.15402 0.4342
18 0.16235 0.45066
19 0.17984 0.46712
20 0.187 0.48356
21 0.20415 0.5
22 0.21812 0.51644
23 0.22842 0.53288
24 0.24536 0.54934
25 0.25917 0.5658
26 0.26956 0.58228
27 0.28633 0.5975
28 0.303 0.60861
29 0.31485 0.62312
30 0.32721 0.63963
31 0.34381 0.65619
32 0.36037 0.67279
33 0.37688 0.68515
34 0.39139 0.697
35 0.4025 0.71367
36 0.41772 0.73044
37 0.4342 0.74083
38 0.45066 0.75464
39 0.46712 0.77158
40 0.48356 0.78188
41 0.5 0.79585
42 0.51644 0.813
43 0.53288 0.82016
44 0.54934 0.83765
45 0.5658 0.84598
46 0.58228 0.86241
47 0.60274 0.87056
48 0.62312 0.88846
49 0.63963 0.89427
50 0.65619 0.90721
51 0.67279 0.92059
52 0.697 0.92758
53 0.71367 0.9385
54 0.73044 0.94902
55 0.75464 0.95907
56 0.77158 0.96857
57 0.79585 0.97738
58 0.82016 0.98532
59 0.83765 0.9921
60 0.86241 0.99721
61 0.89427 0.99978
62 0.92059 1
