Adjusted LCO Confidence Intervals for
n = 81 and Mean Coverage = 0.99900
Minimum Coverage = 0.99866 

0 0 0.08484
1 2e-05 0.11091
2 0.00066 0.13599
3 0.00264 0.15551
4 0.00583 0.17473
5 0.00996 0.19379
6 0.01484 0.21275
7 0.02033 0.22628
8 0.02632 0.24494
9 0.03274 0.26374
10 0.03952 0.27686
11 0.04663 0.29564
12 0.05404 0.30865
13 0.0617 0.3216
14 0.0696 0.34038
15 0.07773 0.35328
16 0.08484 0.36614
17 0.09133 0.37897
18 0.10209 0.39375
19 0.11091 0.41064
20 0.11654 0.42344
21 0.1288 0.43622
22 0.136 0.449
23 0.14631 0.46176
24 0.15551 0.47451
25 0.16457 0.48725
26 0.17473 0.5
27 0.18404 0.51274
28 0.19379 0.52549
29 0.20469 0.53824
30 0.21275 0.551
31 0.22608 0.56377
32 0.2317 0.57656
33 0.24494 0.58935
34 0.25663 0.60018
35 0.26374 0.60932
36 0.27686 0.62103
37 0.28908 0.63386
38 0.29564 0.64672
39 0.30865 0.65962
40 0.3216 0.6672
41 0.3328 0.6784
42 0.34038 0.69135
43 0.35328 0.70436
44 0.36614 0.71092
45 0.37897 0.72314
46 0.39068 0.73626
47 0.39982 0.74337
48 0.41065 0.75506
49 0.42344 0.7683
50 0.43623 0.77392
51 0.449 0.78725
52 0.46176 0.79531
53 0.47451 0.80621
54 0.48726 0.81596
55 0.5 0.82527
56 0.51275 0.83543
57 0.52549 0.84449
58 0.53824 0.85369
59 0.551 0.864
60 0.56378 0.8712
61 0.57656 0.88346
62 0.58936 0.88909
63 0.60625 0.89791
64 0.62103 0.90867
65 0.63386 0.91516
66 0.64672 0.92227
67 0.65962 0.9304
68 0.6784 0.9383
69 0.69135 0.94596
70 0.70436 0.95337
71 0.72314 0.96048
72 0.73626 0.96726
73 0.75506 0.97368
74 0.77372 0.97967
75 0.78725 0.98516
76 0.80621 0.99004
77 0.82527 0.99417
78 0.84449 0.99736
79 0.86401 0.99934
80 0.88909 0.99998
81 0.91516 1
