Adjusted LCO Confidence Intervals for
n = 87 and Mean Coverage = 0.9900
Minimum Coverage = 0.9874 

0 0 0.05653
1 0.00015 0.07994
2 0.00194 0.09793
3 0.00551 0.11554
4 0.01027 0.13297
5 0.01583 0.1503
6 0.022 0.16757
7 0.02864 0.17972
8 0.03567 0.1969
9 0.04302 0.2089
10 0.05064 0.22605
11 0.05653 0.23796
12 0.064 0.2551
13 0.0738 0.26695
14 0.07994 0.27876
15 0.08918 0.29592
16 0.09793 0.3077
17 0.10507 0.31945
18 0.11554 0.33118
19 0.12228 0.34839
20 0.13298 0.36011
21 0.14112 0.37182
22 0.1503 0.3835
23 0.16093 0.39518
24 0.16757 0.40685
25 0.17972 0.41851
26 0.18759 0.432
27 0.1969 0.44752
28 0.2089 0.45919
29 0.21626 0.47085
30 0.22605 0.48251
31 0.23796 0.49417
32 0.24768 0.50583
33 0.25511 0.51749
34 0.26695 0.52915
35 0.27876 0.54081
36 0.28834 0.55248
37 0.29592 0.56157
38 0.3077 0.57108
39 0.31945 0.58148
40 0.33118 0.59315
41 0.34103 0.60482
42 0.34839 0.61649
43 0.36011 0.62818
44 0.37182 0.63989
45 0.38351 0.65161
46 0.39518 0.65897
47 0.40685 0.66882
48 0.41852 0.68055
49 0.42892 0.6923
50 0.43843 0.70408
51 0.44752 0.71166
52 0.45919 0.72124
53 0.47085 0.73305
54 0.48251 0.74489
55 0.49417 0.75232
56 0.50583 0.76204
57 0.51749 0.77395
58 0.52915 0.78374
59 0.54081 0.7911
60 0.55248 0.8031
61 0.568 0.81241
62 0.58149 0.82028
63 0.59315 0.83243
64 0.60482 0.83907
65 0.6165 0.8497
66 0.62818 0.85888
67 0.63989 0.86702
68 0.65161 0.87772
69 0.66882 0.88446
70 0.68055 0.89493
71 0.6923 0.90207
72 0.70408 0.91082
73 0.72124 0.92006
74 0.73305 0.9262
75 0.7449 0.936
76 0.76204 0.94347
77 0.77395 0.94936
78 0.7911 0.95698
79 0.8031 0.96433
80 0.82028 0.97136
81 0.83243 0.978
82 0.8497 0.98417
83 0.86703 0.98973
84 0.88446 0.99449
85 0.90207 0.99806
86 0.92006 0.99985
87 0.94347 1
