Adjusted LCO Confidence Intervals for
n = 37 and Mean Coverage = 0.9500
Minimum Coverage = 0.9334 

0 0 0.09056
1 0.00186 0.13256
2 0.01141 0.17324
3 0.02531 0.20487
4 0.04161 0.24168
5 0.05949 0.26943
6 0.07854 0.30943
7 0.09057 0.33691
8 0.11488 0.36426
9 0.13256 0.3915
10 0.15537 0.4267
11 0.17324 0.45913
12 0.20111 0.48638
13 0.20964 0.51362
14 0.24169 0.54087
15 0.26943 0.56609
16 0.28575 0.58567
17 0.30943 0.60849
18 0.33691 0.63574
19 0.36426 0.66309
20 0.39151 0.69057
21 0.41433 0.71425
22 0.43391 0.73057
23 0.45913 0.75831
24 0.48638 0.79036
25 0.51362 0.79889
26 0.54087 0.82676
27 0.5733 0.84463
28 0.6085 0.86744
29 0.63574 0.88512
30 0.66309 0.90943
31 0.69057 0.92146
32 0.73057 0.94051
33 0.75832 0.95839
34 0.79513 0.97469
35 0.82676 0.98859
36 0.86744 0.99814
37 0.90944 1
