Adjusted LCO Confidence Intervals for
n = 78 and Mean Coverage = 0.9500
Minimum Coverage = 0.9390 

0 0 0.04314
1 0.00081 0.0684
2 0.00512 0.0879
3 0.01148 0.10714
4 0.01894 0.12072
5 0.02712 0.13971
6 0.03581 0.15301
7 0.04314 0.17194
8 0.05062 0.18511
9 0.06258 0.20403
10 0.0684 0.21711
11 0.08125 0.23015
12 0.08791 0.24909
13 0.10135 0.26209
14 0.10714 0.27506
15 0.12072 0.29129
16 0.1295 0.30699
17 0.13971 0.31993
18 0.15301 0.33284
19 0.15921 0.34575
20 0.17194 0.35864
21 0.18511 0.37413
22 0.1937 0.39061
23 0.20403 0.4035
24 0.21711 0.41638
25 0.23015 0.42925
26 0.23718 0.44212
27 0.24909 0.45499
28 0.26209 0.46785
29 0.27506 0.48071
30 0.28723 0.49357
31 0.29218 0.50643
32 0.30699 0.51929
33 0.31993 0.53215
34 0.33285 0.54501
35 0.34575 0.55788
36 0.35864 0.57075
37 0.37031 0.58362
38 0.37856 0.5965
39 0.39061 0.60939
40 0.4035 0.62144
41 0.41638 0.62969
42 0.42925 0.64136
43 0.44212 0.65425
44 0.45499 0.66715
45 0.46785 0.68007
46 0.48071 0.69301
47 0.49357 0.70782
48 0.50643 0.71277
49 0.51929 0.72494
50 0.53215 0.73791
51 0.54501 0.75091
52 0.55788 0.76282
53 0.57075 0.76985
54 0.58362 0.78289
55 0.5965 0.79597
56 0.60939 0.8063
57 0.62587 0.81489
58 0.64136 0.82806
59 0.65425 0.84079
60 0.66716 0.84699
61 0.68007 0.86029
62 0.69301 0.8705
63 0.70871 0.87928
64 0.72494 0.89286
65 0.73791 0.89865
66 0.75091 0.91209
67 0.76985 0.91875
68 0.78289 0.9316
69 0.79597 0.93742
70 0.81489 0.94938
71 0.82806 0.95686
72 0.84699 0.96419
73 0.86029 0.97288
74 0.87928 0.98106
75 0.89286 0.98852
76 0.9121 0.99488
77 0.9316 0.99919
78 0.95686 1
