Adjusted LCO Confidence Intervals for
n = 70 and Mean Coverage = 0.9000
Minimum Coverage = 0.8808 

0 0 0.0369
1 0.00181 0.06451
2 0.00848 0.08591
3 0.01715 0.10096
4 0.02685 0.122
5 0.03691 0.14303
6 0.0403 0.15768
7 0.05687 0.17224
8 0.06451 0.19322
9 0.07848 0.2077
10 0.08591 0.22212
11 0.10096 0.24314
12 0.10831 0.25753
13 0.122 0.27189
14 0.13652 0.28623
15 0.14303 0.30211
16 0.15769 0.32165
17 0.17224 0.33596
18 0.18163 0.35027
19 0.19322 0.36456
20 0.2077 0.37884
21 0.22212 0.39311
22 0.23288 0.40738
23 0.24314 0.42163
24 0.25753 0.43592
25 0.27189 0.45237
26 0.28623 0.4693
27 0.29999 0.48573
28 0.30765 0.5
29 0.32165 0.51427
30 0.33596 0.52711
31 0.35027 0.53909
32 0.36456 0.55155
33 0.37884 0.56414
34 0.39311 0.57836
35 0.40738 0.59262
36 0.42164 0.60689
37 0.43586 0.62116
38 0.44845 0.63544
39 0.46091 0.64973
40 0.47289 0.66404
41 0.48573 0.67835
42 0.5 0.69235
43 0.51427 0.70001
44 0.5307 0.71377
45 0.54763 0.72811
46 0.56408 0.74247
47 0.57837 0.75686
48 0.59262 0.76712
49 0.60689 0.77788
50 0.62116 0.7923
51 0.63544 0.80678
52 0.64973 0.81837
53 0.66404 0.82776
54 0.67835 0.84231
55 0.69789 0.85697
56 0.71377 0.86348
57 0.72811 0.878
58 0.74247 0.89169
59 0.75686 0.89904
60 0.77788 0.91409
61 0.7923 0.92152
62 0.80678 0.93549
63 0.82776 0.94313
64 0.84232 0.9597
65 0.85697 0.96309
66 0.878 0.97315
67 0.89904 0.98285
68 0.91409 0.99152
69 0.93549 0.99819
70 0.9631 1
