Adjusted LCO Confidence Intervals for
n = 98 and Mean Coverage = 0.99900
Minimum Coverage = 0.99869 

0 0 0.06998
1 1e-05 0.09559
2 0.00054 0.11214
3 0.00216 0.13252
4 0.00477 0.14843
5 0.00816 0.16418
6 0.01216 0.17984
7 0.01665 0.19094
8 0.02155 0.20645
9 0.0268 0.22194
10 0.03234 0.2328
11 0.03815 0.24825
12 0.04418 0.25901
13 0.05043 0.27444
14 0.05687 0.28514
15 0.06348 0.29579
16 0.06998 0.31122
17 0.0731 0.32184
18 0.08296 0.33243
19 0.09086 0.34788
20 0.09559 0.35845
21 0.10434 0.369
22 0.11215 0.37953
23 0.11729 0.39005
24 0.12765 0.4027
25 0.13252 0.41609
26 0.14284 0.4266
27 0.14843 0.4371
28 0.15862 0.4476
29 0.16419 0.45808
30 0.17504 0.46857
31 0.17984 0.47905
32 0.19094 0.48952
33 0.19768 0.5
34 0.20645 0.51048
35 0.21635 0.52095
36 0.22194 0.53143
37 0.2328 0.54192
38 0.24164 0.5524
39 0.24825 0.5629
40 0.25901 0.5734
41 0.26842 0.5839
42 0.27444 0.59316
43 0.28514 0.60062
44 0.29579 0.60995
45 0.30345 0.62047
46 0.31122 0.631
47 0.32184 0.64155
48 0.33243 0.65212
49 0.34169 0.65831
50 0.34788 0.66757
51 0.35845 0.67816
52 0.369 0.68878
53 0.37953 0.69655
54 0.39005 0.70421
55 0.39938 0.71486
56 0.40684 0.72556
57 0.4161 0.73158
58 0.4266 0.74099
59 0.4371 0.75175
60 0.4476 0.75836
61 0.45808 0.7672
62 0.46857 0.77806
63 0.47905 0.78365
64 0.48952 0.79355
65 0.5 0.80232
66 0.51048 0.80906
67 0.52095 0.82016
68 0.53143 0.82496
69 0.54192 0.83581
70 0.5524 0.84138
71 0.5629 0.85157
72 0.5734 0.85716
73 0.58391 0.86748
74 0.5973 0.87235
75 0.60995 0.88271
76 0.62047 0.88785
77 0.631 0.89566
78 0.64155 0.90441
79 0.65212 0.90914
80 0.66757 0.91704
81 0.67816 0.9269
82 0.68878 0.93002
83 0.70421 0.93652
84 0.71486 0.94313
85 0.72556 0.94957
86 0.74099 0.95582
87 0.75175 0.96185
88 0.7672 0.96766
89 0.77806 0.9732
90 0.79355 0.97845
91 0.80906 0.98335
92 0.82016 0.98784
93 0.83582 0.99184
94 0.85157 0.99523
95 0.86748 0.99784
96 0.88786 0.99946
97 0.90441 0.99999
98 0.93002 1
