Adjusted LCO Confidence Intervals for
n = 38 and Mean Coverage = 0.9000
Minimum Coverage = 0.8711 

0 0 0.06753
1 0.00363 0.10728
2 0.01643 0.14618
3 0.03292 0.1849
4 0.0513 0.21186
5 0.06753 0.25045
6 0.08321 0.27707
7 0.10728 0.30354
8 0.12182 0.3299
9 0.14618 0.36226
10 0.1689 0.39501
11 0.1849 0.42129
12 0.21186 0.44755
13 0.23653 0.47378
14 0.25045 0.5
15 0.27707 0.52622
16 0.30354 0.55245
17 0.3299 0.5787
18 0.35372 0.60499
19 0.36915 0.63085
20 0.39501 0.64628
21 0.4213 0.6701
22 0.44755 0.69646
23 0.47378 0.72293
24 0.5 0.74955
25 0.52622 0.76347
26 0.55245 0.78814
27 0.57871 0.8151
28 0.60499 0.8311
29 0.63774 0.85382
30 0.6701 0.87818
31 0.69646 0.89272
32 0.72293 0.91679
33 0.74955 0.93247
34 0.78814 0.9487
35 0.8151 0.96708
36 0.85382 0.98357
37 0.89272 0.99637
38 0.93247 1
