Adjusted LCO Confidence Intervals for
n = 95 and Mean Coverage = 0.9500
Minimum Coverage = 0.9399 

0 0 0.03544
1 0.00065 0.05619
2 0.00417 0.07222
3 0.00935 0.08802
4 0.01544 0.09919
5 0.02211 0.11478
6 0.0292 0.13036
7 0.03545 0.14126
8 0.04091 0.1568
9 0.0509 0.1676
10 0.05619 0.18314
11 0.0659 0.19389
12 0.07222 0.2046
13 0.08205 0.22014
14 0.08802 0.23083
15 0.09919 0.2415
16 0.10224 0.25214
17 0.11478 0.26771
18 0.12357 0.27834
19 0.13036 0.28896
20 0.14126 0.29957
21 0.1494 0.3104
22 0.1568 0.32578
23 0.16761 0.33638
24 0.17739 0.34696
25 0.18314 0.35754
26 0.19389 0.36812
27 0.2046 0.37869
28 0.21354 0.38925
29 0.22014 0.40016
30 0.23083 0.41552
31 0.2415 0.42609
32 0.25214 0.43665
33 0.25888 0.44721
34 0.26771 0.45777
35 0.27834 0.46833
36 0.28896 0.47889
37 0.29957 0.48944
38 0.31006 0.5
39 0.31652 0.51056
40 0.32578 0.52111
41 0.33638 0.53167
42 0.34696 0.54223
43 0.35754 0.55279
44 0.36812 0.56335
45 0.37869 0.57391
46 0.38925 0.58448
47 0.39958 0.59203
48 0.40797 0.60042
49 0.41552 0.61075
50 0.42609 0.62131
51 0.43665 0.63188
52 0.44721 0.64246
53 0.45777 0.65304
54 0.46833 0.66362
55 0.47889 0.67422
56 0.48944 0.68348
57 0.5 0.68994
58 0.51056 0.70043
59 0.52111 0.71104
60 0.53167 0.72166
61 0.54223 0.73229
62 0.55279 0.74112
63 0.56335 0.74786
64 0.57391 0.7585
65 0.58448 0.76917
66 0.59984 0.77986
67 0.61075 0.78646
68 0.62131 0.7954
69 0.63188 0.80611
70 0.64246 0.81686
71 0.65304 0.82261
72 0.66362 0.83239
73 0.67422 0.8432
74 0.6896 0.8506
75 0.70043 0.85874
76 0.71104 0.86964
77 0.72166 0.87643
78 0.73229 0.88522
79 0.74786 0.89776
80 0.7585 0.90081
81 0.76917 0.91198
82 0.77986 0.91795
83 0.7954 0.92778
84 0.80611 0.9341
85 0.81686 0.94381
86 0.8324 0.9491
87 0.8432 0.95909
88 0.85874 0.96455
89 0.86964 0.9708
90 0.88522 0.97789
91 0.90081 0.98456
92 0.91198 0.99065
93 0.92778 0.99583
94 0.94381 0.99935
95 0.96456 1
