Adjusted LCO Confidence Intervals for
n = 44 and Mean Coverage = 0.9500
Minimum Coverage = 0.9346 

0 0 0.07624
1 0.00154 0.11161
2 0.00948 0.14584
3 0.02107 0.17973
4 0.03465 0.20344
5 0.04955 0.23706
6 0.0654 0.26036
7 0.07624 0.294
8 0.09495 0.31713
9 0.11161 0.34016
10 0.12742 0.36311
11 0.14584 0.386
12 0.16482 0.41989
13 0.17973 0.4428
14 0.20344 0.46569
15 0.21809 0.48856
16 0.23706 0.51143
17 0.26036 0.53431
18 0.28098 0.5572
19 0.294 0.5801
20 0.31713 0.59506
21 0.34016 0.614
22 0.36311 0.63689
23 0.386 0.65984
24 0.40494 0.68287
25 0.4199 0.706
26 0.4428 0.71902
27 0.46569 0.73964
28 0.48857 0.76294
29 0.51144 0.78191
30 0.53431 0.79656
31 0.5572 0.82027
32 0.58011 0.83518
33 0.614 0.85416
34 0.63689 0.87258
35 0.65984 0.88839
36 0.68287 0.90505
37 0.706 0.92376
38 0.73964 0.9346
39 0.76294 0.95045
40 0.79656 0.96535
41 0.82027 0.97893
42 0.85416 0.99052
43 0.88839 0.99846
44 0.92376 1
