Adjusted LCO Confidence Intervals for
n = 59 and Mean Coverage = 0.9000
Minimum Coverage = 0.8809 

0 0 0.04372
1 0.00215 0.07644
2 0.01006 0.1018
3 0.02037 0.11962
4 0.0319 0.14457
5 0.04372 0.16198
6 0.04857 0.18686
7 0.06778 0.20409
8 0.07644 0.22169
9 0.09375 0.24614
10 0.1018 0.26323
11 0.11962 0.28027
12 0.13109 0.29839
13 0.14457 0.32227
14 0.16198 0.33926
15 0.17321 0.35623
16 0.18686 0.37318
17 0.20409 0.39012
18 0.22112 0.40704
19 0.22837 0.42396
20 0.24614 0.44086
21 0.26323 0.45804
22 0.28027 0.4763
23 0.29684 0.49389
24 0.30634 0.51068
25 0.32227 0.52679
26 0.33926 0.54247
27 0.35623 0.55914
28 0.37318 0.57604
29 0.39012 0.59296
30 0.40704 0.60988
31 0.42396 0.62682
32 0.44086 0.64377
33 0.45753 0.66074
34 0.47321 0.67773
35 0.48932 0.69366
36 0.50611 0.70316
37 0.5237 0.71973
38 0.54196 0.73677
39 0.55914 0.75386
40 0.57604 0.77163
41 0.59296 0.77888
42 0.60988 0.79591
43 0.62682 0.81314
44 0.64377 0.82679
45 0.66074 0.83802
46 0.67773 0.85543
47 0.70161 0.86891
48 0.71973 0.88038
49 0.73677 0.8982
50 0.75386 0.90625
51 0.77831 0.92356
52 0.79591 0.93222
53 0.81314 0.95143
54 0.83802 0.95628
55 0.85543 0.9681
56 0.88038 0.97963
57 0.8982 0.98994
58 0.92356 0.99785
59 0.95628 1
