Adjusted LCO Confidence Intervals for
n = 85 and Mean Coverage = 0.99900
Minimum Coverage = 0.99867 

0 0 0.0808
1 2e-05 0.10563
2 0.00062 0.12951
3 0.00251 0.14809
4 0.00554 0.1664
5 0.00947 0.18454
6 0.01411 0.20259
7 0.01932 0.22058
8 0.02501 0.23323
9 0.0311 0.25112
10 0.03755 0.26361
11 0.0443 0.28147
12 0.05133 0.29385
13 0.05861 0.31172
14 0.06611 0.32404
15 0.07382 0.33631
16 0.0808 0.35234
17 0.08637 0.36645
18 0.09683 0.37866
19 0.10563 0.39086
20 0.10967 0.40303
21 0.12208 0.41652
22 0.12951 0.43319
23 0.1384 0.44535
24 0.14809 0.45751
25 0.15529 0.46965
26 0.1664 0.48179
27 0.17345 0.49393
28 0.18454 0.50607
29 0.19307 0.51821
30 0.20259 0.53035
31 0.2135 0.54249
32 0.22058 0.55465
33 0.23323 0.56681
34 0.24139 0.57602
35 0.25112 0.58569
36 0.26361 0.59697
37 0.27134 0.60914
38 0.28147 0.62134
39 0.29386 0.63355
40 0.30412 0.64676
41 0.31172 0.65266
42 0.32404 0.66369
43 0.33631 0.67596
44 0.34734 0.68828
45 0.35324 0.69588
46 0.36645 0.70614
47 0.37866 0.71853
48 0.39086 0.72866
49 0.40303 0.73639
50 0.41431 0.74888
51 0.42398 0.75861
52 0.43319 0.76677
53 0.44535 0.77942
54 0.45751 0.7865
55 0.46965 0.79741
56 0.48179 0.80693
57 0.49393 0.81546
58 0.50607 0.82655
59 0.51821 0.8336
60 0.53035 0.84471
61 0.54249 0.85191
62 0.55465 0.8616
63 0.56681 0.87049
64 0.58348 0.87792
65 0.59697 0.89033
66 0.60914 0.89437
67 0.62134 0.90317
68 0.63355 0.91363
69 0.64766 0.9192
70 0.66369 0.92618
71 0.67596 0.93389
72 0.68828 0.94139
73 0.70615 0.94867
74 0.71853 0.9557
75 0.73639 0.96245
76 0.74888 0.9689
77 0.76677 0.97499
78 0.77942 0.98068
79 0.79741 0.98589
80 0.81546 0.99053
81 0.8336 0.99446
82 0.85191 0.99749
83 0.87049 0.99938
84 0.89437 0.99998
85 0.9192 1
