Adjusted LCO Confidence Intervals for
n = 90 and Mean Coverage = 0.9500
Minimum Coverage = 0.9405 

0 0 0.03741
1 0.00068 0.0593
2 0.00438 0.07622
3 0.00984 0.0929
4 0.01625 0.10468
5 0.02329 0.12114
6 0.03077 0.13758
7 0.03741 0.14908
8 0.0431 0.16549
9 0.05368 0.17689
10 0.05931 0.1899
11 0.06953 0.20464
12 0.07622 0.21594
13 0.08663 0.23235
14 0.0929 0.24363
15 0.10468 0.25488
16 0.10842 0.26612
17 0.12114 0.28256
18 0.13071 0.29379
19 0.13758 0.30499
20 0.14908 0.31619
21 0.15826 0.32737
22 0.16549 0.33854
23 0.17689 0.35506
24 0.18801 0.36624
25 0.1908 0.3774
26 0.20464 0.38857
27 0.21594 0.39972
28 0.2268 0.41088
29 0.23236 0.42203
30 0.24363 0.43317
31 0.25488 0.44431
32 0.26612 0.45545
33 0.27631 0.46659
34 0.28256 0.47773
35 0.29379 0.48886
36 0.30499 0.5
37 0.31619 0.51114
38 0.32737 0.52227
39 0.33855 0.53341
40 0.34715 0.54455
41 0.35506 0.55569
42 0.36624 0.56683
43 0.37741 0.57797
44 0.38857 0.58912
45 0.39973 0.60027
46 0.41088 0.61143
47 0.42203 0.62259
48 0.43317 0.63376
49 0.44431 0.64494
50 0.45545 0.65285
51 0.46659 0.66145
52 0.47773 0.67263
53 0.48886 0.68381
54 0.5 0.69501
55 0.51114 0.70621
56 0.52227 0.71744
57 0.53341 0.72369
58 0.54455 0.73388
59 0.55569 0.74512
60 0.56683 0.75637
61 0.57797 0.76764
62 0.58912 0.7732
63 0.60028 0.78406
64 0.61143 0.79536
65 0.6226 0.8092
66 0.63376 0.81199
67 0.64494 0.82311
68 0.66146 0.83451
69 0.67263 0.84174
70 0.68381 0.85092
71 0.69501 0.86242
72 0.70621 0.86929
73 0.71744 0.87886
74 0.73388 0.89158
75 0.74512 0.89532
76 0.75637 0.9071
77 0.76765 0.91337
78 0.78406 0.92378
79 0.79536 0.93047
80 0.8101 0.94069
81 0.82311 0.94632
82 0.83451 0.9569
83 0.85092 0.96259
84 0.86242 0.96923
85 0.87886 0.97671
86 0.89532 0.98375
87 0.9071 0.99016
88 0.92378 0.99562
89 0.9407 0.99932
90 0.96259 1
