Adjusted LCO Confidence Intervals for
n = 38 and Mean Coverage = 0.9500
Minimum Coverage = 0.9330 

0 0 0.0882
1 0.00182 0.1291
2 0.01114 0.16871
3 0.02469 0.20797
4 0.04057 0.23536
5 0.05798 0.26341
6 0.07652 0.3013
7 0.0882 0.32807
8 0.11185 0.3547
9 0.1291 0.3851
10 0.15112 0.42045
11 0.16871 0.44699
12 0.19549 0.4735
13 0.20797 0.5
14 0.23536 0.52649
15 0.26205 0.55301
16 0.27548 0.57955
17 0.30131 0.60208
18 0.32807 0.62084
19 0.3547 0.6453
20 0.37916 0.67193
21 0.39792 0.69869
22 0.42045 0.72452
23 0.44699 0.73795
24 0.47351 0.76464
25 0.5 0.79203
26 0.5265 0.80451
27 0.55301 0.83129
28 0.57955 0.84888
29 0.6149 0.8709
30 0.6453 0.88815
31 0.67193 0.9118
32 0.6987 0.92348
33 0.73659 0.94202
34 0.76464 0.95943
35 0.79203 0.97531
36 0.83129 0.98886
37 0.8709 0.99818
38 0.9118 1
