Adjusted LCO Confidence Intervals for
n = 23 and Mean Coverage = 0.9900
Minimum Coverage = 0.9843 

0 0 0.18055
1 0.00069 0.25476
2 0.00836 0.31753
3 0.02325 0.38494
4 0.04301 0.43125
5 0.06628 0.47713
6 0.0923 0.52287
7 0.1206 0.56875
8 0.15088 0.61506
9 0.18055 0.64304
10 0.20474 0.68247
11 0.24882 0.73151
12 0.26849 0.75118
13 0.31753 0.79526
14 0.35696 0.81945
15 0.38494 0.84912
16 0.43125 0.8794
17 0.47713 0.9077
18 0.52287 0.93372
19 0.56875 0.95699
20 0.61506 0.97675
21 0.68247 0.99164
22 0.74524 0.99931
23 0.81945 1
