Adjusted LCO Confidence Intervals for
n = 82 and Mean Coverage = 0.9000
Minimum Coverage = 0.8815 

0 0 0.03154
1 0.00154 0.05512
2 0.00721 0.07341
3 0.01459 0.08628
4 0.02284 0.10426
5 0.03154 0.12221
6 0.03348 0.13475
7 0.04828 0.15267
8 0.05513 0.1651
9 0.06648 0.17748
10 0.07341 0.1954
11 0.08629 0.20774
12 0.08968 0.22004
13 0.10426 0.23232
14 0.11503 0.25028
15 0.12222 0.26254
16 0.13475 0.27479
17 0.14615 0.28702
18 0.15267 0.29967
19 0.1651 0.31727
20 0.17748 0.32949
21 0.18702 0.3417
22 0.1954 0.3539
23 0.20774 0.3661
24 0.22004 0.37829
25 0.23232 0.39047
26 0.23823 0.40265
27 0.25028 0.41483
28 0.26254 0.42974
29 0.27479 0.44518
30 0.28702 0.45736
31 0.29907 0.46954
32 0.30617 0.48173
33 0.31727 0.49391
34 0.32949 0.50609
35 0.3417 0.51827
36 0.3539 0.53045
37 0.3661 0.54264
38 0.37829 0.55482
39 0.39047 0.56523
40 0.40265 0.57471
41 0.41483 0.58517
42 0.42529 0.59735
43 0.43477 0.60953
44 0.44518 0.62171
45 0.45736 0.6339
46 0.46955 0.6461
47 0.48173 0.6583
48 0.49391 0.67051
49 0.50609 0.68273
50 0.51827 0.69383
51 0.53046 0.70093
52 0.54264 0.71298
53 0.55482 0.72521
54 0.57026 0.73746
55 0.58517 0.74972
56 0.59735 0.76177
57 0.60953 0.76768
58 0.62171 0.77996
59 0.6339 0.79226
60 0.6461 0.8046
61 0.6583 0.81298
62 0.67051 0.82252
63 0.68273 0.8349
64 0.70033 0.84733
65 0.71298 0.85385
66 0.72521 0.86525
67 0.73746 0.87778
68 0.74972 0.88497
69 0.76768 0.89574
70 0.77996 0.91032
71 0.79226 0.91371
72 0.8046 0.92659
73 0.82252 0.93352
74 0.8349 0.94487
75 0.84733 0.95172
76 0.86525 0.96652
77 0.87779 0.96846
78 0.89574 0.97716
79 0.91372 0.98541
80 0.92659 0.99279
81 0.94488 0.99846
82 0.96846 1
