Adjusted LCO Confidence Intervals for
n = 45 and Mean Coverage = 0.9000
Minimum Coverage = 0.8744 

0 0 0.05715
1 0.00298 0.09079
2 0.01364 0.1237
3 0.02742 0.15643
4 0.04279 0.17927
5 0.05715 0.21184
6 0.06826 0.23438
7 0.09079 0.26701
8 0.09785 0.28941
9 0.1237 0.31174
10 0.13813 0.334
11 0.15643 0.35622
12 0.17927 0.38299
13 0.19067 0.41128
14 0.21184 0.43348
15 0.23438 0.45566
16 0.25504 0.47783
17 0.26701 0.5
18 0.28942 0.52216
19 0.31174 0.54434
20 0.334 0.56652
21 0.35622 0.58872
22 0.37618 0.60915
23 0.39085 0.62382
24 0.41128 0.64378
25 0.43348 0.666
26 0.45566 0.68826
27 0.47784 0.71058
28 0.5 0.73299
29 0.52217 0.74496
30 0.54434 0.76562
31 0.56652 0.78816
32 0.58872 0.80933
33 0.61701 0.82073
34 0.64378 0.84357
35 0.666 0.86187
36 0.68826 0.8763
37 0.71059 0.90215
38 0.73299 0.90921
39 0.76562 0.93174
40 0.78816 0.94285
41 0.82073 0.95721
42 0.84357 0.97258
43 0.8763 0.98636
44 0.90921 0.99702
45 0.94285 1
