Adjusted LCO Confidence Intervals for
n = 58 and Mean Coverage = 0.9500
Minimum Coverage = 0.9374 

0 0 0.05793
1 0.00112 0.08482
2 0.007 0.11083
3 0.01564 0.13654
4 0.02579 0.16215
5 0.03691 0.18007
6 0.04874 0.20554
7 0.05793 0.22323
8 0.06982 0.24871
9 0.08482 0.26628
10 0.09144 0.28378
11 0.11083 0.30931
12 0.11802 0.32676
13 0.13654 0.34418
14 0.14913 0.36156
15 0.16215 0.37891
16 0.18007 0.39625
17 0.18916 0.4153
18 0.20554 0.43933
19 0.22323 0.45667
20 0.23644 0.47401
21 0.24871 0.49134
22 0.26628 0.50866
23 0.28378 0.52599
24 0.29932 0.54333
25 0.30931 0.56067
26 0.32676 0.57365
27 0.34418 0.58757
28 0.36156 0.60375
29 0.37891 0.62109
30 0.39625 0.63844
31 0.41243 0.65582
32 0.42635 0.67324
33 0.43933 0.69069
34 0.45667 0.70068
35 0.47401 0.71622
36 0.49134 0.73372
37 0.50866 0.75129
38 0.52599 0.76356
39 0.54333 0.77677
40 0.56067 0.79446
41 0.5847 0.81084
42 0.60375 0.81993
43 0.62109 0.83785
44 0.63844 0.85087
45 0.65582 0.86346
46 0.67324 0.88198
47 0.69069 0.88917
48 0.71622 0.90856
49 0.73372 0.91518
50 0.75129 0.93018
51 0.77677 0.94207
52 0.79446 0.95126
53 0.81993 0.96309
54 0.83785 0.97421
55 0.86346 0.98436
56 0.88917 0.993
57 0.91518 0.99888
58 0.94207 1
