Adjusted LCO Confidence Intervals for
n = 91 and Mean Coverage = 0.9500
Minimum Coverage = 0.9408 

0 0 0.037
1 0.00067 0.05866
2 0.00432 0.07538
3 0.00971 0.09188
4 0.01605 0.10353
5 0.023 0.11981
6 0.0304 0.13608
7 0.037 0.14745
8 0.04251 0.16367
9 0.05302 0.17495
10 0.05866 0.19117
11 0.06865 0.20239
12 0.07539 0.21358
13 0.08553 0.2298
14 0.09188 0.24096
15 0.10353 0.25209
16 0.10634 0.2632
17 0.11981 0.27946
18 0.12897 0.29056
19 0.13608 0.30164
20 0.14745 0.31272
21 0.15609 0.32378
22 0.16367 0.33684
23 0.17495 0.35116
24 0.18548 0.36221
25 0.19117 0.37326
26 0.20239 0.3843
27 0.21358 0.39533
28 0.22365 0.40636
29 0.22981 0.41739
30 0.24096 0.42841
31 0.25209 0.43943
32 0.2632 0.45044
33 0.27221 0.46146
34 0.27946 0.47323
35 0.29056 0.48485
36 0.30164 0.49616
37 0.31272 0.50712
38 0.32378 0.51777
39 0.33405 0.5282
40 0.34025 0.53854
41 0.35116 0.54956
42 0.36221 0.56057
43 0.37326 0.57159
44 0.3843 0.58261
45 0.39533 0.59364
46 0.40636 0.60467
47 0.41739 0.6157
48 0.42841 0.62674
49 0.43943 0.63779
50 0.45044 0.64884
51 0.46146 0.65975
52 0.4718 0.66595
53 0.48223 0.67622
54 0.49288 0.68728
55 0.50384 0.69836
56 0.51515 0.70944
57 0.52677 0.72054
58 0.53854 0.72779
59 0.54956 0.7368
60 0.56057 0.74791
61 0.57159 0.75904
62 0.58261 0.77019
63 0.59364 0.77635
64 0.60467 0.78642
65 0.6157 0.79761
66 0.62674 0.80883
67 0.63779 0.81452
68 0.64884 0.82505
69 0.66316 0.83633
70 0.67622 0.84391
71 0.68728 0.85255
72 0.69836 0.86392
73 0.70944 0.87103
74 0.72054 0.88019
75 0.7368 0.89366
76 0.74791 0.89647
77 0.75904 0.90812
78 0.7702 0.91447
79 0.78642 0.92461
80 0.79761 0.93135
81 0.80883 0.94134
82 0.82505 0.94698
83 0.83633 0.95749
84 0.85255 0.963
85 0.86392 0.9696
86 0.88019 0.977
87 0.89647 0.98395
88 0.90812 0.99029
89 0.92462 0.99568
90 0.94134 0.99933
91 0.963 1
