Adjusted LCO Confidence Intervals for
n = 36 and Mean Coverage = 0.9000
Minimum Coverage = 0.8719 

0 0 0.07123
1 0.0038 0.11315
2 0.01728 0.15419
3 0.03467 0.19505
4 0.05407 0.22348
5 0.07123 0.25293
6 0.08783 0.2923
7 0.11315 0.32022
8 0.12895 0.34803
9 0.15419 0.37575
10 0.17889 0.40809
11 0.19505 0.44457
12 0.22348 0.47229
13 0.25119 0.5
14 0.26448 0.52771
15 0.2923 0.55543
16 0.32022 0.57841
17 0.34803 0.59931
18 0.37576 0.62424
19 0.40069 0.65197
20 0.42159 0.67978
21 0.44457 0.7077
22 0.47229 0.73552
23 0.5 0.74881
24 0.52771 0.77652
25 0.55543 0.80495
26 0.59191 0.82111
27 0.62425 0.84581
28 0.65197 0.87105
29 0.67978 0.88685
30 0.7077 0.91217
31 0.74707 0.92877
32 0.77652 0.94593
33 0.80495 0.96533
34 0.84581 0.98272
35 0.88685 0.9962
36 0.92877 1
