Adjusted LCO Confidence Intervals for
n = 40 and Mean Coverage = 0.9000
Minimum Coverage = 0.8747 

0 0 0.0642
1 0.00334 0.10198
2 0.01533 0.13897
3 0.03085 0.17575
4 0.04818 0.20139
5 0.0642 0.23805
6 0.07733 0.26336
7 0.10199 0.28852
8 0.11228 0.32528
9 0.13897 0.35037
10 0.15749 0.37539
11 0.17576 0.40037
12 0.2014 0.4253
13 0.22005 0.45022
14 0.23805 0.47511
15 0.26336 0.5
16 0.28852 0.52489
17 0.31032 0.54978
18 0.32528 0.57469
19 0.35037 0.59963
20 0.37539 0.6246
21 0.40037 0.64963
22 0.42531 0.67472
23 0.45022 0.68968
24 0.47511 0.71148
25 0.5 0.73664
26 0.52489 0.76195
27 0.54978 0.77995
28 0.5747 0.7986
29 0.59963 0.82424
30 0.62461 0.84251
31 0.64963 0.86103
32 0.67472 0.88772
33 0.71148 0.89801
34 0.73664 0.92267
35 0.76195 0.9358
36 0.79861 0.95182
37 0.82425 0.96915
38 0.86103 0.98467
39 0.89802 0.99666
40 0.9358 1
