Adjusted LCO Confidence Intervals for
n = 23 and Mean Coverage = 0.9000
Minimum Coverage = 0.8627 

0 0 0.11059
1 0.0064 0.17571
2 0.02831 0.22396
3 0.05637 0.28406
4 0.08765 0.32776
5 0.11059 0.37168
6 0.14752 0.43502
7 0.17571 0.47835
8 0.21993 0.52165
9 0.2371 0.56498
10 0.28406 0.59632
11 0.32776 0.62929
12 0.37071 0.67224
13 0.40368 0.71594
14 0.43502 0.7629
15 0.47835 0.78007
16 0.52165 0.82429
17 0.56498 0.85248
18 0.62832 0.88941
19 0.67224 0.91235
20 0.71594 0.94363
21 0.77604 0.97169
22 0.82429 0.9936
23 0.88941 1
