Adjusted LCO Confidence Intervals for
n = 82 and Mean Coverage = 0.99900
Minimum Coverage = 0.99869 

0 0 0.08379
1 2e-05 0.10954
2 0.00064 0.13431
3 0.00259 0.15358
4 0.00572 0.17257
5 0.00979 0.19139
6 0.0146 0.21012
7 0.02 0.22878
8 0.0259 0.2419
9 0.03222 0.26047
10 0.03891 0.27342
11 0.04592 0.29196
12 0.05322 0.30481
13 0.06077 0.3176
14 0.06856 0.33614
15 0.07657 0.34888
16 0.08379 0.36158
17 0.08969 0.37555
18 0.10051 0.39285
19 0.10954 0.40551
20 0.11419 0.41814
21 0.1268 0.43076
22 0.13431 0.44337
23 0.14392 0.45596
24 0.15359 0.46855
25 0.16172 0.48113
26 0.17257 0.49371
27 0.18081 0.50629
28 0.19139 0.51887
29 0.20123 0.53145
30 0.21012 0.54404
31 0.22242 0.55663
32 0.22878 0.56924
33 0.2419 0.58186
34 0.2522 0.59449
35 0.26047 0.60715
36 0.27342 0.61761
37 0.28402 0.62646
38 0.29196 0.63842
39 0.30481 0.65112
40 0.3176 0.66386
41 0.3263 0.6737
42 0.33614 0.6824
43 0.34888 0.69519
44 0.36158 0.70804
45 0.37354 0.71598
46 0.38239 0.72658
47 0.39285 0.73953
48 0.40551 0.7478
49 0.41814 0.7581
50 0.43076 0.77122
51 0.44337 0.77758
52 0.45596 0.78988
53 0.46855 0.79877
54 0.48113 0.80861
55 0.49371 0.81919
56 0.50629 0.82743
57 0.51887 0.83828
58 0.53145 0.84641
59 0.54404 0.85608
60 0.55663 0.86569
61 0.56924 0.8732
62 0.58186 0.88581
63 0.59449 0.89046
64 0.60715 0.89949
65 0.62445 0.91031
66 0.63842 0.91621
67 0.65112 0.92343
68 0.66386 0.93144
69 0.6824 0.93923
70 0.69519 0.94678
71 0.70804 0.95408
72 0.72658 0.96109
73 0.73953 0.96778
74 0.7581 0.9741
75 0.77122 0.98
76 0.78988 0.9854
77 0.80861 0.99021
78 0.82743 0.99428
79 0.84642 0.99741
80 0.86569 0.99936
81 0.89046 0.99998
82 0.91621 1
