Adjusted LCO Confidence Intervals for
n = 87 and Mean Coverage = 0.99900
Minimum Coverage = 0.99870 

0 0 0.07892
1 2e-05 0.10783
2 6e-04 0.1265
3 0.00243 0.14465
4 0.00538 0.16252
5 0.0092 0.18024
6 0.01372 0.19786
7 0.01879 0.21543
8 0.02433 0.2285
9 0.03027 0.24525
10 0.03655 0.26272
11 0.04313 0.27488
12 0.04997 0.28736
13 0.05706 0.30441
14 0.06437 0.31645
15 0.07187 0.33035
16 0.07892 0.34589
17 0.08368 0.35784
18 0.09419 0.36977
19 0.10309 0.38251
20 0.10783 0.3992
21 0.11872 0.4111
22 0.1265 0.42298
23 0.13437 0.43485
24 0.14465 0.44671
25 0.15033 0.45856
26 0.16252 0.4704
27 0.16762 0.48224
28 0.18024 0.49408
29 0.18697 0.50592
30 0.19786 0.51776
31 0.20716 0.5296
32 0.21543 0.54144
33 0.2276 0.55329
34 0.23244 0.56515
35 0.24525 0.57702
36 0.25639 0.5889
37 0.26272 0.6008
38 0.27488 0.61009
39 0.28684 0.61881
40 0.29339 0.63023
41 0.30441 0.64216
42 0.31645 0.65411
43 0.3277 0.6657
44 0.3343 0.6723
45 0.34589 0.68355
46 0.35784 0.69559
47 0.36977 0.70661
48 0.38119 0.71316
49 0.38991 0.72512
50 0.3992 0.73728
51 0.4111 0.74361
52 0.42298 0.75475
53 0.43485 0.76756
54 0.44671 0.7724
55 0.45856 0.78457
56 0.4704 0.79284
57 0.48224 0.80214
58 0.49408 0.81303
59 0.50592 0.81976
60 0.51776 0.83238
61 0.5296 0.83748
62 0.54144 0.84967
63 0.55329 0.85535
64 0.56515 0.86563
65 0.57702 0.8735
66 0.5889 0.88128
67 0.6008 0.89217
68 0.61749 0.89691
69 0.63023 0.90581
70 0.64216 0.91632
71 0.65411 0.92108
72 0.66965 0.92813
73 0.68355 0.93563
74 0.69559 0.94294
75 0.71264 0.95003
76 0.72512 0.95687
77 0.73728 0.96345
78 0.75475 0.96973
79 0.7715 0.97567
80 0.78457 0.98121
81 0.80214 0.98628
82 0.81976 0.9908
83 0.83748 0.99462
84 0.85535 0.99757
85 0.8735 0.9994
86 0.89217 0.99998
87 0.92108 1
