Adjusted LCO Confidence Intervals for
n = 50 and Mean Coverage = 0.99900
Minimum Coverage = 0.99855 

0 0 0.13054
1 3e-05 0.17287
2 0.00111 0.20525
3 0.00442 0.23682
4 0.00973 0.26811
5 0.01663 0.29928
6 0.02478 0.321
7 0.03397 0.35205
8 0.04403 0.37346
9 0.05484 0.39474
10 0.0663 0.41835
11 0.07836 0.44714
12 0.09094 0.4683
13 0.10402 0.48944
14 0.11755 0.51056
15 0.13054 0.5317
16 0.13969 0.55286
17 0.15873 0.56888
18 0.17287 0.5857
19 0.18578 0.60526
20 0.2052 0.62654
21 0.21372 0.64795
22 0.23682 0.6623
23 0.24761 0.679
24 0.26812 0.70072
25 0.28492 0.71508
26 0.29928 0.73188
27 0.321 0.75239
28 0.3377 0.76318
29 0.35205 0.78628
30 0.37346 0.7948
31 0.39474 0.81422
32 0.4143 0.82713
33 0.43112 0.84127
34 0.44714 0.86031
35 0.4683 0.86946
36 0.48944 0.88245
37 0.51056 0.89598
38 0.5317 0.90906
39 0.55286 0.92164
40 0.58165 0.9337
41 0.60526 0.94516
42 0.62654 0.95597
43 0.64795 0.96603
44 0.679 0.97522
45 0.70072 0.98337
46 0.73189 0.99027
47 0.76318 0.99558
48 0.79475 0.99889
49 0.82713 0.99997
50 0.86946 1
