Adjusted LCO Confidence Intervals for
n = 37 and Mean Coverage = 0.9900
Minimum Coverage = 0.9863 

0 0 0.12272
1 0.00037 0.17772
2 0.0048 0.21993
3 0.01355 0.24944
4 0.02519 0.29056
5 0.03887 0.31911
6 0.0541 0.36017
7 0.07058 0.38836
8 0.08809 0.4164
9 0.1065 0.44432
10 0.12273 0.47218
11 0.13897 0.50077
12 0.16401 0.52782
13 0.17772 0.55568
14 0.20501 0.5836
15 0.21993 0.61164
16 0.24944 0.63983
17 0.26476 0.66256
18 0.29056 0.68089
19 0.31911 0.70944
20 0.33744 0.73524
21 0.36017 0.75056
22 0.38836 0.78007
23 0.4164 0.79499
24 0.44432 0.82228
25 0.47218 0.83599
26 0.49923 0.86103
27 0.52782 0.87727
28 0.55568 0.8935
29 0.5836 0.91191
30 0.61164 0.92942
31 0.63983 0.9459
32 0.68089 0.96113
33 0.70944 0.97481
34 0.75056 0.98645
35 0.78007 0.9952
36 0.82228 0.99963
37 0.87728 1
