Adjusted LCO Confidence Intervals for
n = 71 and Mean Coverage = 0.9900
Minimum Coverage = 0.9873 

0 0 0.06931
1 0.00018 0.09802
2 0.00239 0.12007
3 0.00679 0.14168
4 0.01264 0.16306
5 0.0195 0.18434
6 0.02712 0.1993
7 0.03532 0.22043
8 0.044 0.23517
9 0.05309 0.25625
10 0.06253 0.27086
11 0.06931 0.28541
12 0.07959 0.30649
13 0.09146 0.32098
14 0.09802 0.33542
15 0.11107 0.35166
16 0.12007 0.37098
17 0.13173 0.38538
18 0.14168 0.39975
19 0.15392 0.4141
20 0.16306 0.42844
21 0.17749 0.44276
22 0.18434 0.45708
23 0.1993 0.47139
24 0.21084 0.48601
25 0.22043 0.50053
26 0.23517 0.5146
27 0.24685 0.52861
28 0.25625 0.54292
29 0.27087 0.55723
30 0.28541 0.57156
31 0.29449 0.5859
32 0.30649 0.60025
33 0.32098 0.61462
34 0.33542 0.62902
35 0.34898 0.64192
36 0.35808 0.65102
37 0.37098 0.66458
38 0.38538 0.67902
39 0.39975 0.69351
40 0.4141 0.70551
41 0.42844 0.71459
42 0.44277 0.72913
43 0.45708 0.74375
44 0.47139 0.75315
45 0.4854 0.76483
46 0.49947 0.77957
47 0.51399 0.78916
48 0.52861 0.8007
49 0.54292 0.81566
50 0.55724 0.82251
51 0.57156 0.83694
52 0.5859 0.84608
53 0.60025 0.85832
54 0.61462 0.86827
55 0.62902 0.87993
56 0.64834 0.88893
57 0.66458 0.90198
58 0.67902 0.90854
59 0.69351 0.92041
60 0.71459 0.93069
61 0.72914 0.93747
62 0.74375 0.94691
63 0.76483 0.956
64 0.77957 0.96468
65 0.8007 0.97288
66 0.81566 0.9805
67 0.83694 0.98736
68 0.85832 0.99321
69 0.87993 0.99761
70 0.90198 0.99982
71 0.93069 1
