Adjusted LCO Confidence Intervals for
n = 98 and Mean Coverage = 0.9500
Minimum Coverage = 0.9405 

0 0 0.03436
1 0.00063 0.05448
2 0.00402 0.07002
3 0.00903 0.08534
4 0.01492 0.10055
5 0.02137 0.11128
6 0.02823 0.12638
7 0.03436 0.13695
8 0.03944 0.15201
9 0.0492 0.16249
10 0.05448 0.17754
11 0.06365 0.18797
12 0.07002 0.19836
13 0.07923 0.21342
14 0.08534 0.22378
15 0.09594 0.23412
16 0.10055 0.2492
17 0.11128 0.25952
18 0.11913 0.26983
19 0.12638 0.28013
20 0.13695 0.29041
21 0.14381 0.30553
22 0.15201 0.31581
23 0.16249 0.32608
24 0.17088 0.33635
25 0.17754 0.3466
26 0.18797 0.35686
27 0.19836 0.36864
28 0.20517 0.3823
29 0.21342 0.39254
30 0.22378 0.40279
31 0.23412 0.41303
32 0.24314 0.42327
33 0.2492 0.43351
34 0.25952 0.44374
35 0.26983 0.45397
36 0.28013 0.4642
37 0.29041 0.47443
38 0.29701 0.48466
39 0.30553 0.49489
40 0.31581 0.50511
41 0.32609 0.51534
42 0.33635 0.52557
43 0.34661 0.5358
44 0.35686 0.54603
45 0.36635 0.55626
46 0.37313 0.56649
47 0.3823 0.57673
48 0.39255 0.58697
49 0.40279 0.59721
50 0.41303 0.60745
51 0.42327 0.6177
52 0.43351 0.62687
53 0.44374 0.63365
54 0.45397 0.64314
55 0.4642 0.65339
56 0.47443 0.66365
57 0.48466 0.67391
58 0.49489 0.68419
59 0.50511 0.69447
60 0.51534 0.70299
61 0.52557 0.70959
62 0.5358 0.71987
63 0.54603 0.73017
64 0.55626 0.74048
65 0.56649 0.7508
66 0.57673 0.75686
67 0.58697 0.76588
68 0.59721 0.77622
69 0.60746 0.78658
70 0.6177 0.79483
71 0.63136 0.80164
72 0.64314 0.81203
73 0.6534 0.82246
74 0.66365 0.82912
75 0.67392 0.83751
76 0.68419 0.84799
77 0.69447 0.85619
78 0.70959 0.86305
79 0.71987 0.87362
80 0.73017 0.88087
81 0.74048 0.88872
82 0.7508 0.89945
83 0.76588 0.90406
84 0.77622 0.91466
85 0.78658 0.92077
86 0.80164 0.92998
87 0.81203 0.93635
88 0.82246 0.94552
89 0.83751 0.9508
90 0.84799 0.96056
91 0.86305 0.96564
92 0.87362 0.97177
93 0.88872 0.97863
94 0.89945 0.98508
95 0.91466 0.99097
96 0.92998 0.99598
97 0.94552 0.99937
98 0.96564 1
