Adjusted LCO Confidence Intervals for
n = 37 and Mean Coverage = 0.99900
Minimum Coverage = 0.99849 

0 0 0.17789
1 4e-05 0.22401
2 0.00153 0.26786
3 0.0061 0.31097
4 0.01343 0.35393
5 0.02296 0.38364
6 0.03426 0.41299
7 0.04704 0.44305
8 0.06106 0.47558
9 0.07619 0.50545
10 0.09229 0.53273
11 0.10929 0.55862
12 0.1271 0.58701
13 0.14567 0.61636
14 0.16497 0.64607
15 0.1779 0.66208
16 0.20255 0.68903
17 0.22401 0.71315
18 0.24161 0.73214
19 0.26786 0.75839
20 0.28685 0.77599
21 0.31097 0.79745
22 0.33792 0.8221
23 0.35393 0.83503
24 0.38364 0.85433
25 0.41299 0.8729
26 0.44138 0.89071
27 0.46727 0.90771
28 0.49455 0.92381
29 0.52442 0.93894
30 0.55695 0.95296
31 0.58701 0.96574
32 0.61636 0.97704
33 0.64607 0.98657
34 0.68903 0.9939
35 0.73214 0.99847
36 0.77599 0.99996
37 0.82211 1
