Adjusted LCO Confidence Intervals for
n = 90 and Mean Coverage = 0.9000
Minimum Coverage = 0.8841 

0 0 0.03309
1 0.00137 0.05025
2 0.00648 0.06692
3 0.01316 0.08343
4 0.02063 0.09504
5 0.02859 0.11141
6 0.03309 0.12284
7 0.04354 0.13917
8 0.05025 0.1505
9 0.05988 0.16684
10 0.06692 0.17812
11 0.07793 0.18936
12 0.08343 0.20058
13 0.09504 0.21693
14 0.10314 0.22813
15 0.11141 0.23931
16 0.12284 0.25048
17 0.1308 0.26687
18 0.13917 0.27803
19 0.1505 0.28918
20 0.16127 0.30032
21 0.16684 0.31145
22 0.17812 0.32273
23 0.18936 0.33902
24 0.20058 0.35015
25 0.20525 0.36127
26 0.21693 0.37238
27 0.22813 0.3835
28 0.23932 0.3946
29 0.25048 0.4057
30 0.25706 0.4168
31 0.26687 0.4279
32 0.27803 0.439
33 0.28918 0.45009
34 0.30032 0.46118
35 0.31145 0.47227
36 0.32249 0.48336
37 0.32963 0.49446
38 0.33903 0.50554
39 0.35015 0.51663
40 0.36127 0.52772
41 0.37239 0.53882
42 0.3835 0.54991
43 0.3946 0.561
44 0.40571 0.5721
45 0.41681 0.58319
46 0.4279 0.59429
47 0.439 0.6054
48 0.45009 0.6165
49 0.46118 0.62761
50 0.47228 0.63873
51 0.48337 0.64985
52 0.49446 0.66097
53 0.50554 0.67037
54 0.51664 0.67751
55 0.52773 0.68855
56 0.53882 0.69968
57 0.54991 0.71082
58 0.561 0.72197
59 0.5721 0.73313
60 0.5832 0.74294
61 0.5943 0.74952
62 0.6054 0.76068
63 0.6165 0.77187
64 0.62762 0.78307
65 0.63873 0.79475
66 0.64985 0.79942
67 0.66098 0.81064
68 0.67727 0.82188
69 0.68855 0.83316
70 0.69968 0.83873
71 0.71082 0.8495
72 0.72197 0.86083
73 0.73313 0.8692
74 0.74952 0.87716
75 0.76069 0.88859
76 0.77187 0.89686
77 0.78307 0.90496
78 0.79942 0.91657
79 0.81064 0.92207
80 0.82188 0.93308
81 0.83316 0.94012
82 0.8495 0.94975
83 0.86083 0.95646
84 0.87716 0.96691
85 0.88859 0.97141
86 0.90496 0.97937
87 0.91657 0.98684
88 0.93308 0.99352
89 0.94975 0.99863
90 0.96691 1
