Adjusted LCO Confidence Intervals for
n = 61 and Mean Coverage = 0.9900
Minimum Coverage = 0.9867 

0 0 0.08072
1 0.00022 0.10747
2 0.00285 0.13985
3 0.00806 0.16502
4 0.01496 0.1828
5 0.02305 0.20752
6 0.03201 0.23219
7 0.04168 0.24941
8 0.05191 0.27402
9 0.06262 0.29106
10 0.07375 0.30801
11 0.08072 0.33263
12 0.09456 0.34951
13 0.10747 0.36634
14 0.11416 0.38312
15 0.13189 0.39988
16 0.13985 0.42022
17 0.15699 0.44143
18 0.16503 0.45818
19 0.1828 0.47491
20 0.19161 0.49164
21 0.20752 0.50836
22 0.22262 0.52509
23 0.23219 0.54182
24 0.24941 0.55857
25 0.26471 0.57294
26 0.27402 0.58554
27 0.29106 0.60012
28 0.30801 0.61687
29 0.32232 0.63366
30 0.33264 0.65049
31 0.34951 0.66736
32 0.36634 0.67768
33 0.38313 0.69199
34 0.39988 0.70894
35 0.41446 0.72598
36 0.42706 0.73529
37 0.44143 0.75059
38 0.45818 0.76781
39 0.47491 0.77738
40 0.49164 0.79248
41 0.50836 0.80839
42 0.52509 0.8172
43 0.54182 0.83497
44 0.55857 0.84301
45 0.57978 0.86015
46 0.60012 0.86811
47 0.61688 0.88584
48 0.63366 0.89253
49 0.65049 0.90544
50 0.66737 0.91928
51 0.69199 0.92625
52 0.70894 0.93738
53 0.72598 0.94809
54 0.75059 0.95832
55 0.76781 0.96799
56 0.79248 0.97695
57 0.8172 0.98504
58 0.83498 0.99194
59 0.86015 0.99715
60 0.89253 0.99978
61 0.91928 1
