Adjusted LCO Confidence Intervals for
n = 51 and Mean Coverage = 0.9900
Minimum Coverage = 0.9866 

0 0 0.0889
1 0.00026 0.12863
2 0.00343 0.15914
3 0.00969 0.18913
4 0.01801 0.21888
5 0.02775 0.24855
6 0.03858 0.26925
7 0.05025 0.29129
8 0.06262 0.31925
9 0.0756 0.33957
10 0.0889 0.35979
11 0.0938 0.38943
12 0.11491 0.40961
13 0.12863 0.42974
14 0.14118 0.44984
15 0.15914 0.46991
16 0.16998 0.48997
17 0.18913 0.51003
18 0.20311 0.53009
19 0.21888 0.55016
20 0.23842 0.57026
21 0.24855 0.59039
22 0.26925 0.61057
23 0.28919 0.62441
24 0.29989 0.6402
25 0.31926 0.66043
26 0.33957 0.68074
27 0.3598 0.70011
28 0.37559 0.71081
29 0.38943 0.73075
30 0.40961 0.75145
31 0.42974 0.76158
32 0.44984 0.78112
33 0.46991 0.79689
34 0.48997 0.81087
35 0.51003 0.83002
36 0.53009 0.84086
37 0.55016 0.85882
38 0.57026 0.87137
39 0.59039 0.88509
40 0.61057 0.9062
41 0.64021 0.9111
42 0.66043 0.9244
43 0.68075 0.93738
44 0.70871 0.94975
45 0.73075 0.96142
46 0.75145 0.97225
47 0.78112 0.98199
48 0.81087 0.99031
49 0.84086 0.99657
50 0.87137 0.99974
51 0.9111 1
