Adjusted LCO Confidence Intervals for
n = 27 and Mean Coverage = 0.99900
Minimum Coverage = 0.99835 

0 0 0.2313
1 6e-05 0.29473
2 0.00221 0.35578
3 0.00872 0.39783
4 0.01914 0.44157
5 0.03271 0.48713
6 0.04887 0.52685
7 0.0672 0.56296
8 0.08742 0.60217
9 0.10934 0.64422
10 0.13282 0.66976
11 0.15774 0.70527
12 0.18404 0.73273
13 0.21167 0.7687
14 0.2313 0.78833
15 0.26727 0.81596
16 0.29473 0.84226
17 0.33024 0.86718
18 0.35578 0.89066
19 0.39783 0.91258
20 0.43704 0.9328
21 0.47315 0.95113
22 0.51287 0.96729
23 0.55843 0.98086
24 0.60217 0.99128
25 0.64422 0.99779
26 0.70527 0.99994
27 0.7687 1
