Adjusted LCO Confidence Intervals for
n = 45 and Mean Coverage = 0.9900
Minimum Coverage = 0.9861 

0 0 0.1008
1 0.00031 0.14588
2 0.00397 0.1805
3 0.01116 0.21454
4 0.02069 0.24836
5 0.03186 0.27198
6 0.04426 0.30046
7 0.05765 0.32883
8 0.07185 0.35191
9 0.08673 0.37487
10 0.1008 0.40858
11 0.11118 0.43149
12 0.13252 0.45435
13 0.14588 0.47718
14 0.16426 0.5
15 0.1805 0.52282
16 0.19913 0.54565
17 0.21454 0.56851
18 0.23727 0.59142
19 0.24836 0.60769
20 0.27198 0.62513
21 0.29391 0.64809
22 0.30371 0.67117
23 0.32883 0.69629
24 0.35191 0.70609
25 0.37487 0.72802
26 0.39231 0.75164
27 0.40858 0.76273
28 0.43149 0.78546
29 0.45435 0.80087
30 0.47718 0.8195
31 0.5 0.83574
32 0.52282 0.85412
33 0.54565 0.86748
34 0.56851 0.88882
35 0.59142 0.8992
36 0.62513 0.91327
37 0.64809 0.92815
38 0.67117 0.94235
39 0.69954 0.95574
40 0.72802 0.96814
41 0.75164 0.97931
42 0.78546 0.98884
43 0.8195 0.99603
44 0.85412 0.99969
45 0.8992 1
