Adjusted LCO Confidence Intervals for
n = 30 and Mean Coverage = 0.9900
Minimum Coverage = 0.9849 

0 0 0.15164
1 0.00051 0.20551
2 0.00624 0.25731
3 0.01741 0.30861
4 0.0322 0.34416
5 0.04956 0.3792
6 0.06889 0.42468
7 0.08982 0.46524
8 0.11211 0.5
9 0.13558 0.53476
10 0.15164 0.56761
11 0.1811 0.59161
12 0.20551 0.6208
13 0.23137 0.65584
14 0.25731 0.69139
15 0.28952 0.71048
16 0.30861 0.74269
17 0.34416 0.76863
18 0.3792 0.79449
19 0.40839 0.8189
20 0.43239 0.84836
21 0.46524 0.86442
22 0.5 0.88789
23 0.53476 0.91018
24 0.57532 0.93111
25 0.6208 0.95044
26 0.65584 0.9678
27 0.69139 0.98259
28 0.74269 0.99376
29 0.79449 0.99949
30 0.84836 1
