Adjusted LCO Confidence Intervals for
n = 51 and Mean Coverage = 0.99900
Minimum Coverage = 0.99856 

0 0 0.12793
1 3e-05 0.1694
2 0.00108 0.20959
3 0.00433 0.23387
4 0.00953 0.26271
5 0.01629 0.29323
6 0.02427 0.31452
7 0.03327 0.3449
8 0.04311 0.36587
9 0.05369 0.3876
10 0.06491 0.4172
11 0.0767 0.43796
12 0.08901 0.45867
13 0.1018 0.47934
14 0.11502 0.5
15 0.12793 0.52066
16 0.13622 0.54133
17 0.15519 0.56204
18 0.1694 0.5828
19 0.18122 0.59815
20 0.20054 0.61384
21 0.20959 0.63413
22 0.23161 0.6551
23 0.23976 0.67196
24 0.26271 0.68548
25 0.27749 0.70677
26 0.29323 0.72251
27 0.31452 0.73729
28 0.32804 0.76024
29 0.3449 0.76839
30 0.36587 0.79041
31 0.38616 0.79946
32 0.40185 0.81878
33 0.4172 0.8306
34 0.43796 0.84481
35 0.45867 0.86378
36 0.47934 0.87207
37 0.5 0.88498
38 0.52066 0.8982
39 0.54133 0.91099
40 0.56204 0.9233
41 0.5828 0.93509
42 0.6124 0.94631
43 0.63413 0.95689
44 0.6551 0.96673
45 0.68548 0.97573
46 0.70677 0.98371
47 0.73729 0.99047
48 0.76613 0.99567
49 0.79041 0.99892
50 0.8306 0.99997
51 0.87207 1
