Adjusted LCO Confidence Intervals for
n = 47 and Mean Coverage = 0.9900
Minimum Coverage = 0.9868 

0 0 0.0965
1 0.00028 0.13964
2 0.00369 0.17277
3 0.01047 0.20534
4 0.01948 0.23768
5 0.03007 0.2603
6 0.04183 0.29242
7 0.05453 0.31466
8 0.06801 0.34121
9 0.08215 0.3689
10 0.0965 0.39087
11 0.10295 0.41278
12 0.12524 0.43463
13 0.13964 0.45644
14 0.15453 0.47822
15 0.17277 0.50041
16 0.18696 0.52177
17 0.20534 0.54356
18 0.22337 0.56537
19 0.23768 0.58722
20 0.2603 0.60912
21 0.27524 0.6311
22 0.29242 0.65289
23 0.31466 0.66492
24 0.33508 0.68534
25 0.34711 0.70758
26 0.3689 0.72476
27 0.39088 0.7397
28 0.41278 0.76232
29 0.43463 0.77663
30 0.45644 0.79466
31 0.47823 0.81304
32 0.49959 0.82723
33 0.52178 0.84547
34 0.54356 0.86036
35 0.56537 0.87476
36 0.58722 0.89705
37 0.60913 0.9035
38 0.6311 0.91785
39 0.65879 0.93199
40 0.68534 0.94547
41 0.70758 0.95817
42 0.7397 0.96993
43 0.76232 0.98052
44 0.79466 0.98953
45 0.82723 0.99631
46 0.86036 0.99972
47 0.9035 1
