Adjusted LCO Confidence Intervals for
n = 68 and Mean Coverage = 0.9000
Minimum Coverage = 0.8816 

0 0 0.03798
1 0.00185 0.06639
2 0.00869 0.08842
3 0.01761 0.10391
4 0.02757 0.12557
5 0.03798 0.14239
6 0.04117 0.16229
7 0.05845 0.17727
8 0.06639 0.19887
9 0.08069 0.21376
10 0.08842 0.22861
11 0.10391 0.25025
12 0.1114 0.26506
13 0.12557 0.27984
14 0.14053 0.2946
15 0.14317 0.30934
16 0.16229 0.33106
17 0.17727 0.3458
18 0.1873 0.36052
19 0.19887 0.37523
20 0.21377 0.38993
21 0.22861 0.40462
22 0.24048 0.4193
23 0.25025 0.43398
24 0.26506 0.44866
25 0.27984 0.46333
26 0.2946 0.478
27 0.30934 0.49267
28 0.31994 0.50733
29 0.33106 0.522
30 0.3458 0.53667
31 0.36052 0.55134
32 0.37523 0.56601
33 0.38993 0.58069
34 0.40462 0.59538
35 0.41931 0.61007
36 0.43399 0.62477
37 0.44866 0.63948
38 0.46333 0.6542
39 0.478 0.66894
40 0.49267 0.68006
41 0.50733 0.69066
42 0.522 0.7054
43 0.53667 0.72016
44 0.55134 0.73494
45 0.56602 0.74975
46 0.5807 0.75952
47 0.59538 0.77139
48 0.61007 0.78623
49 0.62477 0.80113
50 0.63948 0.8127
51 0.6542 0.82273
52 0.66894 0.83771
53 0.69066 0.85683
54 0.7054 0.85947
55 0.72016 0.87443
56 0.73494 0.8886
57 0.74975 0.89609
58 0.77139 0.91158
59 0.78624 0.91931
60 0.80113 0.93361
61 0.82273 0.94155
62 0.83771 0.95883
63 0.85761 0.96202
64 0.87443 0.97243
65 0.89609 0.98239
66 0.91158 0.99131
67 0.93361 0.99815
68 0.96202 1
