Adjusted LCO Confidence Intervals for
n = 27 and Mean Coverage = 0.9900
Minimum Coverage = 0.9843 

0 0 0.15859
1 0.00059 0.22865
2 0.00709 0.28643
3 0.01969 0.32648
4 0.03634 0.37791
5 0.0559 0.42252
6 0.07769 0.46133
7 0.10131 0.5
8 0.1265 0.53867
9 0.15306 0.57747
10 0.16049 0.61785
11 0.20606 0.63876
12 0.22865 0.67352
13 0.26531 0.71357
14 0.28643 0.73469
15 0.32648 0.77135
16 0.36124 0.79394
17 0.38215 0.83951
18 0.42253 0.84694
19 0.46133 0.8735
20 0.5 0.89869
21 0.53867 0.92231
22 0.57748 0.9441
23 0.62209 0.96366
24 0.67352 0.98031
25 0.71357 0.99291
26 0.77135 0.99941
27 0.84141 1
