Adjusted LCO Confidence Intervals for
n = 50 and Mean Coverage = 0.9900
Minimum Coverage = 0.9866 

0 0 0.09069
1 0.00027 0.13122
2 0.0035 0.16234
3 0.00989 0.19293
4 0.01838 0.22329
5 0.02832 0.24652
6 0.03937 0.27469
7 0.05129 0.29559
8 0.06393 0.32572
9 0.07718 0.34645
10 0.09069 0.36708
11 0.09623 0.39009
12 0.11741 0.41795
13 0.13122 0.4385
14 0.14444 0.45902
15 0.16234 0.47951
16 0.17417 0.5
17 0.19293 0.52049
18 0.20804 0.54098
19 0.2233 0.5615
20 0.24404 0.58205
21 0.25266 0.59876
22 0.27469 0.61375
23 0.29559 0.63292
24 0.3092 0.65355
25 0.32572 0.67428
26 0.34645 0.6908
27 0.36708 0.70441
28 0.38625 0.72531
29 0.40124 0.74734
30 0.41795 0.75596
31 0.4385 0.7767
32 0.45902 0.79196
33 0.47951 0.80707
34 0.5 0.82583
35 0.52049 0.83766
36 0.54098 0.85556
37 0.5615 0.86878
38 0.58205 0.88259
39 0.60991 0.90377
40 0.63292 0.90931
41 0.65355 0.92282
42 0.67428 0.93607
43 0.70441 0.94871
44 0.72531 0.96063
45 0.75348 0.97168
46 0.77671 0.98162
47 0.80707 0.99011
48 0.83766 0.9965
49 0.86878 0.99973
50 0.90931 1
