Adjusted LCO Confidence Intervals for
n = 96 and Mean Coverage = 0.9500
Minimum Coverage = 0.9400 

0 0 0.03508
1 0.00064 0.05561
2 0.00412 0.07147
3 0.00925 0.08711
4 0.01527 0.09816
5 0.02188 0.11359
6 0.02889 0.12901
7 0.03508 0.13979
8 0.04046 0.15517
9 0.05036 0.16586
10 0.05561 0.18124
11 0.06518 0.19187
12 0.07147 0.20248
13 0.08116 0.21786
14 0.08711 0.22843
15 0.09816 0.23898
16 0.10084 0.24952
17 0.11359 0.26492
18 0.12216 0.27544
19 0.12901 0.28595
20 0.13979 0.29645
21 0.14764 0.31189
22 0.15517 0.32239
23 0.16586 0.33287
24 0.17532 0.34335
25 0.18124 0.35382
26 0.19188 0.36428
27 0.20248 0.37474
28 0.21092 0.3852
29 0.21786 0.40073
30 0.22843 0.41119
31 0.23899 0.42164
32 0.24952 0.4321
33 0.25512 0.44255
34 0.26492 0.453
35 0.27545 0.46344
36 0.28596 0.47389
37 0.29645 0.48433
38 0.30605 0.49478
39 0.3119 0.50522
40 0.32239 0.51567
41 0.33288 0.52611
42 0.34335 0.53656
43 0.35382 0.547
44 0.36429 0.55745
45 0.37474 0.5679
46 0.3852 0.57835
47 0.39377 0.58881
48 0.40073 0.59927
49 0.41119 0.60623
50 0.42165 0.6148
51 0.4321 0.62526
52 0.44255 0.63571
53 0.453 0.64618
54 0.46344 0.65665
55 0.47389 0.66712
56 0.48433 0.67761
57 0.49478 0.6881
58 0.50522 0.69395
59 0.51567 0.70355
60 0.52611 0.71404
61 0.53656 0.72455
62 0.547 0.73508
63 0.55745 0.74488
64 0.5679 0.75048
65 0.57836 0.76101
66 0.58881 0.77157
67 0.59927 0.78214
68 0.6148 0.78908
69 0.62526 0.79752
70 0.63572 0.80812
71 0.64618 0.81876
72 0.65665 0.82468
73 0.66713 0.83414
74 0.67761 0.84483
75 0.68811 0.85236
76 0.70355 0.86021
77 0.71405 0.87099
78 0.72456 0.87784
79 0.73508 0.88641
80 0.75048 0.89916
81 0.76102 0.90184
82 0.77157 0.91289
83 0.78214 0.91884
84 0.79752 0.92853
85 0.80813 0.93482
86 0.81876 0.94439
87 0.83414 0.94964
88 0.84483 0.95954
89 0.86021 0.96492
90 0.87099 0.97111
91 0.88641 0.97812
92 0.90184 0.98473
93 0.91289 0.99075
94 0.92853 0.99588
95 0.94439 0.99936
96 0.96492 1
