Adjusted LCO Confidence Intervals for
n = 91 and Mean Coverage = 0.99900
Minimum Coverage = 0.99868 

0 0 0.07542
1 2e-05 0.10303
2 0.00058 0.12087
3 0.00233 0.13821
4 0.00516 0.15702
5 0.00882 0.17222
6 0.01314 0.18905
7 0.01799 0.20582
8 0.02328 0.22256
9 0.02895 0.23431
10 0.03495 0.25098
11 0.04123 0.26261
12 0.04776 0.27926
13 0.05452 0.2908
14 0.06149 0.30306
15 0.06865 0.31894
16 0.07542 0.33039
17 0.07978 0.34181
18 0.08989 0.35849
19 0.09839 0.36989
20 0.10303 0.38126
21 0.1132 0.39262
22 0.12087 0.40396
23 0.12791 0.41789
24 0.13821 0.43208
25 0.14252 0.44341
26 0.15513 0.45474
27 0.15706 0.46606
28 0.17222 0.47738
29 0.17687 0.48869
30 0.18905 0.5
31 0.19656 0.51131
32 0.20582 0.52262
33 0.21622 0.53394
34 0.22256 0.54526
35 0.23431 0.55659
36 0.24299 0.56792
37 0.25098 0.57787
38 0.26261 0.58621
39 0.27158 0.59603
40 0.27926 0.60738
41 0.2908 0.61873
42 0.302 0.63011
43 0.30836 0.64151
44 0.31894 0.64953
45 0.33039 0.65819
46 0.34181 0.66961
47 0.35047 0.68106
48 0.35849 0.69164
49 0.36989 0.698
50 0.38127 0.7092
51 0.39262 0.72074
52 0.40397 0.72842
53 0.41379 0.73739
54 0.42213 0.74902
55 0.43208 0.75701
56 0.44341 0.76569
57 0.45474 0.77744
58 0.46606 0.78378
59 0.47738 0.79418
60 0.48869 0.80344
61 0.5 0.81095
62 0.51131 0.82313
63 0.52262 0.82778
64 0.53394 0.84294
65 0.54526 0.84487
66 0.55659 0.85748
67 0.56792 0.86179
68 0.58211 0.87209
69 0.59604 0.87913
70 0.60738 0.8868
71 0.61874 0.89697
72 0.63011 0.90161
73 0.64151 0.91011
74 0.65819 0.92022
75 0.66961 0.92458
76 0.68106 0.93135
77 0.69694 0.93851
78 0.7092 0.94548
79 0.72074 0.95224
80 0.73739 0.95877
81 0.74902 0.96505
82 0.76569 0.97105
83 0.77744 0.97672
84 0.79418 0.98201
85 0.81095 0.98686
86 0.82778 0.99118
87 0.84298 0.99484
88 0.86179 0.99767
89 0.87913 0.99942
90 0.89697 0.99998
91 0.92458 1
