Adjusted LCO Confidence Intervals for
n = 65 and Mean Coverage = 0.9500
Minimum Coverage = 0.9384 

0 0 0.05172
1 0.00098 0.0759
2 0.00619 0.10542
3 0.01385 0.12191
4 0.02285 0.14475
5 0.03272 0.16755
6 0.04322 0.18348
7 0.05172 0.20622
8 0.06154 0.22199
9 0.07573 0.23768
10 0.07793 0.26042
11 0.09859 0.27605
12 0.10542 0.29163
13 0.12191 0.30717
14 0.13011 0.32998
15 0.14475 0.34551
16 0.15896 0.36101
17 0.16756 0.3765
18 0.18349 0.39197
19 0.19771 0.40742
20 0.20622 0.42287
21 0.222 0.43907
22 0.23769 0.45708
23 0.24957 0.47681
24 0.26042 0.49227
25 0.27605 0.50773
26 0.29163 0.52319
27 0.30717 0.53542
28 0.31836 0.54875
29 0.32998 0.56228
30 0.34551 0.57713
31 0.36101 0.59258
32 0.3765 0.60803
33 0.39197 0.6235
34 0.40742 0.63899
35 0.42287 0.65449
36 0.43772 0.67002
37 0.45125 0.68164
38 0.46458 0.69283
39 0.47681 0.70837
40 0.49227 0.72395
41 0.50773 0.73958
42 0.52319 0.75043
43 0.54292 0.76231
44 0.56093 0.778
45 0.57713 0.79378
46 0.59258 0.80229
47 0.60803 0.81651
48 0.6235 0.83244
49 0.63899 0.84104
50 0.65449 0.85525
51 0.67002 0.86989
52 0.69283 0.87809
53 0.70837 0.89458
54 0.72395 0.90141
55 0.73958 0.92207
56 0.76232 0.92427
57 0.77801 0.93846
58 0.79378 0.94828
59 0.81652 0.95678
60 0.83245 0.96728
61 0.85525 0.97715
62 0.87809 0.98615
63 0.89458 0.99381
64 0.9241 0.99902
65 0.94828 1
