Adjusted LCO Confidence Intervals for
n = 46 and Mean Coverage = 0.9000
Minimum Coverage = 0.8753 

0 0 0.05593
1 0.00289 0.08884
2 0.01328 0.12104
3 0.02673 0.15306
4 0.04174 0.17541
5 0.05593 0.20728
6 0.06633 0.22934
7 0.08884 0.26125
8 0.09417 0.28318
9 0.12105 0.30502
10 0.1342 0.3268
11 0.15306 0.34912
12 0.17541 0.38065
13 0.18386 0.40239
14 0.20728 0.4241
15 0.22934 0.4458
16 0.2478 0.46748
17 0.26125 0.48916
18 0.28318 0.51084
19 0.30502 0.53251
20 0.3268 0.5542
21 0.34824 0.5759
22 0.36334 0.59761
23 0.38065 0.61935
24 0.40239 0.63666
25 0.4241 0.65176
26 0.4458 0.6732
27 0.46749 0.69498
28 0.48916 0.71682
29 0.51084 0.73875
30 0.53252 0.7522
31 0.5542 0.77066
32 0.5759 0.79272
33 0.59761 0.81614
34 0.61935 0.82459
35 0.65088 0.84694
36 0.6732 0.8658
37 0.69498 0.87895
38 0.71682 0.90583
39 0.73875 0.91116
40 0.77066 0.93367
41 0.79272 0.94407
42 0.82459 0.95826
43 0.84694 0.97327
44 0.87896 0.98672
45 0.91116 0.99711
46 0.94407 1
