Adjusted LCO Confidence Intervals for
n = 33 and Mean Coverage = 0.9900
Minimum Coverage = 0.9860 

0 0 0.13772
1 0.00043 0.18666
2 0.00545 0.23364
3 0.01535 0.28008
4 0.02852 0.32644
5 0.04401 0.3585
6 0.06128 0.39023
7 0.07997 0.42173
8 0.09987 0.45708
9 0.12082 0.4912
10 0.13772 0.52177
11 0.15958 0.55004
12 0.18666 0.57827
13 0.19965 0.60977
14 0.23364 0.6415
15 0.25152 0.67356
16 0.28008 0.69034
17 0.30966 0.71992
18 0.32644 0.74848
19 0.3585 0.76636
20 0.39023 0.80035
21 0.42173 0.81334
22 0.44996 0.84042
23 0.47823 0.86228
24 0.5088 0.87918
25 0.54292 0.90013
26 0.57827 0.92003
27 0.60977 0.93872
28 0.6415 0.95599
29 0.67356 0.97148
30 0.71992 0.98465
31 0.76636 0.99455
32 0.81334 0.99957
33 0.86228 1
