Adjusted LCO Confidence Intervals for
n = 63 and Mean Coverage = 0.9900
Minimum Coverage = 0.9869 

0 0 0.07814
1 0.00021 0.10405
2 0.00274 0.13539
3 0.00775 0.15976
4 0.01441 0.178
5 0.02222 0.20089
6 0.03087 0.22477
7 0.0402 0.24144
8 0.05007 0.26525
9 0.06041 0.28175
10 0.07115 0.29933
11 0.07815 0.32196
12 0.09108 0.3383
13 0.10405 0.35459
14 0.10885 0.37242
15 0.12706 0.39476
16 0.13539 0.41099
17 0.15115 0.4272
18 0.15976 0.4434
19 0.17679 0.45958
20 0.18168 0.47575
21 0.20089 0.49192
22 0.21371 0.50808
23 0.22477 0.52425
24 0.24144 0.54042
25 0.25368 0.5566
26 0.26525 0.57279
27 0.28175 0.58901
28 0.29771 0.60524
29 0.30668 0.61866
30 0.32196 0.63001
31 0.3383 0.64541
32 0.35459 0.6617
33 0.36999 0.67804
34 0.38134 0.69332
35 0.39476 0.70229
36 0.41099 0.71825
37 0.42721 0.73475
38 0.4434 0.74632
39 0.45958 0.75856
40 0.47575 0.77523
41 0.49192 0.78629
42 0.50808 0.79911
43 0.52425 0.81832
44 0.54042 0.82321
45 0.5566 0.84024
46 0.5728 0.84885
47 0.58901 0.86461
48 0.60524 0.87294
49 0.62758 0.89115
50 0.64541 0.89595
51 0.6617 0.90892
52 0.67804 0.92185
53 0.70067 0.92885
54 0.71825 0.93959
55 0.73475 0.94993
56 0.75856 0.9598
57 0.77523 0.96913
58 0.79911 0.97778
59 0.822 0.98559
60 0.84024 0.99225
61 0.86461 0.99726
62 0.89595 0.99979
63 0.92186 1
