Adjusted LCO Confidence Intervals for
n = 47 and Mean Coverage = 0.9500
Minimum Coverage = 0.9363 

0 0 0.07141
1 0.0014 0.10454
2 0.00874 0.13659
3 0.01949 0.16832
4 0.03211 0.19993
5 0.04596 0.22199
6 0.0607 0.24382
7 0.07141 0.27528
8 0.08774 0.29694
9 0.10454 0.3185
10 0.11709 0.35007
11 0.13659 0.37158
12 0.15163 0.39305
13 0.16832 0.41448
14 0.18963 0.43588
15 0.19993 0.45726
16 0.22199 0.47864
17 0.24382 0.5
18 0.2554 0.52136
19 0.27528 0.54273
20 0.29694 0.56412
21 0.3185 0.58552
22 0.33606 0.60695
23 0.35007 0.62842
24 0.37158 0.64993
25 0.39305 0.66394
26 0.41448 0.6815
27 0.43588 0.70306
28 0.45727 0.72472
29 0.47864 0.7446
30 0.5 0.75618
31 0.52136 0.77801
32 0.54274 0.80007
33 0.56412 0.81037
34 0.58552 0.83168
35 0.60695 0.84837
36 0.62842 0.86341
37 0.64993 0.88291
38 0.6815 0.89546
39 0.70306 0.91226
40 0.72472 0.92859
41 0.75618 0.9393
42 0.77801 0.95404
43 0.80007 0.96789
44 0.83168 0.98051
45 0.86341 0.99126
46 0.89546 0.9986
47 0.92859 1
