Adjusted LCO Confidence Intervals for
n = 34 and Mean Coverage = 0.9000
Minimum Coverage = 0.8755 

0 0 0.07535
1 0.0039 0.1197
2 0.01799 0.16313
3 0.03626 0.20638
4 0.0567 0.23645
5 0.07535 0.26712
6 0.09182 0.30932
7 0.1197 0.33886
8 0.13506 0.36829
9 0.16313 0.39763
10 0.18859 0.42692
11 0.20638 0.45766
12 0.23645 0.48893
13 0.26587 0.51789
14 0.28122 0.54507
15 0.30932 0.57308
16 0.33886 0.60237
17 0.36829 0.63171
18 0.39763 0.66114
19 0.42692 0.69068
20 0.45493 0.71878
21 0.48211 0.73413
22 0.51107 0.76355
23 0.54234 0.79362
24 0.57308 0.81141
25 0.60237 0.83687
26 0.63171 0.86494
27 0.66114 0.8803
28 0.69068 0.90818
29 0.73288 0.92465
30 0.76355 0.9433
31 0.79362 0.96374
32 0.83687 0.98201
33 0.8803 0.9961
34 0.92465 1
