Adjusted LCO Confidence Intervals for
n = 97 and Mean Coverage = 0.9500
Minimum Coverage = 0.9401 

0 0 0.03472
1 0.00064 0.05504
2 0.00407 0.07074
3 0.00914 0.08621
4 0.0151 0.09738
5 0.02163 0.11242
6 0.02857 0.12768
7 0.03472 0.13836
8 0.03998 0.15357
9 0.0498 0.16416
10 0.05504 0.17937
11 0.06444 0.1899
12 0.07074 0.2004
13 0.08023 0.21561
14 0.08621 0.22608
15 0.09713 0.23653
16 0.09893 0.25176
17 0.11242 0.26219
18 0.12071 0.27261
19 0.12768 0.28301
20 0.13836 0.2934
21 0.14582 0.30868
22 0.15357 0.31907
23 0.16416 0.32944
24 0.17318 0.33981
25 0.17937 0.35018
26 0.1899 0.36053
27 0.2004 0.37088
28 0.2082 0.38412
29 0.21561 0.39659
30 0.22608 0.40694
31 0.23653 0.41729
32 0.24651 0.42764
33 0.25176 0.43798
34 0.2622 0.44832
35 0.27261 0.45866
36 0.28301 0.46899
37 0.2934 0.47933
38 0.30185 0.48966
39 0.30868 0.5
40 0.31907 0.51033
41 0.32944 0.52067
42 0.33981 0.531
43 0.35018 0.54134
44 0.36053 0.55168
45 0.37088 0.56202
46 0.37997 0.57236
47 0.38627 0.58271
48 0.3966 0.59305
49 0.40695 0.6034
50 0.41729 0.61373
51 0.42764 0.62003
52 0.43798 0.62912
53 0.44832 0.63947
54 0.45866 0.64982
55 0.469 0.66019
56 0.47933 0.67056
57 0.48967 0.68093
58 0.5 0.69132
59 0.51034 0.69815
60 0.52067 0.7066
61 0.53101 0.71699
62 0.54134 0.72739
63 0.55168 0.7378
64 0.56202 0.74824
65 0.57236 0.75349
66 0.58271 0.76347
67 0.59306 0.77392
68 0.60341 0.78439
69 0.61588 0.7918
70 0.62912 0.7996
71 0.63947 0.8101
72 0.64982 0.82063
73 0.66019 0.82682
74 0.67056 0.83584
75 0.68093 0.84643
76 0.69132 0.85418
77 0.7066 0.86164
78 0.71699 0.87232
79 0.72739 0.87929
80 0.73781 0.88758
81 0.74824 0.90107
82 0.76347 0.90287
83 0.77392 0.91379
84 0.78439 0.91977
85 0.7996 0.92926
86 0.8101 0.93556
87 0.82063 0.94496
88 0.83584 0.9502
89 0.84643 0.96002
90 0.86164 0.96528
91 0.87232 0.97143
92 0.88758 0.97837
93 0.90262 0.9849
94 0.91379 0.99086
95 0.92926 0.99593
96 0.94496 0.99936
97 0.96528 1
