Adjusted LCO Confidence Intervals for
n = 45 and Mean Coverage = 0.9500
Minimum Coverage = 0.9349 

0 0 0.07456
1 0.0015 0.10915
2 0.00924 0.14262
3 0.02055 0.17576
4 0.03381 0.19895
5 0.04835 0.23181
6 0.06382 0.25461
7 0.07456 0.28748
8 0.09255 0.3101
9 0.10915 0.33261
10 0.12403 0.35505
11 0.14262 0.38392
12 0.16045 0.41054
13 0.17576 0.43293
14 0.19895 0.4553
15 0.2114 0.47766
16 0.23181 0.5
17 0.25461 0.52234
18 0.27286 0.5447
19 0.28748 0.56706
20 0.3101 0.58946
21 0.33261 0.61192
22 0.35506 0.62525
23 0.37475 0.64494
24 0.38808 0.66739
25 0.41054 0.6899
26 0.43294 0.71252
27 0.4553 0.72714
28 0.47766 0.74539
29 0.5 0.76819
30 0.52234 0.7886
31 0.5447 0.80105
32 0.56707 0.82424
33 0.58946 0.83955
34 0.61608 0.85738
35 0.64495 0.87597
36 0.66739 0.89085
37 0.6899 0.90745
38 0.71252 0.92544
39 0.74539 0.93618
40 0.76819 0.95165
41 0.80105 0.96619
42 0.82424 0.97945
43 0.85738 0.99076
44 0.89085 0.9985
45 0.92544 1
