Adjusted LCO Confidence Intervals for
n = 75 and Mean Coverage = 0.99900
Minimum Coverage = 0.99863 

0 0 0.09172
1 2e-05 0.1199
2 0.00072 0.14704
3 0.00287 0.16814
4 0.00633 0.18894
5 0.01082 0.20956
6 0.01612 0.22413
7 0.02208 0.24453
8 0.02858 0.26491
9 0.03555 0.27913
10 0.04292 0.29947
11 0.05065 0.31356
12 0.0587 0.32758
13 0.06704 0.34792
14 0.07564 0.36188
15 0.08448 0.37579
16 0.09172 0.38967
17 0.09988 0.40656
18 0.11119 0.42397
19 0.1199 0.43782
20 0.12798 0.45166
21 0.14043 0.46548
22 0.14704 0.47929
23 0.15992 0.4931
24 0.16814 0.5069
25 0.18032 0.52071
26 0.18894 0.53452
27 0.20185 0.54834
28 0.20956 0.56218
29 0.22413 0.57603
30 0.23102 0.58832
31 0.24453 0.59814
32 0.25696 0.61033
33 0.26491 0.62421
34 0.27914 0.63812
35 0.29168 0.65208
36 0.29947 0.66133
37 0.31356 0.67242
38 0.32758 0.68644
39 0.33867 0.70053
40 0.34792 0.70832
41 0.36188 0.72086
42 0.37579 0.73509
43 0.38967 0.74304
44 0.40186 0.75547
45 0.41168 0.76898
46 0.42397 0.77587
47 0.43782 0.79044
48 0.45166 0.79815
49 0.46548 0.81106
50 0.47929 0.81968
51 0.4931 0.83186
52 0.5069 0.84008
53 0.52071 0.85296
54 0.53452 0.85957
55 0.54834 0.87202
56 0.56218 0.8801
57 0.57603 0.88881
58 0.59344 0.90012
59 0.61033 0.90828
60 0.62421 0.91552
61 0.63812 0.92436
62 0.65208 0.93296
63 0.67242 0.9413
64 0.68644 0.94935
65 0.70053 0.95708
66 0.72087 0.96445
67 0.73509 0.97142
68 0.75547 0.97792
69 0.77587 0.98388
70 0.79044 0.98918
71 0.81106 0.99367
72 0.83186 0.99713
73 0.85296 0.99928
74 0.8801 0.99998
75 0.90828 1
