Adjusted LCO Confidence Intervals for
n = 93 and Mean Coverage = 0.9500
Minimum Coverage = 0.9399 

0 0 0.0362
1 0.00067 0.0574
2 0.00426 0.07377
3 0.00955 0.08991
4 0.01578 0.10131
5 0.0226 0.11724
6 0.02985 0.13316
7 0.0362 0.14429
8 0.04185 0.16016
9 0.05204 0.1712
10 0.0574 0.18707
11 0.06739 0.19805
12 0.07377 0.20899
13 0.08393 0.22487
14 0.08991 0.23579
15 0.10131 0.24668
16 0.10507 0.25755
17 0.11724 0.27346
18 0.12649 0.28432
19 0.13316 0.29516
20 0.14429 0.306
21 0.15304 0.31682
22 0.16016 0.33278
23 0.1712 0.34361
24 0.1817 0.35442
25 0.18707 0.36523
26 0.19805 0.37603
27 0.20899 0.38683
28 0.21894 0.39762
29 0.22487 0.40841
30 0.23579 0.41919
31 0.24668 0.43016
32 0.25755 0.44311
33 0.26616 0.45685
34 0.27346 0.46764
35 0.28432 0.47843
36 0.29517 0.48921
37 0.306 0.5
38 0.31683 0.51079
39 0.32614 0.52157
40 0.33278 0.53236
41 0.34361 0.54315
42 0.35442 0.55202
43 0.36523 0.56087
44 0.37603 0.57017
45 0.38683 0.58081
46 0.39762 0.59159
47 0.40841 0.60238
48 0.41919 0.61317
49 0.42983 0.62397
50 0.43913 0.63477
51 0.44798 0.64558
52 0.45685 0.65639
53 0.46764 0.66722
54 0.47843 0.67386
55 0.48921 0.68317
56 0.5 0.694
57 0.51079 0.70483
58 0.52157 0.71568
59 0.53236 0.72654
60 0.54315 0.73384
61 0.55689 0.74245
62 0.56984 0.75332
63 0.58081 0.76421
64 0.59159 0.77513
65 0.60238 0.78106
66 0.61317 0.79101
67 0.62397 0.80195
68 0.63477 0.81293
69 0.64558 0.8183
70 0.65639 0.8288
71 0.66722 0.83984
72 0.68318 0.84696
73 0.694 0.85571
74 0.70484 0.86684
75 0.71568 0.87351
76 0.72654 0.88276
77 0.74245 0.89493
78 0.75332 0.89869
79 0.76421 0.91009
80 0.77513 0.91607
81 0.79101 0.92623
82 0.80195 0.93261
83 0.81293 0.9426
84 0.8288 0.94796
85 0.83984 0.95815
86 0.85571 0.9638
87 0.86684 0.97015
88 0.88276 0.9774
89 0.89869 0.98422
90 0.91009 0.99045
91 0.92623 0.99574
92 0.9426 0.99933
93 0.9638 1
