Adjusted LCO Confidence Intervals for
n = 85 and Mean Coverage = 0.9900
Minimum Coverage = 0.9876 

0 0 0.05786
1 0.00015 0.08183
2 0.00197 0.10024
3 0.00561 0.11827
4 0.01045 0.13611
5 0.01614 0.15385
6 0.02244 0.17153
7 0.02923 0.18396
8 0.03641 0.20155
9 0.04392 0.21383
10 0.05172 0.23139
11 0.05786 0.24358
12 0.06531 0.26114
13 0.07541 0.27327
14 0.08183 0.28536
15 0.0911 0.30294
16 0.10024 0.31499
17 0.10732 0.32702
18 0.11827 0.33903
19 0.12494 0.35186
20 0.13611 0.36866
21 0.14431 0.38064
22 0.15385 0.39261
23 0.16466 0.40457
24 0.17153 0.41652
25 0.18396 0.42846
26 0.19208 0.44039
27 0.20155 0.45232
28 0.21384 0.46471
29 0.22166 0.47753
30 0.23139 0.49002
31 0.24358 0.50208
32 0.25397 0.51372
33 0.26114 0.52504
34 0.27327 0.53616
35 0.28536 0.54768
36 0.29601 0.55961
37 0.30294 0.57154
38 0.31499 0.58348
39 0.32702 0.59543
40 0.33903 0.60739
41 0.3506 0.61936
42 0.35859 0.63134
43 0.36866 0.64141
44 0.38064 0.6494
45 0.39261 0.66097
46 0.40457 0.67298
47 0.41652 0.68501
48 0.42846 0.69706
49 0.44039 0.70399
50 0.45232 0.71464
51 0.46384 0.72673
52 0.47496 0.73886
53 0.48628 0.74603
54 0.49792 0.75642
55 0.50998 0.76861
56 0.52247 0.77834
57 0.53529 0.78616
58 0.54768 0.79845
59 0.55961 0.80792
60 0.57154 0.81604
61 0.58348 0.82847
62 0.59543 0.83534
63 0.60739 0.84615
64 0.61936 0.85569
65 0.63134 0.86389
66 0.64814 0.87506
67 0.66097 0.88173
68 0.67298 0.89268
69 0.68501 0.89976
70 0.69706 0.9089
71 0.71464 0.91817
72 0.72673 0.92459
73 0.73886 0.93469
74 0.75642 0.94214
75 0.76861 0.94828
76 0.78617 0.95608
77 0.79845 0.96359
78 0.81604 0.97077
79 0.82847 0.97756
80 0.84615 0.98386
81 0.86389 0.98955
82 0.88173 0.99439
83 0.89976 0.99803
84 0.91817 0.99985
85 0.94214 1
