Adjusted LCO Confidence Intervals for
n = 24 and Mean Coverage = 0.99900
Minimum Coverage = 0.99834 

0 0 0.24359
1 7e-05 0.32247
2 0.00249 0.38329
3 0.00985 0.43454
4 0.02167 0.48791
5 0.03711 0.53243
6 0.05554 0.57241
7 0.07652 0.61671
8 0.09974 0.66417
9 0.12499 0.68823
10 0.15213 0.73272
11 0.18106 0.75641
12 0.21172 0.78828
13 0.24359 0.81894
14 0.26728 0.84787
15 0.31177 0.87501
16 0.33583 0.90026
17 0.38329 0.92348
18 0.42759 0.94446
19 0.46757 0.96289
20 0.51209 0.97833
21 0.56546 0.99015
22 0.61671 0.99751
23 0.67753 0.99993
24 0.75641 1
