Adjusted LCO Confidence Intervals for
n = 60 and Mean Coverage = 0.9900
Minimum Coverage = 0.9867 

0 0 0.08207
1 0.00022 0.10927
2 0.0029 0.1422
3 0.00819 0.16779
4 0.0152 0.18586
5 0.02343 0.21099
6 0.03255 0.23609
7 0.04238 0.2536
8 0.05278 0.27863
9 0.06368 0.29596
10 0.075 0.31319
11 0.08207 0.33344
12 0.09622 0.3554
13 0.10927 0.37252
14 0.11634 0.38959
15 0.13423 0.40663
16 0.1422 0.42364
17 0.15982 0.44309
18 0.16779 0.46496
19 0.18586 0.48298
20 0.19556 0.5
21 0.211 0.51702
22 0.2269 0.534
23 0.23609 0.54668
24 0.2536 0.56116
25 0.26998 0.57636
26 0.27863 0.59337
27 0.29596 0.61041
28 0.31319 0.62748
29 0.32919 0.64459
30 0.33856 0.66144
31 0.35541 0.67081
32 0.37252 0.68681
33 0.38959 0.70404
34 0.40663 0.72137
35 0.42364 0.73002
36 0.43884 0.7464
37 0.45332 0.76391
38 0.466 0.7731
39 0.48298 0.789
40 0.5 0.80444
41 0.51702 0.81414
42 0.53504 0.83221
43 0.55691 0.84018
44 0.57636 0.8578
45 0.59337 0.86577
46 0.61041 0.88366
47 0.62748 0.89073
48 0.6446 0.90378
49 0.66656 0.91793
50 0.68681 0.925
51 0.70404 0.93632
52 0.72137 0.94722
53 0.7464 0.95762
54 0.76391 0.96745
55 0.78901 0.97657
56 0.81414 0.9848
57 0.83221 0.99181
58 0.8578 0.9971
59 0.89073 0.99978
60 0.91793 1
