Adjusted LCO Confidence Intervals for
n = 41 and Mean Coverage = 0.9900
Minimum Coverage = 0.9860 

0 0 0.11068
1 0.00034 0.16022
2 0.00437 0.19826
3 0.0123 0.23569
4 0.02281 0.26189
5 0.03513 0.29885
6 0.04883 0.32447
7 0.06362 0.35129
8 0.07932 0.38685
9 0.0958 0.4121
10 0.11069 0.43727
11 0.12412 0.46239
12 0.1469 0.48746
13 0.16022 0.51253
14 0.18288 0.53761
15 0.19826 0.56272
16 0.2223 0.58789
17 0.23569 0.61315
18 0.26189 0.63383
19 0.28128 0.65087
20 0.29885 0.67553
21 0.32447 0.70115
22 0.34913 0.71872
23 0.36617 0.73811
24 0.38685 0.76431
25 0.41211 0.7777
26 0.43728 0.80174
27 0.46239 0.81712
28 0.48747 0.83978
29 0.51254 0.8531
30 0.53761 0.87588
31 0.56273 0.88931
32 0.5879 0.9042
33 0.61315 0.92068
34 0.64871 0.93638
35 0.67553 0.95117
36 0.70115 0.96487
37 0.73811 0.97719
38 0.76431 0.9877
39 0.80174 0.99563
40 0.83978 0.99966
41 0.88932 1
