Adjusted LCO Confidence Intervals for
n = 52 and Mean Coverage = 0.9500
Minimum Coverage = 0.9363 

0 0 0.06458
1 0.00126 0.09455
2 0.00789 0.12353
3 0.01759 0.15221
4 0.02897 0.18078
5 0.04145 0.20074
6 0.05472 0.22918
7 0.06458 0.24889
8 0.07882 0.26848
9 0.09455 0.29693
10 0.10453 0.31644
11 0.12354 0.33588
12 0.13516 0.35528
13 0.15221 0.37565
14 0.1694 0.40329
15 0.18078 0.42266
16 0.20074 0.44201
17 0.21716 0.46135
18 0.22918 0.48068
19 0.24889 0.5
20 0.26848 0.51932
21 0.28277 0.53865
22 0.29693 0.55799
23 0.31644 0.57734
24 0.33588 0.59671
25 0.35528 0.61168
26 0.37407 0.62593
27 0.38832 0.64472
28 0.40329 0.66412
29 0.42266 0.68356
30 0.44201 0.70307
31 0.46135 0.71723
32 0.48068 0.73152
33 0.5 0.75111
34 0.51932 0.77082
35 0.53865 0.78284
36 0.55799 0.79926
37 0.57734 0.81922
38 0.59671 0.8306
39 0.62435 0.84779
40 0.64472 0.86484
41 0.66412 0.87646
42 0.68356 0.89547
43 0.70307 0.90545
44 0.73152 0.92118
45 0.75111 0.93542
46 0.77082 0.94528
47 0.79926 0.95855
48 0.81922 0.97103
49 0.84779 0.98241
50 0.87647 0.99211
51 0.90545 0.99874
52 0.93542 1
