Adjusted LCO Confidence Intervals for
n = 31 and Mean Coverage = 0.99900
Minimum Coverage = 0.99837 

0 0 0.20014
1 5e-05 0.26941
2 0.00191 0.30753
3 0.00752 0.35915
4 0.01649 0.39495
5 0.02816 0.44429
6 0.042 0.48233
7 0.05766 0.51767
8 0.0749 0.55313
9 0.09353 0.57668
10 0.11342 0.60505
11 0.13446 0.64084
12 0.15657 0.67142
13 0.17972 0.69277
14 0.20014 0.73059
15 0.22305 0.74668
16 0.25332 0.77695
17 0.26941 0.79986
18 0.30723 0.82028
19 0.32858 0.84343
20 0.35916 0.86554
21 0.39495 0.88658
22 0.42332 0.90647
23 0.44687 0.9251
24 0.48233 0.94234
25 0.51767 0.958
26 0.55571 0.97184
27 0.60505 0.98351
28 0.64085 0.99248
29 0.69247 0.99809
30 0.73059 0.99995
31 0.79986 1
