Adjusted LCO Confidence Intervals for
n = 25 and Mean Coverage = 0.99900
Minimum Coverage = 0.99824 

0 0 0.23334
1 7e-05 0.31994
2 0.00247 0.36679
3 0.00964 0.43254
4 0.02111 0.47759
5 0.03602 0.52241
6 0.05376 0.56746
7 0.07391 0.59592
8 0.09617 0.63321
9 0.12033 0.68006
10 0.14624 0.70261
11 0.1738 0.74532
12 0.20296 0.76666
13 0.23334 0.79704
14 0.25468 0.8262
15 0.29739 0.85376
16 0.31994 0.87967
17 0.36679 0.90383
18 0.40408 0.92609
19 0.43254 0.94624
20 0.47759 0.96398
21 0.52241 0.97889
22 0.56746 0.99036
23 0.63321 0.99753
24 0.68006 0.99993
25 0.76666 1
