Adjusted LCO Confidence Intervals for
n = 22 and Mean Coverage = 0.9900
Minimum Coverage = 0.9845 

0 0 0.18886
1 0.00071 0.26162
2 0.00869 0.33232
3 0.02424 0.3853
4 0.0449 0.45177
5 0.06928 0.5
6 0.09658 0.54823
7 0.12632 0.58576
8 0.15817 0.62135
9 0.18886 0.66768
10 0.21618 0.71238
11 0.26162 0.73838
12 0.28762 0.78382
13 0.33232 0.81114
14 0.37865 0.84183
15 0.41424 0.87368
16 0.45177 0.90342
17 0.5 0.93072
18 0.54823 0.9551
19 0.6147 0.97576
20 0.66768 0.99131
21 0.73838 0.99929
22 0.81114 1
