Adjusted LCO Confidence Intervals for
n = 82 and Mean Coverage = 0.9500
Minimum Coverage = 0.9399 

0 0 0.04104
1 0.00076 0.06507
2 0.00483 0.08363
3 0.01084 0.10193
4 0.01791 0.11485
5 0.02566 0.13292
6 0.0339 0.15097
7 0.04104 0.16358
8 0.04771 0.17733
9 0.05921 0.1941
10 0.06507 0.20655
11 0.0768 0.22456
12 0.08363 0.23696
13 0.09577 0.24933
14 0.10193 0.26283
15 0.11485 0.27971
16 0.1216 0.29203
17 0.13292 0.30434
18 0.14497 0.31663
19 0.15097 0.33473
20 0.16358 0.34701
21 0.17592 0.35929
22 0.17922 0.37155
23 0.1941 0.38381
24 0.20655 0.39606
25 0.21667 0.4083
26 0.22456 0.42054
27 0.23696 0.43277
28 0.24933 0.445
29 0.26133 0.45806
30 0.26696 0.47154
31 0.27971 0.48478
32 0.29204 0.49751
33 0.30434 0.50953
34 0.31663 0.52104
35 0.32769 0.5323
36 0.33473 0.54346
37 0.34701 0.555
38 0.35929 0.56723
39 0.37155 0.57946
40 0.38381 0.5917
41 0.39606 0.60394
42 0.4083 0.61619
43 0.42054 0.62845
44 0.43277 0.64071
45 0.445 0.65299
46 0.45654 0.66527
47 0.4677 0.67231
48 0.47896 0.68337
49 0.49047 0.69566
50 0.50249 0.70796
51 0.51522 0.72029
52 0.52846 0.73304
53 0.54194 0.73867
54 0.555 0.75067
55 0.56723 0.76304
56 0.57946 0.77544
57 0.5917 0.78333
58 0.60394 0.79345
59 0.61619 0.8059
60 0.62845 0.82078
61 0.64071 0.82408
62 0.65299 0.83642
63 0.66527 0.84903
64 0.68337 0.85503
65 0.69566 0.86708
66 0.70797 0.8784
67 0.72029 0.88515
68 0.73717 0.89807
69 0.75067 0.90423
70 0.76304 0.91637
71 0.77544 0.9232
72 0.79345 0.93493
73 0.8059 0.94079
74 0.82267 0.95229
75 0.83642 0.95896
76 0.84903 0.9661
77 0.86708 0.97434
78 0.88515 0.98209
79 0.89807 0.98916
80 0.91637 0.99517
81 0.93493 0.99924
82 0.95896 1
