Adjusted LCO Confidence Intervals for
n = 23 and Mean Coverage = 0.9500
Minimum Coverage = 0.9297 

0 0 0.12782
1 0.00316 0.19405
2 0.01902 0.25882
3 0.04203 0.32354
4 0.06908 0.36815
5 0.09887 0.41231
6 0.12782 0.45621
7 0.15021 0.5
8 0.19405 0.54379
9 0.21588 0.58769
10 0.25883 0.63185
11 0.29999 0.67646
12 0.32354 0.70001
13 0.36815 0.74117
14 0.41231 0.78412
15 0.45621 0.80595
16 0.5 0.84979
17 0.54379 0.87218
18 0.58769 0.90113
19 0.63185 0.93092
20 0.67646 0.95797
21 0.74118 0.98098
22 0.80595 0.99684
23 0.87218 1
