Adjusted LCO Confidence Intervals for
n = 34 and Mean Coverage = 0.9900
Minimum Coverage = 0.9857 

0 0 0.13364
1 0.00042 0.18113
2 0.00535 0.2267
3 0.01502 0.27172
4 0.02786 0.31665
5 0.04292 0.34775
6 0.0597 0.37851
7 0.07785 0.41259
8 0.09715 0.45417
9 0.11745 0.48473
10 0.13364 0.51527
11 0.15504 0.54583
12 0.18113 0.56914
13 0.1936 0.59319
14 0.2267 0.62149
15 0.2432 0.65225
16 0.27172 0.68335
17 0.29937 0.70063
18 0.31665 0.72828
19 0.34775 0.7568
20 0.37851 0.7733
21 0.40681 0.8064
22 0.43086 0.81887
23 0.45417 0.84496
24 0.48473 0.86636
25 0.51527 0.88255
26 0.54583 0.90285
27 0.58741 0.92215
28 0.62149 0.9403
29 0.65225 0.95708
30 0.68335 0.97214
31 0.72828 0.98498
32 0.7733 0.99465
33 0.81887 0.99958
34 0.86636 1
