Adjusted LCO Confidence Intervals for
n = 59 and Mean Coverage = 0.9500
Minimum Coverage = 0.9375 

0 0 0.05696
1 0.00109 0.0834
2 0.00688 0.10896
3 0.01536 0.13424
4 0.02533 0.15941
5 0.03625 0.17703
6 0.04787 0.20207
7 0.05696 0.21946
8 0.06852 0.2445
9 0.0834 0.26178
10 0.0895 0.27898
11 0.10896 0.30407
12 0.11544 0.32123
13 0.13424 0.33835
14 0.14618 0.35544
15 0.15941 0.3725
16 0.17703 0.39067
17 0.18474 0.41481
18 0.20207 0.43187
19 0.21946 0.44891
20 0.23133 0.46594
21 0.2445 0.48297
22 0.26178 0.5
23 0.27898 0.51703
24 0.29274 0.53405
25 0.30407 0.55109
26 0.32123 0.56813
27 0.33835 0.58519
28 0.35544 0.59817
29 0.3725 0.61115
30 0.38885 0.6275
31 0.40183 0.64456
32 0.41481 0.66165
33 0.43187 0.67877
34 0.44891 0.69593
35 0.46595 0.70726
36 0.48297 0.72102
37 0.5 0.73822
38 0.51703 0.7555
39 0.53406 0.76867
40 0.55109 0.78054
41 0.56813 0.79793
42 0.58519 0.81526
43 0.60933 0.82297
44 0.6275 0.84059
45 0.64456 0.85382
46 0.66165 0.86576
47 0.67877 0.88456
48 0.69593 0.89104
49 0.72102 0.9105
50 0.73822 0.9166
51 0.7555 0.93148
52 0.78054 0.94304
53 0.79793 0.95213
54 0.82297 0.96375
55 0.84059 0.97467
56 0.86576 0.98464
57 0.89104 0.99312
58 0.9166 0.99891
59 0.94304 1
