Adjusted LCO Confidence Intervals for
n = 52 and Mean Coverage = 0.99900
Minimum Coverage = 0.99856 

0 0 0.12542
1 3e-05 0.16607
2 0.00106 0.20545
3 0.00424 0.23601
4 0.00934 0.25752
5 0.01595 0.28742
6 0.02378 0.31223
7 0.03258 0.33804
8 0.04222 0.35859
9 0.05258 0.38842
10 0.06356 0.40884
11 0.0751 0.42917
12 0.08714 0.44945
13 0.09965 0.46968
14 0.11259 0.4899
15 0.12542 0.5101
16 0.13276 0.53031
17 0.15176 0.55055
18 0.16607 0.57083
19 0.17674 0.59116
20 0.19604 0.61158
21 0.20545 0.62437
22 0.22629 0.64141
23 0.23601 0.66196
24 0.25752 0.6832
25 0.27006 0.69297
26 0.28742 0.71258
27 0.30703 0.72994
28 0.3168 0.74248
29 0.33804 0.76399
30 0.35859 0.77371
31 0.37563 0.79455
32 0.38842 0.80396
33 0.40884 0.82326
34 0.42917 0.83393
35 0.44945 0.84824
36 0.46969 0.86724
37 0.4899 0.87458
38 0.5101 0.88741
39 0.53032 0.90035
40 0.55055 0.91286
41 0.57083 0.9249
42 0.59116 0.93644
43 0.61158 0.94742
44 0.64141 0.95778
45 0.66196 0.96742
46 0.68777 0.97622
47 0.71258 0.98405
48 0.74248 0.99066
49 0.76399 0.99576
50 0.79455 0.99894
51 0.83393 0.99997
52 0.87458 1
