Adjusted LCO Confidence Intervals for
n = 85 and Mean Coverage = 0.9500
Minimum Coverage = 0.9390 

0 0 0.0396
1 0.00074 0.06278
2 0.0047 0.08069
3 0.01052 0.09835
4 0.01736 0.11081
5 0.02486 0.12824
6 0.03282 0.14566
7 0.0396 0.15782
8 0.04627 0.17147
9 0.05728 0.18727
10 0.06278 0.19928
11 0.07428 0.21665
12 0.08069 0.22861
13 0.09258 0.24055
14 0.09835 0.25794
15 0.11081 0.26985
16 0.11759 0.28174
17 0.12824 0.29362
18 0.13997 0.30547
19 0.14566 0.32292
20 0.15782 0.33477
21 0.16972 0.34661
22 0.17239 0.35844
23 0.18727 0.37027
24 0.19928 0.38208
25 0.2087 0.39389
26 0.21665 0.40648
27 0.22862 0.42326
28 0.24055 0.43507
29 0.25144 0.44688
30 0.25794 0.45869
31 0.26985 0.47049
32 0.28174 0.4823
33 0.29362 0.4941
34 0.30547 0.5059
35 0.31404 0.5177
36 0.32292 0.5295
37 0.33477 0.54131
38 0.34661 0.55312
39 0.35844 0.56493
40 0.37027 0.57674
41 0.38208 0.58543
42 0.39389 0.59482
43 0.40518 0.60611
44 0.41457 0.61792
45 0.42326 0.62973
46 0.43507 0.64156
47 0.44688 0.65339
48 0.45869 0.66523
49 0.4705 0.67708
50 0.4823 0.68596
51 0.4941 0.69453
52 0.5059 0.70638
53 0.5177 0.71826
54 0.52951 0.73015
55 0.54131 0.74206
56 0.55312 0.74856
57 0.56493 0.75945
58 0.57674 0.77138
59 0.59352 0.78335
60 0.60611 0.7913
61 0.61792 0.80072
62 0.62973 0.81273
63 0.64156 0.82761
64 0.65339 0.83028
65 0.66523 0.84218
66 0.67708 0.85434
67 0.69453 0.86003
68 0.70638 0.87176
69 0.71826 0.88241
70 0.73015 0.88919
71 0.74206 0.90165
72 0.75945 0.90742
73 0.77139 0.91931
74 0.78335 0.92572
75 0.80072 0.93722
76 0.81273 0.94272
77 0.82853 0.95373
78 0.84218 0.9604
79 0.85434 0.96718
80 0.87176 0.97514
81 0.88919 0.98264
82 0.90165 0.98948
83 0.91931 0.9953
84 0.93722 0.99926
85 0.9604 1
