Adjusted LCO Confidence Intervals for
n = 46 and Mean Coverage = 0.9900
Minimum Coverage = 0.9863 

0 0 0.0986
1 3e-04 0.14269
2 0.00384 0.17655
3 0.01084 0.20984
4 0.02012 0.2429
5 0.031 0.26601
6 0.04309 0.29886
7 0.05613 0.32159
8 0.06997 0.34416
9 0.08449 0.37706
10 0.0986 0.39952
11 0.10752 0.42192
12 0.12896 0.44426
13 0.14269 0.46657
14 0.15957 0.48886
15 0.17655 0.51114
16 0.1933 0.53343
17 0.20984 0.55574
18 0.23051 0.57808
19 0.2429 0.60048
20 0.26601 0.62294
21 0.28502 0.63717
22 0.29886 0.65584
23 0.32159 0.67841
24 0.34416 0.70114
25 0.36283 0.71498
26 0.37706 0.73399
27 0.39952 0.7571
28 0.42192 0.76949
29 0.44426 0.79016
30 0.46657 0.8067
31 0.48886 0.82345
32 0.51114 0.84043
33 0.53343 0.85731
34 0.55574 0.87104
35 0.57808 0.89248
36 0.60048 0.9014
37 0.62294 0.91551
38 0.65584 0.93003
39 0.67841 0.94387
40 0.70114 0.95691
41 0.73399 0.969
42 0.7571 0.97988
43 0.79016 0.98916
44 0.82345 0.99616
45 0.85731 0.9997
46 0.9014 1
