Adjusted LCO Confidence Intervals for
n = 40 and Mean Coverage = 0.99900
Minimum Coverage = 0.99850 

0 0 0.16412
1 4e-05 0.21062
2 0.00141 0.25826
3 0.00562 0.28675
4 0.01237 0.32616
5 0.02114 0.35542
6 0.03153 0.39285
7 0.04326 0.41982
8 0.05612 0.44663
9 0.06998 0.47334
10 0.08472 0.5
11 0.10025 0.52666
12 0.11651 0.55337
13 0.13344 0.58018
14 0.15101 0.60715
15 0.16412 0.62944
16 0.18432 0.64742
17 0.20602 0.67383
18 0.21368 0.6976
19 0.24492 0.71325
20 0.25826 0.74173
21 0.28675 0.75508
22 0.3024 0.78632
23 0.32617 0.79398
24 0.35258 0.81568
25 0.37056 0.83588
26 0.39285 0.84899
27 0.41982 0.86656
28 0.44663 0.88349
29 0.47334 0.89975
30 0.5 0.91528
31 0.52666 0.93002
32 0.55337 0.94388
33 0.58018 0.95674
34 0.60715 0.96847
35 0.64458 0.97886
36 0.67384 0.98763
37 0.71325 0.99438
38 0.74174 0.99859
39 0.78938 0.99996
40 0.83588 1
