Adjusted LCO Confidence Intervals for
n = 92 and Mean Coverage = 0.9900
Minimum Coverage = 0.9877 

0 0 0.05345
1 0.00014 0.07558
2 0.00181 0.0926
3 0.00517 0.10925
4 0.00964 0.12573
5 0.01488 0.14211
6 0.02069 0.15843
7 0.02694 0.17072
8 0.03356 0.18616
9 0.04047 0.20239
10 0.04765 0.21371
11 0.05345 0.22992
12 0.06 0.24117
13 0.06938 0.25237
14 0.07559 0.26858
15 0.08364 0.27974
16 0.0926 0.29088
17 0.09813 0.30444
18 0.10925 0.31822
19 0.1138 0.32932
20 0.12573 0.3404
21 0.13165 0.35146
22 0.14211 0.36775
23 0.15057 0.37881
24 0.15843 0.38986
25 0.16979 0.40089
26 0.17287 0.41192
27 0.18616 0.42295
28 0.19635 0.43397
29 0.20239 0.44498
30 0.21371 0.45599
31 0.22448 0.46699
32 0.22992 0.478
33 0.24117 0.48932
34 0.25237 0.50045
35 0.26133 0.51131
36 0.26858 0.522
37 0.27974 0.53301
38 0.29088 0.54401
39 0.30129 0.55502
40 0.30622 0.56603
41 0.31823 0.57705
42 0.32932 0.58807
43 0.3404 0.5991
44 0.35146 0.61014
45 0.36088 0.62119
46 0.36775 0.63225
47 0.37881 0.63912
48 0.38986 0.64854
49 0.4009 0.6596
50 0.41193 0.67068
51 0.42295 0.68177
52 0.43397 0.69378
53 0.44498 0.69871
54 0.45599 0.70912
55 0.46699 0.72026
56 0.478 0.73142
57 0.48869 0.73867
58 0.49955 0.74763
59 0.51068 0.75883
60 0.522 0.77008
61 0.53301 0.77552
62 0.54401 0.78629
63 0.55502 0.79761
64 0.56603 0.80365
65 0.57705 0.81384
66 0.58808 0.82713
67 0.59911 0.83021
68 0.61014 0.84157
69 0.62119 0.84943
70 0.63225 0.85789
71 0.64854 0.86835
72 0.6596 0.87427
73 0.67068 0.8862
74 0.68178 0.89075
75 0.69556 0.90187
76 0.70912 0.9074
77 0.72026 0.91636
78 0.73142 0.92441
79 0.74763 0.93062
80 0.75883 0.94
81 0.77008 0.94655
82 0.78629 0.95235
83 0.79761 0.95953
84 0.81384 0.96644
85 0.82928 0.97306
86 0.84157 0.97931
87 0.85789 0.98512
88 0.87427 0.99036
89 0.89075 0.99483
90 0.9074 0.99819
91 0.92442 0.99986
92 0.94655 1
