Adjusted LCO Confidence Intervals for
n = 71 and Mean Coverage = 0.9500
Minimum Coverage = 0.9390 

0 0 0.04737
1 0.00089 0.07512
2 0.00563 0.09654
3 0.01262 0.11165
4 0.02083 0.13257
5 0.02983 0.15344
6 0.0394 0.16804
7 0.04737 0.18884
8 0.05587 0.20329
9 0.06896 0.2241
10 0.07512 0.23846
11 0.08965 0.25277
12 0.09654 0.26845
13 0.11165 0.28788
14 0.11631 0.30212
15 0.13257 0.31634
16 0.14377 0.33054
17 0.15344 0.35145
18 0.16804 0.36564
19 0.17813 0.37982
20 0.18884 0.39399
21 0.20329 0.40814
22 0.21628 0.42229
23 0.2241 0.43642
24 0.23846 0.45056
25 0.25277 0.46469
26 0.26662 0.47881
27 0.27325 0.49294
28 0.28788 0.50706
29 0.30212 0.52118
30 0.31634 0.53531
31 0.33054 0.54944
32 0.3431 0.56357
33 0.35145 0.57771
34 0.36564 0.59186
35 0.37982 0.60601
36 0.39399 0.62018
37 0.40814 0.63436
38 0.42229 0.64855
39 0.43643 0.6569
40 0.45056 0.66946
41 0.46469 0.68366
42 0.47882 0.69788
43 0.49294 0.71212
44 0.50706 0.72675
45 0.52119 0.73338
46 0.53531 0.74723
47 0.54944 0.76154
48 0.56358 0.7759
49 0.57771 0.78372
50 0.59186 0.79671
51 0.60601 0.81116
52 0.62018 0.82187
53 0.63436 0.83196
54 0.64855 0.84656
55 0.66946 0.85623
56 0.68366 0.86743
57 0.69788 0.88369
58 0.71212 0.88835
59 0.73155 0.90346
60 0.74723 0.91035
61 0.76154 0.92488
62 0.7759 0.93104
63 0.79671 0.94413
64 0.81116 0.95263
65 0.83196 0.9606
66 0.84656 0.97017
67 0.86743 0.97917
68 0.88835 0.98738
69 0.90346 0.99437
70 0.92488 0.99911
71 0.95263 1
