Adjusted LCO Confidence Intervals for
n = 26 and Mean Coverage = 0.9500
Minimum Coverage = 0.9294 

0 0 0.11327
1 0.00281 0.18815
2 0.01683 0.22922
3 0.03714 0.28632
4 0.06094 0.32581
5 0.0871 0.36485
6 0.11327 0.42217
7 0.13003 0.46112
8 0.17091 0.5
9 0.18815 0.53887
10 0.22922 0.57783
11 0.25804 0.60482
12 0.28632 0.63515
13 0.32581 0.67419
14 0.36485 0.71368
15 0.39518 0.74196
16 0.42217 0.77078
17 0.46113 0.81185
18 0.5 0.82909
19 0.53888 0.86997
20 0.57783 0.88673
21 0.63515 0.9129
22 0.67419 0.93906
23 0.71368 0.96286
24 0.77078 0.98317
25 0.81185 0.99719
26 0.88673 1
