Adjusted LCO Confidence Intervals for
n = 46 and Mean Coverage = 0.99900
Minimum Coverage = 0.99852 

0 0 0.14217
1 3e-05 0.1883
2 0.00122 0.22354
3 0.00485 0.25802
4 0.01068 0.2922
5 0.01824 0.31607
6 0.02717 0.34997
7 0.03725 0.37339
8 0.04828 0.39662
9 0.06015 0.42558
10 0.07274 0.45382
11 0.086 0.47693
12 0.09984 0.5
13 0.11424 0.52307
14 0.12915 0.54617
15 0.14217 0.56664
16 0.15558 0.58366
17 0.17509 0.60338
18 0.1883 0.62661
19 0.20653 0.65003
20 0.22354 0.66613
21 0.2405 0.68393
22 0.25802 0.7078
23 0.278 0.722
24 0.2922 0.74198
25 0.31607 0.7595
26 0.33387 0.77646
27 0.34997 0.79347
28 0.37339 0.8117
29 0.39662 0.82491
30 0.41634 0.84442
31 0.43336 0.85783
32 0.45383 0.87085
33 0.47693 0.88576
34 0.5 0.90016
35 0.52307 0.914
36 0.54618 0.92726
37 0.57442 0.93985
38 0.60338 0.95172
39 0.62661 0.96275
40 0.65003 0.97283
41 0.68393 0.98176
42 0.7078 0.98932
43 0.74198 0.99515
44 0.77646 0.99878
45 0.8117 0.99997
46 0.85783 1
