Adjusted LCO Confidence Intervals for
n = 42 and Mean Coverage = 0.99900
Minimum Coverage = 0.99845 

0 0 0.15608
1 4e-05 0.20679
2 0.00137 0.24553
3 0.00541 0.28349
4 0.01187 0.31003
5 0.02025 0.3474
6 0.03016 0.37326
7 0.04133 0.39886
8 0.05357 0.42999
9 0.06673 0.46185
10 0.08072 0.48729
11 0.09545 0.51271
12 0.11086 0.53815
13 0.12689 0.55969
14 0.1435 0.57923
15 0.15608 0.60114
16 0.17473 0.62674
17 0.19533 0.6526
18 0.2068 0.66878
19 0.23172 0.68997
20 0.24553 0.71651
21 0.27097 0.72903
22 0.28349 0.75447
23 0.31003 0.76828
24 0.33122 0.7932
25 0.3474 0.80467
26 0.37326 0.82527
27 0.39886 0.84392
28 0.42077 0.8565
29 0.44031 0.87311
30 0.46185 0.88914
31 0.48729 0.90455
32 0.51271 0.91928
33 0.53815 0.93327
34 0.57001 0.94643
35 0.60114 0.95867
36 0.62674 0.96984
37 0.6526 0.97975
38 0.68997 0.98813
39 0.71651 0.99459
40 0.75447 0.99863
41 0.79321 0.99996
42 0.84392 1
