Adjusted LCO Confidence Intervals for
n = 53 and Mean Coverage = 0.9500
Minimum Coverage = 0.9368 

0 0 0.06337
1 0.00123 0.09277
2 0.0077 0.12122
3 0.0172 0.14935
4 0.02834 0.17738
5 0.04056 0.19697
6 0.05356 0.22487
7 0.06337 0.24421
8 0.07703 0.26343
9 0.09278 0.29134
10 0.10189 0.31048
11 0.12122 0.32956
12 0.13177 0.34859
13 0.14935 0.37664
14 0.16546 0.39567
15 0.17738 0.41467
16 0.19697 0.43365
17 0.21184 0.45262
18 0.22487 0.47157
19 0.24421 0.49052
20 0.26343 0.50947
21 0.27462 0.52842
22 0.29134 0.54738
23 0.31048 0.56635
24 0.32956 0.58533
25 0.34859 0.60433
26 0.36372 0.62336
27 0.37664 0.63628
28 0.39567 0.65141
29 0.41467 0.67044
30 0.43365 0.68952
31 0.45262 0.70866
32 0.47158 0.72538
33 0.49053 0.73657
34 0.50948 0.75579
35 0.52843 0.77513
36 0.54738 0.78816
37 0.56635 0.80303
38 0.58533 0.82262
39 0.60433 0.83454
40 0.62336 0.85065
41 0.65141 0.86823
42 0.67044 0.87878
43 0.68952 0.89811
44 0.70866 0.90722
45 0.73657 0.92297
46 0.75579 0.93663
47 0.77513 0.94644
48 0.80303 0.95944
49 0.82262 0.97166
50 0.85065 0.9828
51 0.87878 0.9923
52 0.90723 0.99877
53 0.93663 1
