Adjusted LCO Confidence Intervals for
n = 39 and Mean Coverage = 0.9000
Minimum Coverage = 0.8735 

0 0 0.06582
1 0.00346 0.10456
2 0.01582 0.14248
3 0.03179 0.18021
4 0.04962 0.20649
5 0.06582 0.24409
6 0.07998 0.27004
7 0.10456 0.29584
8 0.11664 0.32184
9 0.14248 0.35929
10 0.16276 0.38495
11 0.18021 0.41056
12 0.2065 0.43614
13 0.22777 0.46169
14 0.24409 0.48723
15 0.27004 0.51277
16 0.29584 0.53831
17 0.32139 0.56386
18 0.338 0.58944
19 0.35929 0.61505
20 0.38495 0.64071
21 0.41056 0.662
22 0.43614 0.67861
23 0.46169 0.70416
24 0.48723 0.72996
25 0.51277 0.75591
26 0.53831 0.77223
27 0.56386 0.7935
28 0.58944 0.81979
29 0.61505 0.83724
30 0.64071 0.85752
31 0.67816 0.88336
32 0.70416 0.89544
33 0.72996 0.92002
34 0.75591 0.93418
35 0.79351 0.95038
36 0.81979 0.96821
37 0.85752 0.98418
38 0.89544 0.99654
39 0.93418 1
