Adjusted LCO Confidence Intervals for
n = 53 and Mean Coverage = 0.99900
Minimum Coverage = 0.99859 

0 0 0.12301
1 3e-05 0.16287
2 0.00103 0.20148
3 0.00412 0.23143
4 0.0091 0.25427
5 0.01556 0.28184
6 0.0232 0.31111
7 0.03182 0.33145
8 0.04124 0.35398
9 0.05136 0.3808
10 0.06209 0.40082
11 0.07338 0.42074
12 0.08515 0.44061
13 0.09738 0.46175
14 0.11002 0.48314
15 0.12301 0.50334
16 0.12811 0.52239
17 0.14812 0.54067
18 0.16287 0.55939
19 0.1715 0.57926
20 0.19134 0.59918
21 0.20148 0.61919
22 0.22073 0.6368
23 0.23144 0.64951
24 0.25205 0.66855
25 0.26077 0.68889
26 0.28184 0.70116
27 0.29884 0.71816
28 0.31111 0.73923
29 0.33145 0.74795
30 0.35049 0.76856
31 0.3632 0.77927
32 0.38081 0.79852
33 0.40082 0.80866
34 0.42074 0.8285
35 0.44061 0.83713
36 0.45933 0.85188
37 0.47761 0.87189
38 0.49666 0.87699
39 0.51686 0.88998
40 0.53825 0.90262
41 0.55939 0.91485
42 0.57926 0.92662
43 0.59918 0.93791
44 0.6192 0.94864
45 0.64602 0.95876
46 0.66855 0.96818
47 0.68889 0.9768
48 0.71816 0.98444
49 0.74573 0.9909
50 0.76857 0.99588
51 0.79852 0.99897
52 0.83713 0.99997
53 0.87699 1
