Adjusted LCO Confidence Intervals for
n = 90 and Mean Coverage = 0.99900
Minimum Coverage = 0.99867 

0 0 0.07626
1 2e-05 0.10419
2 0.00059 0.12223
3 0.00236 0.13977
4 0.00522 0.15704
5 0.00892 0.17416
6 0.0133 0.19118
7 0.0182 0.20814
8 0.02356 0.22507
9 0.0293 0.23695
10 0.03537 0.25382
11 0.04173 0.26557
12 0.04834 0.28241
13 0.05518 0.29409
14 0.06224 0.30571
15 0.06948 0.32255
16 0.07626 0.33413
17 0.08088 0.34568
18 0.09101 0.36015
19 0.09959 0.37409
20 0.10419 0.38559
21 0.11463 0.39708
22 0.12223 0.40855
23 0.12962 0.42001
24 0.13977 0.4331
25 0.14472 0.44847
26 0.15704 0.45993
27 0.1609 0.47138
28 0.17416 0.48283
29 0.1797 0.49428
30 0.19118 0.50572
31 0.19934 0.51717
32 0.20814 0.52862
33 0.21913 0.54007
34 0.22507 0.55153
35 0.23695 0.56026
36 0.24647 0.56968
37 0.25382 0.57999
38 0.26557 0.59145
39 0.27554 0.60292
40 0.28242 0.61441
41 0.29409 0.62591
42 0.30571 0.63756
43 0.31381 0.64393
44 0.32255 0.65432
45 0.33413 0.66587
46 0.34568 0.67745
47 0.35607 0.68619
48 0.36244 0.69429
49 0.37409 0.70591
50 0.38559 0.71758
51 0.39708 0.72446
52 0.40855 0.73443
53 0.42001 0.74618
54 0.43032 0.75353
55 0.43974 0.76305
56 0.44847 0.77493
57 0.45993 0.78087
58 0.47138 0.79186
59 0.48283 0.80066
60 0.49428 0.80882
61 0.50572 0.8203
62 0.51717 0.82584
63 0.52862 0.8391
64 0.54007 0.84296
65 0.55153 0.85528
66 0.5669 0.86023
67 0.57999 0.87038
68 0.59145 0.87777
69 0.60292 0.88537
70 0.61441 0.89581
71 0.62591 0.90041
72 0.63985 0.90899
73 0.65432 0.91912
74 0.66587 0.92374
75 0.67745 0.93052
76 0.69429 0.93776
77 0.70591 0.94482
78 0.71759 0.95166
79 0.73443 0.95827
80 0.74618 0.96463
81 0.76305 0.9707
82 0.77493 0.97644
83 0.79186 0.9818
84 0.80882 0.9867
85 0.82584 0.99108
86 0.84296 0.99478
87 0.86023 0.99764
88 0.87777 0.99941
89 0.89581 0.99998
90 0.92374 1
