Adjusted LCO Confidence Intervals for
n = 61 and Mean Coverage = 0.9000
Minimum Coverage = 0.8786 

0 0 0.0423
1 0.00212 0.07395
2 0.00984 0.09849
3 0.01987 0.11573
4 0.03106 0.13986
5 0.0423 0.15671
6 0.04788 0.18078
7 0.06594 0.19745
8 0.07395 0.21404
9 0.09113 0.23812
10 0.09849 0.25466
11 0.11573 0.27114
12 0.12755 0.28936
13 0.13986 0.31176
14 0.15671 0.3282
15 0.16832 0.34462
16 0.18078 0.36101
17 0.19745 0.3774
18 0.21404 0.39377
19 0.22192 0.41013
20 0.23813 0.42888
21 0.25466 0.45088
22 0.27114 0.46726
23 0.287 0.48363
24 0.29535 0.5
25 0.31176 0.51637
26 0.3282 0.53274
27 0.34462 0.54912
28 0.36102 0.56177
29 0.3774 0.57514
30 0.39377 0.58987
31 0.41013 0.60623
32 0.42486 0.6226
33 0.43823 0.63898
34 0.45088 0.65538
35 0.46726 0.6718
36 0.48363 0.68824
37 0.5 0.70465
38 0.51637 0.713
39 0.53274 0.72886
40 0.54912 0.74534
41 0.57112 0.76187
42 0.58987 0.77808
43 0.60623 0.78596
44 0.6226 0.80255
45 0.63899 0.81922
46 0.65538 0.83168
47 0.6718 0.84329
48 0.68824 0.86014
49 0.71064 0.87245
50 0.72886 0.88427
51 0.74534 0.90151
52 0.76188 0.90887
53 0.78596 0.92605
54 0.80255 0.93406
55 0.81922 0.95212
56 0.84329 0.9577
57 0.86014 0.96894
58 0.88427 0.98013
59 0.90151 0.99016
60 0.92605 0.99788
61 0.9577 1
