Adjusted LCO Confidence Intervals for
n = 43 and Mean Coverage = 0.9500
Minimum Coverage = 0.9350 

0 0 0.07801
1 0.00156 0.11419
2 0.00966 0.14921
3 0.0215 0.18389
4 0.03539 0.20814
5 0.05062 0.24255
6 0.06684 0.26639
7 0.07801 0.30083
8 0.09708 0.32449
9 0.11419 0.34805
10 0.13037 0.37154
11 0.14921 0.39496
12 0.16876 0.4195
13 0.18389 0.4491
14 0.20814 0.47658
15 0.22377 0.5
16 0.24255 0.52342
17 0.26639 0.54466
18 0.28842 0.56288
19 0.30083 0.58246
20 0.32449 0.60504
21 0.34805 0.62846
22 0.37154 0.65195
23 0.39496 0.67551
24 0.41754 0.69917
25 0.43712 0.71158
26 0.45534 0.73361
27 0.47658 0.75745
28 0.5 0.77623
29 0.52342 0.79186
30 0.5509 0.81611
31 0.5805 0.83124
32 0.60504 0.85079
33 0.62846 0.86963
34 0.65195 0.88581
35 0.67551 0.90292
36 0.69917 0.92199
37 0.73361 0.93316
38 0.75745 0.94938
39 0.79186 0.96461
40 0.81611 0.9785
41 0.85079 0.99034
42 0.88581 0.99844
43 0.92199 1
