Adjusted LCO Confidence Intervals for
n = 56 and Mean Coverage = 0.99900
Minimum Coverage = 0.99858 

0 0 0.12346
1 3e-05 0.15466
2 0.00098 0.19043
3 0.00391 0.21873
4 0.00863 0.24669
5 0.01474 0.26635
6 0.02196 0.29396
7 0.03009 0.31339
8 0.03898 0.34071
9 0.04853 0.35971
10 0.05865 0.37963
11 0.06928 0.40623
12 0.08036 0.42506
13 0.09187 0.44383
14 0.10376 0.46258
15 0.11601 0.48129
16 0.12347 0.5
17 0.13934 0.51871
18 0.15387 0.53742
19 0.15899 0.55616
20 0.17978 0.57494
21 0.19043 0.59377
22 0.207 0.6082
23 0.21873 0.62199
24 0.23611 0.64028
25 0.24669 0.65929
26 0.26636 0.67534
27 0.27775 0.68691
28 0.29396 0.70604
29 0.31309 0.72225
30 0.32466 0.73364
31 0.34071 0.75331
32 0.35972 0.76389
33 0.37801 0.78127
34 0.3918 0.793
35 0.40623 0.80957
36 0.42506 0.82022
37 0.44384 0.84101
38 0.46258 0.84613
39 0.48129 0.86066
40 0.5 0.87653
41 0.51871 0.88399
42 0.53742 0.89624
43 0.55617 0.90813
44 0.57494 0.91964
45 0.59377 0.93072
46 0.62037 0.94135
47 0.64029 0.95147
48 0.65929 0.96102
49 0.68661 0.96991
50 0.70604 0.97804
51 0.73365 0.98526
52 0.75331 0.99137
53 0.78127 0.99609
54 0.80957 0.99902
55 0.84534 0.99997
56 0.87654 1
