Adjusted LCO Confidence Intervals for
n = 76 and Mean Coverage = 0.9900
Minimum Coverage = 0.9873 

0 0 0.06473
1 0.00017 0.09155
2 0.00223 0.11215
3 0.00634 0.13232
4 0.0118 0.15229
5 0.01821 0.17215
6 0.0253 0.18613
7 0.03295 0.20585
8 0.04104 0.21962
9 0.04951 0.23929
10 0.05829 0.25294
11 0.06473 0.27261
12 0.07404 0.28618
13 0.08516 0.29971
14 0.09155 0.3194
15 0.10326 0.33289
16 0.11215 0.34635
17 0.12224 0.35978
18 0.13232 0.37412
19 0.14269 0.39298
20 0.15229 0.40639
21 0.16454 0.41979
22 0.17215 0.43317
23 0.18614 0.44655
24 0.1943 0.45992
25 0.20585 0.47328
26 0.21962 0.48664
27 0.22626 0.5
28 0.23929 0.51336
29 0.25294 0.52672
30 0.26289 0.54008
31 0.27261 0.55345
32 0.28618 0.56682
33 0.29971 0.58021
34 0.31021 0.59361
35 0.3194 0.60702
36 0.33289 0.61769
37 0.34635 0.62732
38 0.35978 0.64022
39 0.37268 0.65365
40 0.38231 0.66711
41 0.39298 0.6806
42 0.40639 0.68979
43 0.41979 0.70029
44 0.43318 0.71382
45 0.44655 0.72739
46 0.45992 0.73711
47 0.47328 0.74706
48 0.48664 0.76071
49 0.5 0.77374
50 0.51336 0.78038
51 0.52672 0.79415
52 0.54008 0.8057
53 0.55345 0.81386
54 0.56683 0.82785
55 0.58021 0.83546
56 0.59361 0.84771
57 0.60702 0.85731
58 0.62588 0.86768
59 0.64022 0.87776
60 0.65365 0.88785
61 0.66711 0.89674
62 0.6806 0.90845
63 0.70029 0.91484
64 0.71382 0.92596
65 0.72739 0.93527
66 0.74706 0.94171
67 0.76071 0.95049
68 0.78038 0.95896
69 0.79415 0.96705
70 0.81387 0.9747
71 0.82785 0.98179
72 0.84771 0.9882
73 0.86768 0.99366
74 0.88785 0.99777
75 0.90845 0.99983
76 0.93527 1
