Adjusted LCO Confidence Intervals for
n = 28 and Mean Coverage = 0.9500
Minimum Coverage = 0.9321 

0 0 0.10528
1 0.00251 0.1748
2 0.01528 0.21301
3 0.03389 0.26597
4 0.05574 0.30267
5 0.07977 0.35565
6 0.10528 0.39195
7 0.11414 0.42805
8 0.15607 0.46405
9 0.1748 0.5
10 0.21301 0.53595
11 0.22931 0.57194
12 0.26598 0.60805
13 0.30268 0.64434
14 0.32717 0.67283
15 0.35566 0.69732
16 0.39195 0.73402
17 0.42806 0.77069
18 0.46405 0.78699
19 0.5 0.8252
20 0.53595 0.84393
21 0.57195 0.88586
22 0.60805 0.89472
23 0.64435 0.92023
24 0.69733 0.94426
25 0.73403 0.96611
26 0.78699 0.98472
27 0.8252 0.99749
28 0.89472 1
