Adjusted LCO Confidence Intervals for
n = 29 and Mean Coverage = 0.9900
Minimum Coverage = 0.9853 

0 0 0.15693
1 0.00051 0.21268
2 0.00636 0.26632
3 0.01783 0.31949
4 0.03306 0.35629
5 0.05097 0.39258
6 0.07095 0.43069
7 0.09261 0.47246
8 0.11569 0.50957
9 0.14002 0.5421
10 0.15693 0.57302
11 0.18726 0.60742
12 0.21268 0.64371
13 0.23978 0.68051
14 0.26632 0.6994
15 0.3006 0.73368
16 0.31949 0.76022
17 0.35629 0.78732
18 0.39258 0.81274
19 0.42698 0.84307
20 0.4579 0.85998
21 0.49043 0.88431
22 0.52754 0.90739
23 0.56931 0.92905
24 0.60742 0.94903
25 0.64371 0.96694
26 0.68051 0.98217
27 0.73368 0.99364
28 0.78732 0.99949
29 0.84307 1
