Adjusted LCO Confidence Intervals for
n = 50 and Mean Coverage = 0.9500
Minimum Coverage = 0.9360 

0 0 0.06715
1 0.00132 0.0983
2 0.00823 0.12844
3 0.01834 0.15827
4 0.0302 0.18798
5 0.0432 0.20873
6 0.05703 0.23832
7 0.06715 0.25881
8 0.08229 0.27918
9 0.0983 0.30879
10 0.10949 0.32907
11 0.12845 0.3493
12 0.14161 0.36947
13 0.15827 0.38961
14 0.17721 0.40972
15 0.18798 0.43212
16 0.20873 0.45975
17 0.2276 0.47988
18 0.23832 0.5
19 0.25881 0.52012
20 0.27918 0.54025
21 0.29761 0.55496
22 0.30879 0.57182
23 0.32908 0.59028
24 0.3493 0.61039
25 0.36947 0.63053
26 0.38961 0.6507
27 0.40972 0.67092
28 0.42818 0.69121
29 0.44504 0.70239
30 0.45975 0.72082
31 0.47988 0.74119
32 0.5 0.76168
33 0.52012 0.7724
34 0.54025 0.79127
35 0.56788 0.81202
36 0.59028 0.82279
37 0.61039 0.84173
38 0.63053 0.85839
39 0.6507 0.87155
40 0.67093 0.89051
41 0.69121 0.9017
42 0.72082 0.91771
43 0.74119 0.93285
44 0.76168 0.94297
45 0.79127 0.9568
46 0.81202 0.9698
47 0.84173 0.98166
48 0.87156 0.99177
49 0.9017 0.99868
50 0.93285 1
