Adjusted LCO Confidence Intervals for
n = 92 and Mean Coverage = 0.9500
Minimum Coverage = 0.9402 

0 0 0.0366
1 0.00067 0.05802
2 0.00429 0.07457
3 0.00964 0.09088
4 0.01593 0.10241
5 0.02281 0.11851
6 0.03014 0.1346
7 0.0366 0.14585
8 0.04223 0.1619
9 0.05256 0.17306
10 0.05802 0.1891
11 0.06806 0.2002
12 0.07457 0.21126
13 0.08478 0.22731
14 0.09088 0.23834
15 0.10241 0.24935
16 0.10602 0.26034
17 0.11852 0.27643
18 0.12781 0.28741
19 0.1346 0.29837
20 0.14585 0.30932
21 0.15467 0.32026
22 0.1619 0.33409
23 0.17306 0.34734
24 0.18369 0.35827
25 0.1891 0.3692
26 0.2002 0.38012
27 0.21126 0.39103
28 0.22142 0.40194
29 0.22731 0.41285
30 0.23834 0.42375
31 0.24936 0.43465
32 0.26034 0.44555
33 0.26936 0.45781
34 0.27643 0.47016
35 0.28741 0.48344
36 0.29837 0.49455
37 0.30932 0.50545
38 0.32026 0.51647
39 0.33028 0.52522
40 0.33557 0.53489
41 0.34734 0.54466
42 0.35828 0.55446
43 0.3692 0.56535
44 0.38012 0.57625
45 0.39103 0.58715
46 0.40194 0.59806
47 0.41285 0.60897
48 0.42375 0.61988
49 0.43465 0.6308
50 0.44554 0.64172
51 0.45534 0.65266
52 0.46511 0.66443
53 0.47478 0.66972
54 0.48353 0.67974
55 0.49455 0.69068
56 0.50545 0.70163
57 0.51656 0.71259
58 0.52984 0.72357
59 0.54219 0.73064
60 0.55445 0.73966
61 0.56535 0.75064
62 0.57625 0.76166
63 0.58715 0.77269
64 0.59806 0.77858
65 0.60897 0.78874
66 0.61988 0.7998
67 0.6308 0.8109
68 0.64173 0.81631
69 0.65266 0.82694
70 0.66591 0.8381
71 0.67974 0.84533
72 0.69068 0.85415
73 0.70163 0.8654
74 0.71259 0.87219
75 0.72357 0.88148
76 0.73966 0.89398
77 0.75065 0.89759
78 0.76166 0.90912
79 0.77269 0.91522
80 0.78874 0.92543
81 0.7998 0.93194
82 0.8109 0.94198
83 0.82694 0.94744
84 0.8381 0.95777
85 0.85415 0.9634
86 0.8654 0.96986
87 0.88149 0.97719
88 0.89759 0.98407
89 0.90912 0.99036
90 0.92543 0.99571
91 0.94198 0.99933
92 0.9634 1
