Adjusted LCO Confidence Intervals for
n = 54 and Mean Coverage = 0.99900
Minimum Coverage = 0.99855 

0 0 0.12069
1 3e-05 0.15979
2 0.00102 0.19765
3 0.00408 0.22704
4 0.00899 0.25059
5 0.01536 0.27648
6 0.02288 0.30517
7 0.03134 0.32512
8 0.0406 0.35376
9 0.05055 0.3735
10 0.06109 0.39312
11 0.07216 0.41266
12 0.08371 0.4342
13 0.09571 0.45929
14 0.10811 0.48051
15 0.12069 0.5
16 0.12643 0.51949
17 0.14547 0.53843
18 0.15979 0.55299
19 0.16848 0.56936
20 0.18777 0.58734
21 0.19766 0.60688
22 0.21649 0.6265
23 0.22704 0.64624
24 0.24708 0.65726
25 0.25449 0.67488
26 0.27648 0.69483
27 0.29254 0.70746
28 0.30517 0.72352
29 0.32512 0.74551
30 0.34274 0.75292
31 0.35376 0.77296
32 0.3735 0.78351
33 0.39312 0.80234
34 0.41266 0.81223
35 0.43064 0.83152
36 0.44701 0.84021
37 0.46157 0.85453
38 0.48051 0.87357
39 0.5 0.87931
40 0.51949 0.89189
41 0.54071 0.90429
42 0.5658 0.91629
43 0.58734 0.92784
44 0.60688 0.93891
45 0.6265 0.94945
46 0.64624 0.9594
47 0.67488 0.96866
48 0.69483 0.97712
49 0.72352 0.98464
50 0.74941 0.99101
51 0.77296 0.99592
52 0.80235 0.99898
53 0.84021 0.99997
54 0.87931 1
