Adjusted LCO Confidence Intervals for
n = 40 and Mean Coverage = 0.9500
Minimum Coverage = 0.9338 

0 0 0.08382
1 0.00171 0.12269
2 0.0105 0.16033
3 0.02332 0.19762
4 0.03833 0.22366
5 0.05481 0.26068
6 0.07234 0.28629
7 0.08382 0.31172
8 0.10547 0.34404
9 0.12269 0.37414
10 0.14218 0.39939
11 0.16033 0.42459
12 0.18398 0.44974
13 0.19762 0.47488
14 0.22366 0.5
15 0.24581 0.52512
16 0.26068 0.55025
17 0.28629 0.57541
18 0.31172 0.60061
19 0.33477 0.62586
20 0.34722 0.65278
21 0.37414 0.66523
22 0.39939 0.68828
23 0.42459 0.71371
24 0.44975 0.73932
25 0.47488 0.75419
26 0.5 0.77634
27 0.52512 0.80238
28 0.55026 0.81602
29 0.57541 0.83967
30 0.60061 0.85782
31 0.62586 0.87731
32 0.65596 0.89453
33 0.68828 0.91618
34 0.71371 0.92766
35 0.73932 0.94519
36 0.77634 0.96167
37 0.80238 0.97668
38 0.83967 0.9895
39 0.87731 0.99829
40 0.91618 1
