Adjusted LCO Confidence Intervals for
n = 94 and Mean Coverage = 0.9000
Minimum Coverage = 0.8821 

0 0 0.03169
1 0.00133 0.04812
2 0.00627 0.06409
3 0.01269 0.0799
4 0.01987 0.09102
5 0.02752 0.10669
6 0.03169 0.11764
7 0.04191 0.13327
8 0.04813 0.14413
9 0.05762 0.15977
10 0.06409 0.17057
11 0.07492 0.18135
12 0.0799 0.19209
13 0.09102 0.20774
14 0.09917 0.21847
15 0.10669 0.22918
16 0.11764 0.23997
17 0.12565 0.25556
18 0.13328 0.26625
19 0.14413 0.27692
20 0.15466 0.28759
21 0.15977 0.29825
22 0.17057 0.31399
23 0.18135 0.32465
24 0.19209 0.3353
25 0.19646 0.34595
26 0.20774 0.35659
27 0.21847 0.36723
28 0.22918 0.37786
29 0.23984 0.3885
30 0.24492 0.39912
31 0.25556 0.40975
32 0.26625 0.42164
33 0.27692 0.43623
34 0.28759 0.44686
35 0.29825 0.45749
36 0.30723 0.46812
37 0.31399 0.47874
38 0.32465 0.48937
39 0.3353 0.5
40 0.34595 0.51063
41 0.35659 0.52125
42 0.36723 0.53188
43 0.37786 0.54251
44 0.3885 0.55314
45 0.39912 0.56377
46 0.40975 0.57188
47 0.41952 0.58048
48 0.42812 0.59025
49 0.43623 0.60088
50 0.44686 0.6115
51 0.45749 0.62214
52 0.46812 0.63277
53 0.47875 0.64341
54 0.48937 0.65405
55 0.5 0.6647
56 0.51063 0.67535
57 0.52126 0.68601
58 0.53188 0.69277
59 0.54251 0.70175
60 0.55314 0.71241
61 0.56377 0.72308
62 0.57836 0.73375
63 0.59025 0.74444
64 0.60088 0.75508
65 0.6115 0.76016
66 0.62214 0.77082
67 0.63277 0.78153
68 0.64341 0.79226
69 0.65405 0.80354
70 0.6647 0.80791
71 0.67535 0.81865
72 0.68601 0.82943
73 0.70175 0.84023
74 0.71241 0.84534
75 0.72308 0.85587
76 0.73375 0.86672
77 0.74444 0.87435
78 0.76003 0.88236
79 0.77082 0.89331
80 0.78153 0.90083
81 0.79226 0.90898
82 0.80791 0.9201
83 0.81865 0.92508
84 0.82943 0.93591
85 0.84023 0.94238
86 0.85587 0.95187
87 0.86673 0.95809
88 0.88236 0.96831
89 0.89331 0.97248
90 0.90898 0.98013
91 0.9201 0.98731
92 0.93591 0.99373
93 0.95188 0.99867
94 0.96831 1
