Adjusted LCO Confidence Intervals for
n = 54 and Mean Coverage = 0.9500
Minimum Coverage = 0.9372 

0 0 0.0622
1 0.0012 0.09107
2 0.00753 0.11899
3 0.01683 0.1466
4 0.02774 0.17411
5 0.03972 0.19334
6 0.05246 0.22072
7 0.0622 0.2397
8 0.07534 0.26318
9 0.09107 0.28595
10 0.09936 0.30474
11 0.11899 0.32347
12 0.12852 0.3452
13 0.1466 0.36966
14 0.16171 0.38834
15 0.17411 0.40698
16 0.19334 0.42561
17 0.2067 0.44422
18 0.22072 0.46282
19 0.2397 0.48141
20 0.2577 0.5
21 0.26369 0.51859
22 0.28595 0.53718
23 0.30474 0.55578
24 0.32347 0.57439
25 0.34088 0.59302
26 0.35199 0.61166
27 0.36966 0.63034
28 0.38834 0.64801
29 0.40698 0.65912
30 0.42561 0.67653
31 0.44422 0.69526
32 0.46282 0.71405
33 0.48141 0.73631
34 0.5 0.7423
35 0.51859 0.7603
36 0.53718 0.77928
37 0.55578 0.7933
38 0.57439 0.80666
39 0.59302 0.82589
40 0.61166 0.83829
41 0.63034 0.8534
42 0.6548 0.87148
43 0.67653 0.88101
44 0.69526 0.90064
45 0.71405 0.90893
46 0.73682 0.92466
47 0.7603 0.9378
48 0.77928 0.94754
49 0.80666 0.96028
50 0.82589 0.97226
51 0.8534 0.98317
52 0.88101 0.99247
53 0.90893 0.9988
54 0.9378 1
