Adjusted LCO Confidence Intervals for
n = 89 and Mean Coverage = 0.9000
Minimum Coverage = 0.8830 

0 0 0.03346
1 0.0014 0.05081
2 0.00659 0.06767
3 0.01336 0.08436
4 0.02093 0.0961
5 0.02901 0.11265
6 0.03346 0.12421
7 0.0442 0.14072
8 0.05082 0.15218
9 0.0608 0.1636
10 0.06767 0.18011
11 0.0791 0.19148
12 0.08436 0.20282
13 0.09611 0.21936
14 0.10483 0.23068
15 0.11265 0.24199
16 0.12421 0.25328
17 0.133 0.26986
18 0.14072 0.28114
19 0.15218 0.29241
20 0.1636 0.30368
21 0.16801 0.31493
22 0.18011 0.32618
23 0.19148 0.34282
24 0.20282 0.35407
25 0.20989 0.36532
26 0.21936 0.37656
27 0.23068 0.38779
28 0.24199 0.39902
29 0.25328 0.41025
30 0.26217 0.42147
31 0.26986 0.4327
32 0.28114 0.44392
33 0.29241 0.45514
34 0.30368 0.46635
35 0.31493 0.47757
36 0.32618 0.48878
37 0.3363 0.5
38 0.34282 0.51122
39 0.35407 0.52243
40 0.36532 0.53365
41 0.37656 0.54486
42 0.38779 0.55608
43 0.39902 0.5673
44 0.41025 0.57852
45 0.42148 0.58975
46 0.4327 0.60098
47 0.44392 0.61221
48 0.45514 0.62344
49 0.46635 0.63468
50 0.47757 0.64593
51 0.48878 0.65718
52 0.5 0.6637
53 0.51122 0.67382
54 0.52243 0.68507
55 0.53365 0.69632
56 0.54486 0.70759
57 0.55608 0.71886
58 0.5673 0.73014
59 0.57853 0.73783
60 0.58975 0.74672
61 0.60098 0.75801
62 0.61221 0.76932
63 0.62344 0.78064
64 0.63468 0.79011
65 0.64593 0.79718
66 0.65718 0.80852
67 0.67382 0.81989
68 0.68507 0.83199
69 0.69632 0.8364
70 0.70759 0.84782
71 0.71886 0.85928
72 0.73014 0.867
73 0.74672 0.87579
74 0.75801 0.88735
75 0.76932 0.89517
76 0.78064 0.90389
77 0.79718 0.91564
78 0.80852 0.9209
79 0.81989 0.93233
80 0.8364 0.9392
81 0.84782 0.94918
82 0.85928 0.9558
83 0.87579 0.96654
84 0.88735 0.97099
85 0.9039 0.97907
86 0.91564 0.98664
87 0.93233 0.99341
88 0.94919 0.9986
89 0.96654 1
