Adjusted LCO Confidence Intervals for
n = 85 and Mean Coverage = 0.9000
Minimum Coverage = 0.8812 

0 0 0.03044
1 0.00149 0.05319
2 0.00696 0.07083
3 0.01409 0.08326
4 0.02205 0.1006
5 0.03044 0.11792
6 0.03231 0.13002
7 0.04657 0.14731
8 0.05319 0.1593
9 0.0641 0.17125
10 0.07083 0.18854
11 0.08326 0.20044
12 0.08604 0.21232
13 0.1006 0.22963
14 0.11078 0.24149
15 0.11792 0.25332
16 0.13002 0.26514
17 0.14066 0.27694
18 0.14731 0.29431
19 0.15931 0.30612
20 0.17125 0.3179
21 0.17957 0.32969
22 0.18854 0.34146
23 0.20044 0.35323
24 0.21232 0.36499
25 0.22314 0.37681
26 0.22963 0.39422
27 0.24149 0.40598
28 0.25332 0.41774
29 0.26514 0.4295
30 0.27694 0.44125
31 0.28628 0.453
32 0.29432 0.46476
33 0.30612 0.4765
34 0.31791 0.48825
35 0.32969 0.5
36 0.34146 0.51175
37 0.35323 0.5235
38 0.36499 0.53524
39 0.3767 0.54699
40 0.38562 0.55875
41 0.39422 0.5705
42 0.40598 0.58226
43 0.41774 0.59402
44 0.4295 0.60578
45 0.44125 0.61438
46 0.45301 0.6233
47 0.46476 0.63501
48 0.4765 0.64677
49 0.48825 0.65854
50 0.5 0.67031
51 0.51175 0.68209
52 0.5235 0.69388
53 0.53524 0.70568
54 0.547 0.71372
55 0.55875 0.72306
56 0.5705 0.73486
57 0.58226 0.74668
58 0.59402 0.75851
59 0.60578 0.77037
60 0.62319 0.77686
61 0.63501 0.78768
62 0.64677 0.79956
63 0.65854 0.81146
64 0.67031 0.82043
65 0.6821 0.82875
66 0.69388 0.84069
67 0.70569 0.85269
68 0.72306 0.85934
69 0.73486 0.86998
70 0.74668 0.88208
71 0.75851 0.88922
72 0.77037 0.8994
73 0.78768 0.91396
74 0.79956 0.91674
75 0.81146 0.92917
76 0.82875 0.9359
77 0.8407 0.94681
78 0.85269 0.95343
79 0.86998 0.96769
80 0.88208 0.96956
81 0.8994 0.97795
82 0.91674 0.98591
83 0.92917 0.99304
84 0.94681 0.99851
85 0.96956 1
