Adjusted LCO Confidence Intervals for
n = 93 and Mean Coverage = 0.9900
Minimum Coverage = 0.9876 

0 0 0.05287
1 0.00013 0.07477
2 0.0018 0.0916
3 0.00512 0.10807
4 0.00955 0.12437
5 0.01473 0.14058
6 0.02048 0.15672
7 0.02667 0.17284
8 0.03322 0.18415
9 0.04006 0.2002
10 0.04716 0.2114
11 0.05287 0.22744
12 0.05939 0.23856
13 0.06866 0.24964
14 0.07477 0.26568
15 0.08276 0.27672
16 0.0916 0.28773
17 0.09709 0.30379
18 0.10807 0.31478
19 0.11256 0.32575
20 0.12437 0.33671
21 0.13019 0.34765
22 0.14058 0.36376
23 0.14889 0.3747
24 0.15672 0.38563
25 0.16789 0.39655
26 0.17284 0.40746
27 0.18415 0.41836
28 0.19409 0.42926
29 0.2002 0.44015
30 0.2114 0.45147
31 0.22184 0.46368
32 0.22744 0.47592
33 0.23856 0.48844
34 0.24965 0.5
35 0.25806 0.51045
36 0.26568 0.51993
37 0.27672 0.52969
38 0.28773 0.5395
39 0.29747 0.54932
40 0.30379 0.55985
41 0.31478 0.57074
42 0.32576 0.58164
43 0.33671 0.59254
44 0.34765 0.60345
45 0.35575 0.61437
46 0.36376 0.6253
47 0.3747 0.63624
48 0.38563 0.64425
49 0.39655 0.65235
50 0.40746 0.66329
51 0.41836 0.67424
52 0.42926 0.68522
53 0.44015 0.69621
54 0.45068 0.70253
55 0.4605 0.71227
56 0.47031 0.72328
57 0.48007 0.73432
58 0.48955 0.74194
59 0.5 0.75035
60 0.51156 0.76144
61 0.52408 0.77256
62 0.53632 0.77816
63 0.54853 0.7886
64 0.55985 0.7998
65 0.57074 0.80591
66 0.58164 0.81585
67 0.59254 0.82716
68 0.60345 0.83211
69 0.61437 0.84328
70 0.6253 0.85111
71 0.63624 0.85942
72 0.65235 0.86981
73 0.66329 0.87563
74 0.67425 0.88744
75 0.68522 0.89193
76 0.69621 0.90291
77 0.71227 0.9084
78 0.72328 0.91724
79 0.73432 0.92523
80 0.75036 0.93134
81 0.76144 0.94061
82 0.77256 0.94713
83 0.7886 0.95284
84 0.7998 0.95994
85 0.81585 0.96678
86 0.82716 0.97333
87 0.84328 0.97952
88 0.85942 0.98527
89 0.87563 0.99045
90 0.89193 0.99488
91 0.9084 0.9982
92 0.92523 0.99987
93 0.94713 1
