Adjusted LCO Confidence Intervals for
n = 22 and Mean Coverage = 0.9000
Minimum Coverage = 0.8656 

0 0 0.1155
1 0.00654 0.18353
2 0.02923 0.23484
3 0.05842 0.29674
4 0.09103 0.34238
5 0.1155 0.38763
6 0.15342 0.4412
7 0.18353 0.494
8 0.22946 0.53531
9 0.24764 0.57309
10 0.29674 0.61237
11 0.34238 0.65762
12 0.38763 0.70326
13 0.42691 0.75236
14 0.46469 0.77054
15 0.506 0.81647
16 0.5588 0.84658
17 0.61237 0.8845
18 0.65762 0.90897
19 0.70326 0.94158
20 0.76516 0.97077
21 0.81647 0.99346
22 0.8845 1
