Adjusted LCO Confidence Intervals for
n = 78 and Mean Coverage = 0.99900
Minimum Coverage = 0.99866 

0 0 0.08815
1 2e-05 0.11523
2 0.00068 0.1413
3 0.00274 0.16158
4 0.00606 0.18156
5 0.01035 0.20137
6 0.01543 0.22108
7 0.02113 0.23496
8 0.02736 0.25453
9 0.03404 0.2682
10 0.0411 0.28771
11 0.0485 0.30126
12 0.05621 0.32077
13 0.06419 0.33423
14 0.07242 0.34764
15 0.08088 0.36495
16 0.08815 0.38057
17 0.09527 0.39391
18 0.10634 0.40722
19 0.11523 0.42051
20 0.12184 0.43379
21 0.13424 0.44843
22 0.1413 0.46395
23 0.15267 0.48008
24 0.16158 0.49336
25 0.17194 0.50664
26 0.18156 0.51992
27 0.1924 0.53105
28 0.20137 0.5424
29 0.21395 0.55402
30 0.22108 0.56621
31 0.23496 0.57949
32 0.24405 0.59278
33 0.25453 0.60609
34 0.2682 0.61943
35 0.27622 0.63335
36 0.28772 0.64043
37 0.30126 0.65236
38 0.31202 0.66577
39 0.32077 0.67923
40 0.33423 0.68798
41 0.34764 0.69874
42 0.35957 0.71228
43 0.36665 0.72378
44 0.38057 0.7318
45 0.39391 0.74547
46 0.40722 0.75595
47 0.42051 0.76504
48 0.43379 0.77892
49 0.44598 0.78605
50 0.4576 0.79863
51 0.46895 0.8076
52 0.48008 0.81844
53 0.49336 0.82806
54 0.50664 0.83842
55 0.51992 0.84733
56 0.53605 0.8587
57 0.55157 0.86576
58 0.56621 0.87816
59 0.57949 0.88477
60 0.59278 0.89366
61 0.60609 0.90473
62 0.61943 0.91185
63 0.63505 0.91912
64 0.65236 0.92758
65 0.66577 0.93581
66 0.67923 0.94379
67 0.69874 0.9515
68 0.71229 0.9589
69 0.7318 0.96596
70 0.74547 0.97264
71 0.76504 0.97887
72 0.77892 0.98457
73 0.79863 0.98965
74 0.81844 0.99394
75 0.83842 0.99726
76 0.8587 0.99932
77 0.88477 0.99998
78 0.91185 1
