Adjusted LCO Confidence Intervals for
n = 80 and Mean Coverage = 0.9000
Minimum Coverage = 0.8828 

0 0 0.03264
1 0.00156 0.0565
2 0.00734 0.07524
3 0.01489 0.08852
4 0.02332 0.10685
5 0.03232 0.12525
6 0.03282 0.13809
7 0.04932 0.15646
8 0.0565 0.1692
9 0.06793 0.18189
10 0.07524 0.20026
11 0.08842 0.2129
12 0.09056 0.22551
13 0.10685 0.23809
14 0.11763 0.2565
15 0.12525 0.26907
16 0.1381 0.28162
17 0.14956 0.29416
18 0.15647 0.30668
19 0.1692 0.32517
20 0.18189 0.33769
21 0.19152 0.35021
22 0.20026 0.36271
23 0.2129 0.37521
24 0.22551 0.38771
25 0.23809 0.4002
26 0.24451 0.41268
27 0.2565 0.42516
28 0.26907 0.43764
29 0.28162 0.45039
30 0.29416 0.46428
31 0.30668 0.47802
32 0.31524 0.49141
33 0.32517 0.50404
34 0.33769 0.51591
35 0.35021 0.52743
36 0.36271 0.5388
37 0.37521 0.55011
38 0.38771 0.56236
39 0.4002 0.57484
40 0.41268 0.58732
41 0.42516 0.5998
42 0.43764 0.61229
43 0.44989 0.62479
44 0.4612 0.63729
45 0.47257 0.64979
46 0.48409 0.66231
47 0.49596 0.67483
48 0.50859 0.68476
49 0.52198 0.69332
50 0.53572 0.70584
51 0.54961 0.71838
52 0.56236 0.73093
53 0.57484 0.7435
54 0.58732 0.75549
55 0.5998 0.76191
56 0.61229 0.77449
57 0.62479 0.7871
58 0.63729 0.79974
59 0.64979 0.80848
60 0.66231 0.81811
61 0.67483 0.8308
62 0.69332 0.84353
63 0.70584 0.85044
64 0.71838 0.8619
65 0.73093 0.87475
66 0.7435 0.88237
67 0.76191 0.89315
68 0.77449 0.90944
69 0.7871 0.91158
70 0.79974 0.92476
71 0.81811 0.93207
72 0.8308 0.9435
73 0.84354 0.95068
74 0.86191 0.96718
75 0.87475 0.96768
76 0.89315 0.97668
77 0.91148 0.98511
78 0.92476 0.99266
79 0.9435 0.99844
80 0.96736 1
