Adjusted LCO Confidence Intervals for
n = 75 and Mean Coverage = 0.9500
Minimum Coverage = 0.9385 

0 0 0.04486
1 0.00085 0.07112
2 0.00535 0.09141
3 0.01198 0.10572
4 0.01975 0.12552
5 0.02827 0.14528
6 0.03733 0.15911
7 0.04486 0.1788
8 0.0529 0.19248
9 0.06527 0.21217
10 0.07112 0.22577
11 0.0848 0.23933
12 0.09141 0.25903
13 0.10572 0.27255
14 0.10909 0.28604
15 0.12552 0.2995
16 0.13559 0.31926
17 0.14528 0.33271
18 0.15911 0.34615
19 0.1675 0.35957
20 0.1788 0.37297
21 0.19248 0.38637
22 0.20337 0.39976
23 0.21217 0.41361
24 0.22577 0.43306
25 0.23933 0.44646
26 0.25008 0.45984
27 0.25903 0.47323
28 0.27255 0.48662
29 0.28604 0.5
30 0.2995 0.51338
31 0.31113 0.52677
32 0.31926 0.54015
33 0.33271 0.55354
34 0.34615 0.56694
35 0.35957 0.57616
36 0.37298 0.58719
37 0.38637 0.60024
38 0.39976 0.61363
39 0.41281 0.62702
40 0.42384 0.64043
41 0.43306 0.65385
42 0.44646 0.66729
43 0.45985 0.68074
44 0.47323 0.68887
45 0.48662 0.7005
46 0.5 0.71396
47 0.51338 0.72745
48 0.52677 0.74097
49 0.54016 0.74992
50 0.55354 0.76067
51 0.56694 0.77423
52 0.58639 0.78783
53 0.60024 0.79663
54 0.61363 0.80752
55 0.62703 0.8212
56 0.64043 0.8325
57 0.65385 0.84089
58 0.66729 0.85472
59 0.68074 0.86441
60 0.7005 0.87448
61 0.71396 0.89091
62 0.72745 0.89428
63 0.74097 0.90859
64 0.76067 0.9152
65 0.77423 0.92888
66 0.78783 0.93473
67 0.80752 0.9471
68 0.8212 0.95514
69 0.84089 0.96267
70 0.85472 0.97173
71 0.87448 0.98025
72 0.89428 0.98802
73 0.90859 0.99465
74 0.92888 0.99915
75 0.95514 1
