Adjusted LCO Confidence Intervals for
n = 25 and Mean Coverage = 0.9000
Minimum Coverage = 0.8628 

0 0 0.10192
1 0.00589 0.16192
2 0.02602 0.22082
3 0.05179 0.26172
4 0.08047 0.302
5 0.10192 0.36055
6 0.13478 0.40054
7 0.16192 0.44038
8 0.2004 0.48014
9 0.22082 0.51986
10 0.26172 0.55962
11 0.302 0.59946
12 0.33238 0.63945
13 0.36055 0.66762
14 0.40054 0.698
15 0.44038 0.73828
16 0.48014 0.77918
17 0.51986 0.7996
18 0.55962 0.83808
19 0.59946 0.86522
20 0.63945 0.89808
21 0.698 0.91953
22 0.73828 0.94821
23 0.77918 0.97398
24 0.83808 0.99411
25 0.89808 1
