Adjusted LCO Confidence Intervals for
n = 84 and Mean Coverage = 0.99900
Minimum Coverage = 0.99867 

0 0 0.08177
1 2e-05 0.1069
2 0.00063 0.13107
3 0.00254 0.14988
4 0.0056 0.16841
5 0.00958 0.18677
6 0.01428 0.20504
7 0.01956 0.22324
8 0.02532 0.23605
9 0.03149 0.25416
10 0.03802 0.2668
11 0.04486 0.28488
12 0.05198 0.29742
13 0.05934 0.3155
14 0.06694 0.32797
15 0.07475 0.3404
16 0.08178 0.35279
17 0.08754 0.37091
18 0.09808 0.38328
19 0.1069 0.39562
20 0.11131 0.40794
21 0.12367 0.42025
22 0.13107 0.43342
23 0.14028 0.44879
24 0.14988 0.46311
25 0.1575 0.47541
26 0.16841 0.48771
27 0.17599 0.5
28 0.18677 0.51229
29 0.19585 0.52459
30 0.20504 0.53689
31 0.21651 0.54814
32 0.22325 0.55765
33 0.23605 0.5681
34 0.2451 0.57975
35 0.25416 0.59206
36 0.2668 0.60438
37 0.27574 0.61672
38 0.28488 0.62909
39 0.29742 0.63849
40 0.30882 0.64721
41 0.3155 0.6596
42 0.32797 0.67203
43 0.3404 0.6845
44 0.35279 0.69118
45 0.36151 0.70258
46 0.37091 0.71512
47 0.38328 0.72426
48 0.39562 0.7332
49 0.40794 0.74584
50 0.42025 0.7549
51 0.4319 0.76395
52 0.44235 0.77675
53 0.45186 0.78349
54 0.46311 0.79496
55 0.47541 0.80415
56 0.48771 0.81323
57 0.5 0.82401
58 0.51229 0.83159
59 0.52459 0.8425
60 0.53689 0.85012
61 0.55121 0.85972
62 0.56658 0.86893
63 0.57975 0.87633
64 0.59206 0.88869
65 0.60438 0.8931
66 0.61672 0.90192
67 0.62909 0.91246
68 0.64721 0.91822
69 0.6596 0.92525
70 0.67203 0.93306
71 0.6845 0.94066
72 0.70258 0.94802
73 0.71512 0.95514
74 0.7332 0.96198
75 0.74584 0.96851
76 0.76395 0.97468
77 0.77676 0.98044
78 0.79496 0.98572
79 0.81323 0.99042
80 0.83159 0.9944
81 0.85012 0.99746
82 0.86893 0.99937
83 0.8931 0.99998
84 0.91823 1
