Adjusted LCO Confidence Intervals for
n = 48 and Mean Coverage = 0.99900
Minimum Coverage = 0.99858 

0 0 0.13611
1 3e-05 0.18025
2 0.00114 0.21397
3 0.00457 0.24696
4 0.0101 0.27963
5 0.01727 0.31219
6 0.02576 0.33484
7 0.03534 0.35893
8 0.04583 0.38967
9 0.05711 0.41188
10 0.06908 0.43399
11 0.08168 0.45603
12 0.09484 0.47803
13 0.10852 0.5
14 0.12268 0.52197
15 0.13611 0.54397
16 0.14631 0.56601
17 0.16594 0.58812
18 0.18025 0.61033
19 0.1948 0.62869
20 0.21398 0.64362
21 0.22562 0.66516
22 0.24696 0.68781
23 0.26129 0.7002
24 0.27963 0.72037
25 0.2998 0.73871
26 0.31219 0.75304
27 0.33484 0.77438
28 0.35638 0.78602
29 0.37131 0.8052
30 0.38967 0.81975
31 0.41188 0.83406
32 0.43399 0.85369
33 0.45603 0.86389
34 0.47803 0.87732
35 0.5 0.89148
36 0.52197 0.90516
37 0.54397 0.91832
38 0.56601 0.93092
39 0.58812 0.94289
40 0.61033 0.95417
41 0.64107 0.96466
42 0.66516 0.97424
43 0.68781 0.98273
44 0.72037 0.9899
45 0.75304 0.99543
46 0.78603 0.99886
47 0.81975 0.99997
48 0.86389 1
