Adjusted LCO Confidence Intervals for
n = 51 and Mean Coverage = 0.9000
Minimum Coverage = 0.8777 

0 0 0.0505
1 0.00256 0.08832
2 0.01184 0.1093
3 0.02388 0.1382
4 0.03733 0.16704
5 0.0505 0.18714
6 0.05847 0.20848
7 0.0795 0.23583
8 0.08832 0.25564
9 0.1093 0.27536
10 0.11748 0.30422
11 0.1382 0.3239
12 0.15577 0.34355
13 0.16705 0.36317
14 0.18714 0.38276
15 0.20676 0.40232
16 0.21387 0.42188
17 0.23584 0.44384
18 0.25564 0.46709
19 0.27536 0.49021
20 0.29 0.50979
21 0.30422 0.52685
22 0.3239 0.54344
23 0.34355 0.56037
24 0.36317 0.57812
25 0.38276 0.59767
26 0.40233 0.61724
27 0.42188 0.63683
28 0.43963 0.65645
29 0.45656 0.6761
30 0.47315 0.69578
31 0.49021 0.71
32 0.50979 0.72464
33 0.53291 0.74436
34 0.55616 0.76416
35 0.57812 0.78613
36 0.59768 0.79324
37 0.61724 0.81286
38 0.63683 0.83295
39 0.65645 0.84423
40 0.6761 0.8618
41 0.69578 0.88252
42 0.72464 0.8907
43 0.74436 0.91168
44 0.76417 0.9205
45 0.79152 0.94153
46 0.81286 0.9495
47 0.83296 0.96267
48 0.8618 0.97612
49 0.8907 0.98816
50 0.91168 0.99744
51 0.9495 1
