Adjusted LCO Confidence Intervals for
n = 83 and Mean Coverage = 0.9500
Minimum Coverage = 0.9394 

0 0 0.04055
1 0.00075 0.06429
2 0.0048 0.08263
3 0.01075 0.10071
4 0.01775 0.11347
5 0.02541 0.13132
6 0.03356 0.14916
7 0.04055 0.16162
8 0.0473 0.17416
9 0.05861 0.19177
10 0.06429 0.20407
11 0.07602 0.22186
12 0.08263 0.23411
13 0.09477 0.24633
14 0.10071 0.25968
15 0.11347 0.27634
16 0.12045 0.28852
17 0.13132 0.30068
18 0.1434 0.31282
19 0.14916 0.3307
20 0.16162 0.34283
21 0.17396 0.35496
22 0.17806 0.36708
23 0.19177 0.37918
24 0.20407 0.39129
25 0.21419 0.40338
26 0.22186 0.41547
27 0.23411 0.42755
28 0.24633 0.44066
29 0.25819 0.45516
30 0.26366 0.46977
31 0.27634 0.48186
32 0.28852 0.49395
33 0.30068 0.50605
34 0.31282 0.51814
35 0.32344 0.53023
36 0.3307 0.54071
37 0.34283 0.55066
38 0.35496 0.56114
39 0.36708 0.57245
40 0.37919 0.58453
41 0.39129 0.59662
42 0.40338 0.60871
43 0.41547 0.62081
44 0.42755 0.63292
45 0.43886 0.64504
46 0.44934 0.65717
47 0.45929 0.6693
48 0.46977 0.67656
49 0.48186 0.68718
50 0.49395 0.69932
51 0.50605 0.71148
52 0.51814 0.72366
53 0.53023 0.73634
54 0.54484 0.74181
55 0.55934 0.75367
56 0.57245 0.76589
57 0.58453 0.77814
58 0.59662 0.78581
59 0.60871 0.79593
60 0.62082 0.80823
61 0.63292 0.82194
62 0.64504 0.82604
63 0.65717 0.83838
64 0.6693 0.85084
65 0.68718 0.8566
66 0.69932 0.86868
67 0.71148 0.87955
68 0.72366 0.88653
69 0.74032 0.89929
70 0.75367 0.90523
71 0.76589 0.91737
72 0.77814 0.92398
73 0.79593 0.93571
74 0.80823 0.94139
75 0.82584 0.9527
76 0.83838 0.95945
77 0.85084 0.96644
78 0.86868 0.97459
79 0.88653 0.98225
80 0.89929 0.98925
81 0.91737 0.9952
82 0.93571 0.99925
83 0.95945 1
