Adjusted LCO Confidence Intervals for
n = 99 and Mean Coverage = 0.99900
Minimum Coverage = 0.99871 

0 0 0.06926
1 1e-05 0.09461
2 0.00052 0.111
3 0.00213 0.13117
4 0.0047 0.14691
5 0.00805 0.16251
6 0.012 0.178
7 0.01643 0.18898
8 0.02128 0.20434
9 0.02646 0.21967
10 0.03194 0.23042
11 0.03767 0.2457
12 0.04364 0.25636
13 0.04982 0.27162
14 0.05618 0.28221
15 0.06271 0.29357
16 0.06926 0.30802
17 0.07174 0.31853
18 0.0819 0.32901
19 0.08975 0.3443
20 0.09462 0.35476
21 0.103 0.3652
22 0.111 0.37563
23 0.11548 0.38822
24 0.12606 0.40139
25 0.13117 0.4118
26 0.14102 0.4222
27 0.14691 0.43259
28 0.15657 0.44297
29 0.16251 0.45335
30 0.17279 0.46372
31 0.178 0.47409
32 0.18898 0.48445
33 0.19463 0.49482
34 0.20434 0.50518
35 0.21344 0.51554
36 0.21967 0.52591
37 0.23042 0.53628
38 0.23817 0.54665
39 0.2457 0.55703
40 0.25636 0.56741
41 0.26455 0.5778
42 0.27163 0.5882
43 0.28221 0.59861
44 0.29246 0.60811
45 0.29801 0.61505
46 0.30802 0.62437
47 0.31853 0.6348
48 0.32901 0.64524
49 0.33619 0.6557
50 0.3443 0.66381
51 0.35476 0.67099
52 0.3652 0.68147
53 0.37563 0.69198
54 0.38495 0.70199
55 0.39189 0.70754
56 0.40139 0.71779
57 0.4118 0.72837
58 0.4222 0.73545
59 0.43259 0.74364
60 0.44297 0.7543
61 0.45335 0.76183
62 0.46372 0.76958
63 0.47409 0.78033
64 0.48446 0.78656
65 0.49482 0.79566
66 0.50518 0.80537
67 0.51555 0.81102
68 0.52591 0.822
69 0.53628 0.82721
70 0.54665 0.83749
71 0.55703 0.84343
72 0.56741 0.85309
73 0.5778 0.85898
74 0.5882 0.86883
75 0.59861 0.87394
76 0.61178 0.88452
77 0.62437 0.889
78 0.6348 0.897
79 0.64524 0.90538
80 0.6557 0.91025
81 0.67099 0.9181
82 0.68147 0.92826
83 0.69198 0.93074
84 0.70643 0.93729
85 0.71779 0.94382
86 0.72838 0.95018
87 0.74364 0.95636
88 0.7543 0.96233
89 0.76958 0.96806
90 0.78033 0.97354
91 0.79566 0.97872
92 0.81102 0.98357
93 0.822 0.988
94 0.83749 0.99195
95 0.85309 0.9953
96 0.86883 0.99787
97 0.889 0.99948
98 0.90539 0.99999
99 0.93074 1
