Adjusted LCO Confidence Intervals for
n = 27 and Mean Coverage = 0.9500
Minimum Coverage = 0.9298 

0 0 0.10913
1 0.00269 0.18123
2 0.01616 0.22082
3 0.03566 0.27577
4 0.05852 0.31381
5 0.08364 0.36128
6 0.10913 0.40648
7 0.12379 0.44395
8 0.16382 0.48133
9 0.18123 0.51867
10 0.22082 0.55604
11 0.2455 0.59352
12 0.27577 0.63157
13 0.31381 0.65221
14 0.34779 0.68619
15 0.36843 0.72423
16 0.40648 0.7545
17 0.44396 0.77918
18 0.48133 0.81877
19 0.51867 0.83618
20 0.55605 0.87621
21 0.59352 0.89087
22 0.63872 0.91636
23 0.68619 0.94148
24 0.72423 0.96434
25 0.77918 0.98384
26 0.81877 0.99731
27 0.89087 1
