Adjusted LCO Confidence Intervals for
n = 66 and Mean Coverage = 0.9900
Minimum Coverage = 0.9869 

0 0 0.07458
1 2e-04 0.10548
2 0.00261 0.12921
3 0.00739 0.15246
4 0.01373 0.17548
5 0.02117 0.19172
6 0.02941 0.21448
7 0.03829 0.2304
8 0.04769 0.2531
9 0.05753 0.26885
10 0.06775 0.29155
11 0.07458 0.3072
12 0.08659 0.32279
13 0.09922 0.34554
14 0.10548 0.36108
15 0.12076 0.3766
16 0.12921 0.39208
17 0.14351 0.40754
18 0.15246 0.42298
19 0.16779 0.43938
20 0.17548 0.45756
21 0.19172 0.47683
22 0.20189 0.49228
23 0.21449 0.50772
24 0.23041 0.52317
25 0.23835 0.53578
26 0.2531 0.54892
27 0.26885 0.56234
28 0.28062 0.57702
29 0.29155 0.59246
30 0.3072 0.60792
31 0.32279 0.6234
32 0.33642 0.63892
33 0.34554 0.65446
34 0.36108 0.66358
35 0.3766 0.67721
36 0.39208 0.6928
37 0.40754 0.70845
38 0.42298 0.71938
39 0.43766 0.73115
40 0.45108 0.7469
41 0.46422 0.76165
42 0.47683 0.76959
43 0.49228 0.78551
44 0.50772 0.79811
45 0.52317 0.80828
46 0.54244 0.82452
47 0.56062 0.83221
48 0.57702 0.84754
49 0.59246 0.85649
50 0.60792 0.87079
51 0.6234 0.87924
52 0.63892 0.89452
53 0.65446 0.90078
54 0.67721 0.91341
55 0.6928 0.92542
56 0.70845 0.93225
57 0.73115 0.94247
58 0.7469 0.95231
59 0.7696 0.96171
60 0.78552 0.97059
61 0.80828 0.97883
62 0.82452 0.98627
63 0.84754 0.99261
64 0.87079 0.99739
65 0.89452 0.9998
66 0.92542 1
