Adjusted LCO Confidence Intervals for
n = 36 and Mean Coverage = 0.99900
Minimum Coverage = 0.99845 

0 0 0.18302
1 4e-05 0.23046
2 0.0016 0.2756
3 0.00632 0.32001
4 0.01391 0.35087
5 0.02376 0.39491
6 0.03544 0.42515
7 0.04865 0.45517
8 0.06314 0.48507
9 0.07878 0.51493
10 0.09543 0.54483
11 0.113 0.57485
12 0.13142 0.60509
13 0.15064 0.62711
14 0.17062 0.64913
15 0.18302 0.67999
16 0.20999 0.70091
17 0.23046 0.7244
18 0.25166 0.74833
19 0.2756 0.76954
20 0.29909 0.79001
21 0.32001 0.81698
22 0.35087 0.82938
23 0.37289 0.84936
24 0.39491 0.86858
25 0.42515 0.887
26 0.45517 0.90457
27 0.48507 0.92122
28 0.51493 0.93686
29 0.54483 0.95135
30 0.57485 0.96456
31 0.60509 0.97624
32 0.64913 0.98609
33 0.67999 0.99368
34 0.7244 0.9984
35 0.76954 0.99996
36 0.81698 1
