Adjusted LCO Confidence Intervals for
n = 47 and Mean Coverage = 0.9000
Minimum Coverage = 0.8753 

0 0 0.05475
1 0.00283 0.08698
2 0.013 0.1185
3 0.02616 0.14984
4 0.04084 0.17314
5 0.05475 0.20291
6 0.06481 0.22451
7 0.08698 0.25574
8 0.09146 0.2772
9 0.1185 0.29859
10 0.13095 0.31991
11 0.14984 0.35129
12 0.17148 0.3726
13 0.1777 0.39387
14 0.20291 0.41513
15 0.22451 0.43636
16 0.24146 0.45758
17 0.25574 0.47879
18 0.2772 0.5
19 0.29859 0.52121
20 0.31991 0.54242
21 0.33876 0.56364
22 0.35129 0.58487
23 0.3726 0.60612
24 0.39388 0.6274
25 0.41513 0.64871
26 0.43636 0.66124
27 0.45758 0.68009
28 0.47879 0.70141
29 0.5 0.7228
30 0.52121 0.74426
31 0.54242 0.75854
32 0.56364 0.77549
33 0.58487 0.79709
34 0.60613 0.8223
35 0.6274 0.82852
36 0.64871 0.85016
37 0.68009 0.86905
38 0.70141 0.8815
39 0.7228 0.90854
40 0.74426 0.91302
41 0.77549 0.93519
42 0.79709 0.94525
43 0.82686 0.95916
44 0.85016 0.97384
45 0.8815 0.987
46 0.91302 0.99717
47 0.94525 1
