Adjusted LCO Confidence Intervals for
n = 31 and Mean Coverage = 0.9000
Minimum Coverage = 0.8693 

0 0 0.08252
1 0.00451 0.13108
2 0.02034 0.17868
3 0.04071 0.21184
4 0.06344 0.25902
5 0.08252 0.29158
6 0.10435 0.32392
7 0.13109 0.37133
8 0.15437 0.40358
9 0.17868 0.43576
10 0.21184 0.46789
11 0.22882 0.5
12 0.25902 0.53211
13 0.29159 0.56424
14 0.32392 0.59641
15 0.34714 0.62867
16 0.37133 0.65286
17 0.40359 0.67608
18 0.43576 0.70841
19 0.46789 0.74098
20 0.5 0.77118
21 0.53211 0.78816
22 0.56424 0.82132
23 0.59642 0.84563
24 0.62867 0.86891
25 0.67608 0.89565
26 0.70842 0.91748
27 0.74098 0.93656
28 0.78816 0.95929
29 0.82132 0.97966
30 0.86892 0.99549
31 0.91748 1
