Adjusted LCO Confidence Intervals for
n = 96 and Mean Coverage = 0.99900
Minimum Coverage = 0.99867 

0 0 0.07145
1 1e-05 0.0976
2 0.00055 0.11451
3 0.00221 0.13532
4 0.00489 0.15156
5 0.00836 0.16765
6 0.01244 0.17908
7 0.01704 0.19496
8 0.02205 0.21081
9 0.02741 0.22237
10 0.03308 0.23772
11 0.03902 0.2535
12 0.0452 0.26449
13 0.05159 0.27542
14 0.05817 0.29117
15 0.06493 0.30205
16 0.07145 0.3153
17 0.07513 0.32866
18 0.08492 0.33947
19 0.09297 0.35026
20 0.09761 0.36606
21 0.10684 0.37684
22 0.11451 0.3876
23 0.12038 0.39834
24 0.13068 0.40908
25 0.13532 0.4198
26 0.14628 0.43173
27 0.15156 0.44643
28 0.16248 0.45715
29 0.16765 0.46787
30 0.17909 0.47858
31 0.18373 0.48929
32 0.19496 0.5
33 0.20302 0.51071
34 0.21081 0.52142
35 0.22184 0.53213
36 0.22625 0.54285
37 0.23772 0.55357
38 0.24801 0.56145
39 0.2535 0.57035
40 0.26449 0.5802
41 0.27542 0.59092
42 0.28158 0.60166
43 0.29117 0.6124
44 0.30205 0.62316
45 0.31216 0.63394
46 0.31719 0.64058
47 0.32866 0.64973
48 0.33947 0.66053
49 0.35027 0.67134
50 0.35942 0.68281
51 0.36606 0.68784
52 0.37684 0.69795
53 0.3876 0.70883
54 0.39834 0.71842
55 0.40908 0.72458
56 0.4198 0.73551
57 0.42965 0.7465
58 0.43855 0.75199
59 0.44643 0.76228
60 0.45715 0.77375
61 0.46787 0.77816
62 0.47858 0.78919
63 0.48929 0.79698
64 0.5 0.80504
65 0.51071 0.81627
66 0.52142 0.82091
67 0.53213 0.83235
68 0.54285 0.83752
69 0.55357 0.84844
70 0.56827 0.85372
71 0.5802 0.86468
72 0.59092 0.86932
73 0.60166 0.87962
74 0.6124 0.88549
75 0.62316 0.89316
76 0.63394 0.90239
77 0.64974 0.90703
78 0.66053 0.91508
79 0.67134 0.92487
80 0.6847 0.92855
81 0.69795 0.93507
82 0.70883 0.94183
83 0.72458 0.94841
84 0.73551 0.9548
85 0.7465 0.96098
86 0.76228 0.96692
87 0.77763 0.97259
88 0.78919 0.97795
89 0.80504 0.98296
90 0.82092 0.98756
91 0.83235 0.99164
92 0.84844 0.99511
93 0.86468 0.99779
94 0.88549 0.99945
95 0.9024 0.99999
96 0.92855 1
