Adjusted LCO Confidence Intervals for
n = 39 and Mean Coverage = 0.9500
Minimum Coverage = 0.9327 

0 0 0.08595
1 0.00179 0.12581
2 0.01088 0.16441
3 0.0241 0.20266
4 0.03957 0.22936
5 0.05654 0.26734
6 0.07459 0.2936
7 0.08595 0.31968
8 0.10894 0.34563
9 0.12581 0.38374
10 0.14707 0.40964
11 0.16442 0.4355
12 0.19014 0.46131
13 0.20266 0.48711
14 0.22936 0.51289
15 0.25449 0.53869
16 0.26734 0.5645
17 0.2936 0.59035
18 0.31968 0.61626
19 0.34563 0.63359
20 0.36641 0.65437
21 0.38374 0.68032
22 0.40965 0.7064
23 0.4355 0.73266
24 0.46131 0.74551
25 0.48711 0.77064
26 0.51289 0.79734
27 0.53869 0.80986
28 0.5645 0.83558
29 0.59036 0.85293
30 0.61626 0.87419
31 0.65437 0.89106
32 0.68032 0.91405
33 0.7064 0.92541
34 0.73266 0.94346
35 0.77064 0.96043
36 0.79734 0.9759
37 0.83559 0.98912
38 0.87419 0.99821
39 0.91405 1
