Adjusted LCO Confidence Intervals for
n = 75 and Mean Coverage = 0.9900
Minimum Coverage = 0.9871 

0 0 0.0656
1 0.00017 0.09278
2 0.00228 0.11365
3 0.00646 0.13409
4 0.01202 0.15433
5 0.01852 0.17446
6 0.02574 0.18863
7 0.0335 0.20861
8 0.04172 0.22256
9 0.05031 0.2425
10 0.05923 0.25633
11 0.0656 0.27627
12 0.07535 0.29002
13 0.08655 0.30373
14 0.09278 0.3204
15 0.10502 0.33737
16 0.11365 0.35101
17 0.12442 0.36462
18 0.13409 0.37821
19 0.14524 0.39311
20 0.15433 0.41188
21 0.1674 0.42546
22 0.17446 0.43902
23 0.18863 0.45258
24 0.1982 0.46613
25 0.20861 0.47968
26 0.22256 0.49323
27 0.23139 0.50677
28 0.2425 0.52032
29 0.25633 0.53386
30 0.26808 0.54742
31 0.27627 0.56098
32 0.29002 0.57454
33 0.30373 0.58812
34 0.31644 0.59885
35 0.32304 0.609
36 0.33737 0.62178
37 0.35101 0.63538
38 0.36462 0.64899
39 0.37822 0.66263
40 0.391 0.67696
41 0.40115 0.68356
42 0.41188 0.69627
43 0.42546 0.70998
44 0.43902 0.72373
45 0.45258 0.73192
46 0.46614 0.74367
47 0.47968 0.7575
48 0.49323 0.76861
49 0.50677 0.77744
50 0.52032 0.79139
51 0.53387 0.8018
52 0.54742 0.81137
53 0.56098 0.82554
54 0.57454 0.8326
55 0.58812 0.84567
56 0.60689 0.85476
57 0.62179 0.86591
58 0.63538 0.87558
59 0.64899 0.88635
60 0.66263 0.89498
61 0.6796 0.90722
62 0.69627 0.91345
63 0.70998 0.92465
64 0.72373 0.9344
65 0.74367 0.94077
66 0.7575 0.94969
67 0.77744 0.95828
68 0.79139 0.9665
69 0.81137 0.97426
70 0.82554 0.98148
71 0.84567 0.98798
72 0.86591 0.99354
73 0.88635 0.99772
74 0.90722 0.99983
75 0.9344 1
