Adjusted LCO Confidence Intervals for
n = 71 and Mean Coverage = 0.9000
Minimum Coverage = 0.8801 

0 0 0.03639
1 0.0018 0.06361
2 0.00839 0.08471
3 0.01696 0.09955
4 0.02652 0.1203
5 0.03639 0.13531
6 0.04003 0.15548
7 0.05617 0.16983
8 0.06361 0.19052
9 0.07749 0.20479
10 0.08471 0.21902
11 0.09955 0.23973
12 0.10704 0.25392
13 0.1203 0.26808
14 0.13473 0.28222
15 0.13812 0.29979
16 0.15548 0.31714
17 0.16983 0.33125
18 0.1792 0.34536
19 0.19052 0.35945
20 0.20479 0.37353
21 0.21902 0.3876
22 0.22955 0.40166
23 0.23973 0.41572
24 0.25392 0.43228
25 0.26809 0.45076
26 0.28222 0.46483
27 0.29545 0.4789
28 0.30131 0.49297
29 0.31714 0.50703
30 0.33126 0.5211
31 0.34536 0.53517
32 0.35945 0.54924
33 0.37353 0.5605
34 0.3876 0.5719
35 0.40166 0.58428
36 0.41572 0.59834
37 0.4281 0.6124
38 0.4395 0.62647
39 0.45076 0.64055
40 0.46483 0.65464
41 0.4789 0.66874
42 0.49297 0.68286
43 0.50703 0.69869
44 0.5211 0.70455
45 0.53517 0.71778
46 0.54924 0.73191
47 0.56772 0.74608
48 0.58428 0.76027
49 0.59834 0.77045
50 0.6124 0.78098
51 0.62647 0.79521
52 0.64055 0.80948
53 0.65464 0.8208
54 0.66875 0.83017
55 0.68286 0.84452
56 0.70021 0.86188
57 0.71778 0.86527
58 0.73192 0.8797
59 0.74608 0.89296
60 0.76027 0.90045
61 0.78098 0.91529
62 0.79521 0.92251
63 0.80948 0.93639
64 0.83017 0.94383
65 0.84452 0.95997
66 0.86469 0.96361
67 0.8797 0.97348
68 0.90045 0.98304
69 0.91529 0.99161
70 0.93639 0.9982
71 0.96361 1
