Adjusted LCO Confidence Intervals for
n = 84 and Mean Coverage = 0.9500
Minimum Coverage = 0.9391 

0 0 0.04007
1 0.00075 0.06353
2 0.00475 0.08165
3 0.01064 0.09951
4 0.01756 0.11212
5 0.02514 0.12976
6 0.0332 0.14738
7 0.04007 0.1597
8 0.04682 0.17217
9 0.05796 0.18949
10 0.06353 0.20165
11 0.07518 0.21922
12 0.08165 0.23133
13 0.0937 0.24341
14 0.09951 0.26101
15 0.11213 0.27306
16 0.1191 0.28509
17 0.12976 0.2971
18 0.14173 0.3091
19 0.14738 0.32676
20 0.1597 0.33875
21 0.17188 0.35074
22 0.17582 0.36271
23 0.18949 0.37467
24 0.20165 0.38663
25 0.21153 0.39858
26 0.21922 0.41052
27 0.23133 0.4235
28 0.24341 0.44026
29 0.25489 0.45221
30 0.26101 0.46416
31 0.27306 0.47611
32 0.28509 0.48806
33 0.29711 0.5
34 0.3091 0.51194
35 0.31892 0.52389
36 0.32676 0.53584
37 0.33875 0.54779
38 0.35074 0.55974
39 0.36271 0.56839
40 0.37467 0.57826
41 0.38663 0.58948
42 0.39858 0.60142
43 0.41052 0.61337
44 0.42174 0.62533
45 0.43161 0.63729
46 0.44026 0.64926
47 0.45221 0.66125
48 0.46416 0.67324
49 0.47611 0.68108
50 0.48806 0.6909
51 0.5 0.70289
52 0.51194 0.71491
53 0.52389 0.72694
54 0.53584 0.73899
55 0.54779 0.74511
56 0.55974 0.75659
57 0.5765 0.76867
58 0.58948 0.78078
59 0.60142 0.78847
60 0.61337 0.79835
61 0.62533 0.81051
62 0.63729 0.82418
63 0.64926 0.82812
64 0.66125 0.8403
65 0.67324 0.85262
66 0.6909 0.85827
67 0.7029 0.87024
68 0.71491 0.8809
69 0.72694 0.88787
70 0.73899 0.90049
71 0.75659 0.9063
72 0.76867 0.91835
73 0.78078 0.92482
74 0.79835 0.93647
75 0.81051 0.94204
76 0.82783 0.95318
77 0.8403 0.95993
78 0.85262 0.9668
79 0.87024 0.97486
80 0.88788 0.98244
81 0.90049 0.98936
82 0.91835 0.99525
83 0.93647 0.99925
84 0.95993 1
