0 0 0.0656
1 0.00013 0.09278
2 0.00199 0.1192
3 0.00588 0.13975
4 0.01114 0.16008
5 0.01737 0.17446
6 0.02433 0.19453
7 0.03186 0.21457
8 0.03986 0.22858
9 0.04824 0.24858
10 0.05696 0.26246
11 0.0656 0.27627
12 0.06973 0.29624
13 0.08306 0.30999
14 0.09278 0.3237
15 0.09922 0.34372
16 0.11275 0.3574
17 0.1192 0.37105
18 0.13257 0.38468
19 0.13975 0.39828
20 0.1535 0.41188
21 0.16008 0.42755
22 0.17446 0.44565
23 0.18228 0.45924
24 0.19453 0.47283
25 0.20726 0.48642
26 0.21457 0.5
27 0.22858 0.51358
28 0.24098 0.52717
29 0.24858 0.54076
30 0.26246 0.55435
31 0.27627 0.565
32 0.28554 0.57594
33 0.29624 0.58812
34 0.30999 0.60172
35 0.3237 0.61532
36 0.33566 0.62895
37 0.34372 0.6426
38 0.3574 0.65628
39 0.37105 0.66434
40 0.38468 0.6763
41 0.39828 0.69001
42 0.41188 0.70376
43 0.42406 0.71446
44 0.435 0.72373
45 0.44565 0.73754
46 0.45924 0.75142
47 0.47283 0.75902
48 0.48642 0.77142
49 0.5 0.78543
50 0.51358 0.79274
51 0.52717 0.80547
52 0.54076 0.81772
53 0.55435 0.82554
54 0.57245 0.83992
55 0.58812 0.8465
56 0.60172 0.86025
57 0.61532 0.86743
58 0.62895 0.8808
59 0.6426 0.88725
60 0.65628 0.90078
61 0.6763 0.90722
62 0.69001 0.91694
63 0.70376 0.93027
64 0.72373 0.9344
65 0.73754 0.94304
66 0.75142 0.95176
67 0.77142 0.96014
68 0.78543 0.96814
69 0.80547 0.97567
70 0.82554 0.98263
71 0.83992 0.98886
72 0.86025 0.99412
73 0.8808 0.99801
74 0.90722 0.99987
75 0.9344 1
