0 0 0.08445
1 0.00301 0.1282
2 0.0153 0.1708
3 0.03191 0.20055
4 0.05079 0.24259
5 0.07115 0.27169
6 0.08445 0.3019
7 0.10985 0.34266
8 0.1282 0.37141
9 0.15401 0.40007
10 0.1708 0.42866
11 0.20056 0.45721
12 0.22023 0.48574
13 0.24259 0.51426
14 0.2717 0.54279
15 0.30003 0.57134
16 0.31677 0.59993
17 0.34267 0.62859
18 0.37141 0.65733
19 0.40007 0.68323
20 0.42866 0.69997
21 0.45721 0.7283
22 0.48574 0.75741
23 0.51426 0.77977
24 0.54279 0.79944
25 0.57134 0.8292
26 0.59993 0.84599
27 0.62859 0.8718
28 0.65734 0.89015
29 0.6981 0.91555
30 0.72831 0.92885
31 0.75741 0.94921
32 0.79945 0.96809
33 0.8292 0.9847
34 0.8718 0.99699
35 0.91555 1
