0 0 0.04218
1 0.00058 0.05997
2 0.00401 0.07707
3 0.00925 0.09394
4 0.0155 0.11069
5 0.0224 0.1274
6 0.02976 0.13912
7 0.0375 0.15575
8 0.04219 0.16734
9 0.05183 0.18394
10 0.05997 0.19546
11 0.06647 0.20881
12 0.07707 0.22353
13 0.08262 0.23496
14 0.09394 0.24636
15 0.10112 0.26299
16 0.1107 0.27437
17 0.12081 0.28574
18 0.1274 0.29708
19 0.13913 0.31375
20 0.14707 0.32509
21 0.15575 0.33642
22 0.16734 0.34774
23 0.17571 0.35905
24 0.18395 0.37035
25 0.19546 0.38229
26 0.20663 0.39841
27 0.20974 0.40971
28 0.22353 0.42101
29 0.23496 0.4323
30 0.24636 0.44359
31 0.25284 0.45487
32 0.26299 0.46616
33 0.27437 0.47744
34 0.28574 0.48872
35 0.29708 0.5
36 0.3056 0.51128
37 0.31375 0.52256
38 0.32509 0.53384
39 0.33642 0.54513
40 0.34774 0.55641
41 0.35905 0.5677
42 0.37035 0.57899
43 0.38127 0.59029
44 0.38968 0.60159
45 0.39841 0.61032
46 0.40971 0.61873
47 0.42101 0.62965
48 0.4323 0.64095
49 0.44359 0.65226
50 0.45487 0.66358
51 0.46616 0.67491
52 0.47744 0.68625
53 0.48872 0.6944
54 0.5 0.70292
55 0.51128 0.71426
56 0.52256 0.72563
57 0.53384 0.73701
58 0.54513 0.74716
59 0.55641 0.75364
60 0.5677 0.76504
61 0.57899 0.77647
62 0.59029 0.79026
63 0.60159 0.79337
64 0.61771 0.80454
65 0.62965 0.81605
66 0.64095 0.82429
67 0.65226 0.83266
68 0.66358 0.84425
69 0.67491 0.85293
70 0.68625 0.86087
71 0.70292 0.8726
72 0.71426 0.87919
73 0.72563 0.8893
74 0.73701 0.89888
75 0.75364 0.90606
76 0.76504 0.91738
77 0.77647 0.92293
78 0.79119 0.93353
79 0.80454 0.94003
80 0.81606 0.94817
81 0.83266 0.95781
82 0.84425 0.9625
83 0.86088 0.97024
84 0.8726 0.9776
85 0.88931 0.9845
86 0.90606 0.99075
87 0.92293 0.99599
88 0.94003 0.99942
89 0.95782 1
