0 0 0.1011
1 1e-05 0.13067
2 0.00064 0.15327
3 0.00268 0.17683
4 0.00606 0.19774
5 0.01051 0.21846
6 0.01581 0.23987
7 0.0218 0.26123
8 0.02838 0.27618
9 0.03545 0.29746
10 0.04296 0.31224
11 0.05085 0.32862
12 0.05908 0.34819
13 0.06762 0.3628
14 0.07644 0.37736
15 0.08553 0.3987
16 0.09486 0.41323
17 0.1011 0.42773
18 0.11212 0.44221
19 0.12333 0.45667
20 0.13067 0.47112
21 0.14208 0.48556
22 0.15327 0.5
23 0.16064 0.51444
24 0.17504 0.52888
25 0.17872 0.54333
26 0.19678 0.55779
27 0.20181 0.57227
28 0.21846 0.58677
29 0.22741 0.6013
30 0.23987 0.61028
31 0.25282 0.62264
32 0.26123 0.6372
33 0.27619 0.65181
34 0.28807 0.66533
35 0.29747 0.67377
36 0.31224 0.68776
37 0.32623 0.70253
38 0.33467 0.71193
39 0.34819 0.72381
40 0.3628 0.73877
41 0.37736 0.74718
42 0.38972 0.76013
43 0.3987 0.77259
44 0.41323 0.78154
45 0.42773 0.79819
46 0.44221 0.80322
47 0.45667 0.82128
48 0.47112 0.82496
49 0.48556 0.83936
50 0.5 0.84673
51 0.51444 0.85792
52 0.52888 0.86933
53 0.54333 0.87667
54 0.55779 0.88788
55 0.57227 0.8989
56 0.58677 0.90514
57 0.6013 0.91447
58 0.62264 0.92356
59 0.6372 0.93238
60 0.65181 0.94092
61 0.67138 0.94915
62 0.68776 0.95704
63 0.70254 0.96455
64 0.72382 0.97162
65 0.73877 0.9782
66 0.76013 0.98419
67 0.78154 0.98949
68 0.80226 0.99394
69 0.82317 0.99732
70 0.84673 0.99936
71 0.86933 0.99999
72 0.8989 1
