0 0 0.05465
1 0.00011 0.07727
2 0.00166 0.09925
3 0.00489 0.11636
4 0.00926 0.13328
5 0.01443 0.15009
6 0.0202 0.16196
7 0.02644 0.17862
8 0.03305 0.19527
9 0.03999 0.20691
10 0.0472 0.22351
11 0.05464 0.23506
12 0.05586 0.25166
13 0.06852 0.26314
14 0.07727 0.27459
15 0.08029 0.29119
16 0.09284 0.3026
17 0.09925 0.31399
18 0.10878 0.32535
19 0.11636 0.342
20 0.12564 0.35334
21 0.13328 0.36468
22 0.14353 0.376
23 0.15009 0.3873
24 0.16197 0.3986
25 0.16659 0.41109
26 0.17862 0.42665
27 0.1885 0.43794
28 0.19527 0.44923
29 0.20691 0.46052
30 0.21624 0.4718
31 0.22351 0.48308
32 0.23506 0.49436
33 0.24588 0.50564
34 0.25166 0.51692
35 0.26314 0.5282
36 0.27459 0.53948
37 0.28486 0.55077
38 0.29119 0.56206
39 0.3026 0.57335
40 0.31399 0.58201
41 0.32535 0.59088
42 0.33509 0.6014
43 0.342 0.6127
44 0.35335 0.624
45 0.36468 0.63532
46 0.376 0.64665
47 0.3873 0.658
48 0.3986 0.66491
49 0.40912 0.67465
50 0.41799 0.68601
51 0.42665 0.6974
52 0.43794 0.70881
53 0.44923 0.71514
54 0.46052 0.72541
55 0.4718 0.73686
56 0.48308 0.74834
57 0.49436 0.75412
58 0.50564 0.76494
59 0.51692 0.77649
60 0.5282 0.78376
61 0.53948 0.79309
62 0.55077 0.80473
63 0.56206 0.8115
64 0.57335 0.82138
65 0.58891 0.83341
66 0.6014 0.83803
67 0.6127 0.84991
68 0.624 0.85647
69 0.63532 0.86672
70 0.64666 0.87436
71 0.658 0.88364
72 0.67465 0.89122
73 0.68601 0.90075
74 0.6974 0.90716
75 0.70881 0.91971
76 0.72541 0.92273
77 0.73686 0.93148
78 0.74834 0.94414
79 0.76494 0.94536
80 0.77649 0.9528
81 0.79309 0.96001
82 0.80473 0.96695
83 0.82138 0.97356
84 0.83804 0.9798
85 0.84991 0.98557
86 0.86672 0.99074
87 0.88364 0.99511
88 0.90075 0.99834
89 0.92273 0.99989
90 0.94535 1
