0 0 0.07552
1 1e-05 0.0976
2 0.00048 0.11881
3 0.002 0.13532
4 0.00453 0.15156
5 0.00784 0.16765
6 0.01177 0.18364
7 0.01622 0.19957
8 0.02109 0.21545
9 0.02632 0.22663
10 0.03186 0.24244
11 0.03767 0.2535
12 0.04373 0.26928
13 0.05 0.28025
14 0.05647 0.29604
15 0.06313 0.30694
16 0.06995 0.31782
17 0.07552 0.33361
18 0.08168 0.34445
19 0.09039 0.35527
20 0.09761 0.36606
21 0.1024 0.38191
22 0.11252 0.39269
23 0.11881 0.40346
24 0.1268 0.41422
25 0.13532 0.42496
26 0.14127 0.4357
27 0.15156 0.44643
28 0.15653 0.45735
29 0.16765 0.4691
30 0.17334 0.48069
31 0.18364 0.49198
32 0.19123 0.50281
33 0.19957 0.51318
34 0.2095 0.52326
35 0.21546 0.53318
36 0.22663 0.54302
37 0.23439 0.55357
38 0.24245 0.5643
39 0.2535 0.57504
40 0.26078 0.58578
41 0.26928 0.59654
42 0.28025 0.60731
43 0.28926 0.61809
44 0.29604 0.62504
45 0.30695 0.63394
46 0.31782 0.64473
47 0.3265 0.65554
48 0.33362 0.66638
49 0.34446 0.6735
50 0.35527 0.68218
51 0.36606 0.69305
52 0.37496 0.70396
53 0.38191 0.71074
54 0.39269 0.71975
55 0.40346 0.73072
56 0.41422 0.73922
57 0.42496 0.7465
58 0.4357 0.75755
59 0.44643 0.76561
60 0.45698 0.77337
61 0.46682 0.78454
62 0.47674 0.7905
63 0.48682 0.80043
64 0.49719 0.80877
65 0.50802 0.81636
66 0.51931 0.82666
67 0.5309 0.83235
68 0.54265 0.84347
69 0.55357 0.84844
70 0.5643 0.85873
71 0.57504 0.86468
72 0.58578 0.8732
73 0.59654 0.88119
74 0.60731 0.88748
75 0.61809 0.8976
76 0.63394 0.90239
77 0.64473 0.90961
78 0.65555 0.91832
79 0.66639 0.92448
80 0.68218 0.93005
81 0.69306 0.93687
82 0.70396 0.94353
83 0.71975 0.95
84 0.73072 0.95627
85 0.7465 0.96233
86 0.75756 0.96814
87 0.77337 0.97368
88 0.78455 0.97891
89 0.80043 0.98378
90 0.81636 0.98823
91 0.83235 0.99216
92 0.84844 0.99547
93 0.86468 0.998
94 0.88119 0.99952
95 0.9024 0.99999
96 0.92448 1
