0 0 0.16591
1 2e-05 0.20777
2 0.00109 0.25617
3 0.00464 0.28402
4 0.01053 0.32119
5 0.01833 0.35396
6 0.02767 0.38493
7 0.03829 0.41072
8 0.05001 0.43634
9 0.06267 0.46465
10 0.07618 0.49191
11 0.09046 0.51698
12 0.10543 0.54046
13 0.12104 0.56366
14 0.13726 0.58928
15 0.15405 0.61507
16 0.16591 0.64142
17 0.18618 0.65496
18 0.20656 0.67881
19 0.21622 0.7027
20 0.24354 0.71671
21 0.25617 0.74383
22 0.28329 0.75646
23 0.2973 0.78378
24 0.32119 0.79344
25 0.34504 0.81382
26 0.35858 0.83409
27 0.38493 0.84595
28 0.41072 0.86274
29 0.43634 0.87896
30 0.45954 0.89457
31 0.48302 0.90954
32 0.50809 0.92382
33 0.53535 0.93733
34 0.56366 0.94999
35 0.58928 0.96171
36 0.61507 0.97233
37 0.64604 0.98167
38 0.67881 0.98947
39 0.71598 0.99536
40 0.74383 0.99891
41 0.79223 0.99998
42 0.83409 1
