0 0 0.1122
1 2e-05 0.14503
2 7e-04 0.1701
3 0.00297 0.19452
4 0.00673 0.21861
5 0.01167 0.24252
6 0.01757 0.26634
7 0.02424 0.28302
8 0.03157 0.30672
9 0.03945 0.32316
10 0.04782 0.3395
11 0.05663 0.36317
12 0.06582 0.37942
13 0.07537 0.3956
14 0.08524 0.41174
15 0.09541 0.43128
16 0.10586 0.45169
17 0.1122 0.46781
18 0.12562 0.48391
19 0.13796 0.5
20 0.14503 0.51609
21 0.15957 0.53219
22 0.1701 0.54831
23 0.18181 0.56177
24 0.19452 0.57436
25 0.20555 0.58826
26 0.21861 0.6044
27 0.23126 0.62058
28 0.24252 0.63683
29 0.25832 0.64896
30 0.26634 0.66049
31 0.28302 0.67683
32 0.29748 0.69328
33 0.30672 0.70252
34 0.32317 0.71698
35 0.33951 0.73366
36 0.35104 0.74168
37 0.36317 0.75748
38 0.37942 0.76874
39 0.3956 0.78139
40 0.41174 0.79445
41 0.42564 0.80548
42 0.43823 0.81819
43 0.45169 0.8299
44 0.46781 0.84043
45 0.48391 0.85497
46 0.5 0.86204
47 0.51609 0.87438
48 0.53219 0.8878
49 0.54831 0.89414
50 0.56872 0.90459
51 0.58826 0.91476
52 0.6044 0.92463
53 0.62058 0.93418
54 0.63683 0.94337
55 0.6605 0.95218
56 0.67684 0.96055
57 0.69328 0.96843
58 0.71698 0.97576
59 0.73366 0.98243
60 0.75748 0.98833
61 0.78139 0.99327
62 0.80548 0.99703
63 0.8299 0.9993
64 0.85497 0.99998
65 0.8878 1
