0 0 0.03915
1 0.00139 0.05945
2 0.00702 0.07917
3 0.01459 0.0987
4 0.02315 0.11817
5 0.03235 0.1318
6 0.03915 0.15118
7 0.04884 0.16465
8 0.05945 0.18401
9 0.0668 0.1974
10 0.07917 0.21074
11 0.08787 0.22531
12 0.09871 0.24342
13 0.11103 0.25669
14 0.11817 0.26994
15 0.13181 0.28316
16 0.14278 0.3026
17 0.15118 0.31582
18 0.16466 0.32902
19 0.17764 0.34221
20 0.18401 0.3554
21 0.1974 0.36857
22 0.21074 0.38173
23 0.22375 0.40129
24 0.22872 0.41446
25 0.24342 0.42763
26 0.25669 0.44079
27 0.26994 0.45395
28 0.28316 0.46711
29 0.29157 0.48027
30 0.3026 0.49342
31 0.31582 0.50658
32 0.32902 0.51973
33 0.34222 0.53289
34 0.3554 0.54604
35 0.36857 0.5592
36 0.38173 0.57237
37 0.39196 0.58554
38 0.40129 0.59871
39 0.41446 0.60804
40 0.42763 0.61827
41 0.4408 0.63143
42 0.45396 0.6446
43 0.46711 0.65778
44 0.48027 0.67098
45 0.49342 0.68418
46 0.50658 0.6974
47 0.51973 0.70843
48 0.53289 0.71684
49 0.54605 0.73006
50 0.55921 0.74331
51 0.57237 0.75658
52 0.58554 0.77128
53 0.59871 0.77625
54 0.61827 0.78926
55 0.63143 0.8026
56 0.6446 0.81599
57 0.65779 0.82236
58 0.67098 0.83534
59 0.68418 0.84882
60 0.6974 0.85722
61 0.71684 0.86819
62 0.73006 0.88183
63 0.74331 0.88897
64 0.75658 0.90129
65 0.77469 0.91213
66 0.78926 0.92083
67 0.8026 0.9332
68 0.81599 0.94055
69 0.83535 0.95116
70 0.84882 0.96085
71 0.8682 0.96765
72 0.88183 0.97685
73 0.9013 0.98541
74 0.92083 0.99298
75 0.94055 0.99861
76 0.96085 1
