0 0 0.17451
1 3e-05 0.2175
2 0.00115 0.25826
3 0.00488 0.29827
4 0.01108 0.33804
5 0.01928 0.36562
6 0.02913 0.39959
7 0.04033 0.43252
8 0.05269 0.45957
9 0.06606 0.48653
10 0.08033 0.51347
11 0.09542 0.54043
12 0.11126 0.56747
13 0.12779 0.59264
14 0.14498 0.61046
15 0.16279 0.63438
16 0.17451 0.66196
17 0.19739 0.68053
18 0.2175 0.70173
19 0.23245 0.72751
20 0.25826 0.74173
21 0.27249 0.76755
22 0.29827 0.7825
23 0.31947 0.80261
24 0.33804 0.82549
25 0.36562 0.83721
26 0.38954 0.85502
27 0.40736 0.87221
28 0.43253 0.88874
29 0.45957 0.90458
30 0.48653 0.91967
31 0.51347 0.93394
32 0.54043 0.94731
33 0.56748 0.95967
34 0.60041 0.97087
35 0.63438 0.98072
36 0.66196 0.98892
37 0.70173 0.99512
38 0.74174 0.99885
39 0.7825 0.99997
40 0.82549 1
