0 0 0.05584
1 0.00011 0.07319
2 0.00157 0.09401
3 0.00463 0.11022
4 0.00877 0.12624
5 0.01366 0.14216
6 0.01912 0.15801
7 0.02502 0.16918
8 0.03127 0.18494
9 0.03783 0.19597
10 0.04464 0.21169
11 0.05168 0.22263
12 0.05584 0.23833
13 0.06474 0.24921
14 0.07319 0.26076
15 0.07491 0.27576
16 0.08767 0.28657
17 0.09401 0.29735
18 0.10261 0.31309
19 0.11022 0.32385
20 0.1184 0.3346
21 0.12624 0.34533
22 0.13522 0.3576
23 0.14216 0.37184
24 0.15284 0.38255
25 0.15801 0.39326
26 0.16918 0.40395
27 0.1771 0.41464
28 0.18494 0.42533
29 0.19597 0.436
30 0.20254 0.44668
31 0.21169 0.45785
32 0.22263 0.46959
33 0.23038 0.4812
34 0.23833 0.49251
35 0.24921 0.50329
36 0.25983 0.51354
37 0.2649 0.52349
38 0.27576 0.53331
39 0.28657 0.54307
40 0.29735 0.55332
41 0.30506 0.564
42 0.31309 0.57467
43 0.32385 0.58536
44 0.3346 0.59604
45 0.34533 0.60674
46 0.35532 0.61745
47 0.36213 0.62816
48 0.37184 0.63787
49 0.38255 0.64468
50 0.39326 0.65467
51 0.40396 0.6654
52 0.41464 0.67615
53 0.42533 0.68691
54 0.436 0.69494
55 0.44668 0.70265
56 0.45693 0.71343
57 0.46669 0.72424
58 0.47651 0.7351
59 0.48646 0.74017
60 0.49671 0.75079
61 0.50749 0.76167
62 0.5188 0.76962
63 0.53041 0.77737
64 0.54215 0.78831
65 0.55332 0.79746
66 0.564 0.80403
67 0.57467 0.81506
68 0.58536 0.8229
69 0.59605 0.83082
70 0.60674 0.84199
71 0.61745 0.84716
72 0.62816 0.85784
73 0.6424 0.86478
74 0.65467 0.87376
75 0.6654 0.8816
76 0.67615 0.88978
77 0.68691 0.89739
78 0.70265 0.90599
79 0.71343 0.91233
80 0.72424 0.92509
81 0.73924 0.92681
82 0.75079 0.93526
83 0.76167 0.94416
84 0.77737 0.94832
85 0.78831 0.95536
86 0.80403 0.96217
87 0.81506 0.96873
88 0.83082 0.97498
89 0.84199 0.98088
90 0.85784 0.98634
91 0.87376 0.99123
92 0.88978 0.99537
93 0.90599 0.99843
94 0.92681 0.99989
95 0.94416 1
