0 0 0.16
1 0.00035 0.22756
2 0.0052 0.28183
3 0.01546 0.31949
4 0.02952 0.37279
5 0.04635 0.40944
6 0.06532 0.44578
7 0.08604 0.48194
8 0.10826 0.51806
9 0.13179 0.55422
10 0.15651 0.59056
11 0.1652 0.62721
12 0.2057 0.65366
13 0.22756 0.68051
14 0.26005 0.71817
15 0.28183 0.73995
16 0.31949 0.77244
17 0.34634 0.7943
18 0.37279 0.8348
19 0.40944 0.84349
20 0.44578 0.86821
21 0.48194 0.89174
22 0.51806 0.91396
23 0.55422 0.93468
24 0.59056 0.95365
25 0.62721 0.97048
26 0.68051 0.98454
27 0.71817 0.9948
28 0.77244 0.99965
29 0.84 1
