0 0 0.03009
1 0.00106 0.04571
2 0.00538 0.06087
3 0.01118 0.07588
4 0.01774 0.09083
5 0.02477 0.10133
6 0.0301 0.1162
7 0.03722 0.12658
8 0.04571 0.14143
9 0.05048 0.15174
10 0.06087 0.16659
11 0.06622 0.17686
12 0.07588 0.18709
13 0.08391 0.20196
14 0.09083 0.21217
15 0.10133 0.22236
16 0.10651 0.23254
17 0.1162 0.24744
18 0.12658 0.25761
19 0.13205 0.26777
20 0.14143 0.27792
21 0.15174 0.28805
22 0.16044 0.30016
23 0.1666 0.31314
24 0.17686 0.32327
25 0.18709 0.33339
26 0.19608 0.34351
27 0.20196 0.35363
28 0.21217 0.36374
29 0.22236 0.37385
30 0.23254 0.38395
31 0.24107 0.39768
32 0.24744 0.40909
33 0.25761 0.4192
34 0.26777 0.4293
35 0.27792 0.4394
36 0.28806 0.44951
37 0.2976 0.45961
38 0.30228 0.4697
39 0.31314 0.4798
40 0.32327 0.4899
41 0.33339 0.5
42 0.34351 0.5101
43 0.35363 0.52019
44 0.36374 0.53029
45 0.37385 0.54039
46 0.38395 0.55049
47 0.39259 0.56059
48 0.39844 0.5707
49 0.40909 0.5808
50 0.4192 0.59091
51 0.4293 0.60156
52 0.43941 0.60741
53 0.44951 0.61605
54 0.45961 0.62615
55 0.46971 0.63626
56 0.47981 0.64637
57 0.4899 0.65649
58 0.5 0.66661
59 0.5101 0.67673
60 0.5202 0.68686
61 0.5303 0.69772
62 0.54039 0.7024
63 0.55049 0.71194
64 0.5606 0.72208
65 0.5707 0.73223
66 0.5808 0.74239
67 0.59091 0.75256
68 0.60232 0.75893
69 0.61605 0.76746
70 0.62615 0.77764
71 0.63626 0.78783
72 0.64637 0.79804
73 0.65649 0.80392
74 0.66661 0.81291
75 0.67673 0.82314
76 0.68686 0.8334
77 0.69984 0.83956
78 0.71195 0.84826
79 0.72208 0.85857
80 0.73223 0.86795
81 0.74239 0.87342
82 0.75256 0.8838
83 0.76746 0.89349
84 0.77764 0.89867
85 0.78783 0.90917
86 0.79804 0.91609
87 0.81291 0.92412
88 0.82314 0.93378
89 0.83341 0.93913
90 0.84826 0.94952
91 0.85857 0.95429
92 0.87342 0.96278
93 0.8838 0.9699
94 0.89867 0.97523
95 0.90917 0.98226
96 0.92412 0.98882
97 0.93913 0.99462
98 0.95429 0.99894
99 0.96991 1
