0 0 0.05786
1 0.00012 0.08183
2 0.00176 0.10511
3 0.00518 0.12324
4 0.00981 0.14116
5 0.0153 0.15896
6 0.02141 0.17153
7 0.02803 0.18918
8 0.03505 0.20682
9 0.04241 0.21914
10 0.05006 0.23213
11 0.05786 0.24897
12 0.06019 0.26114
13 0.07277 0.27873
14 0.08183 0.29085
15 0.08593 0.30294
16 0.09865 0.32055
17 0.10511 0.33261
18 0.11572 0.34465
19 0.12324 0.35666
20 0.13377 0.36866
21 0.14116 0.38309
22 0.15286 0.39835
23 0.15896 0.41034
24 0.17153 0.42231
25 0.17897 0.43427
26 0.18918 0.44623
27 0.20119 0.45819
28 0.20682 0.47014
29 0.21914 0.48208
30 0.2312 0.49403
31 0.23619 0.50597
32 0.24897 0.51792
33 0.26114 0.52986
34 0.27086 0.54181
35 0.27873 0.55377
36 0.29085 0.56572
37 0.30294 0.57769
38 0.31405 0.58966
39 0.32056 0.60165
40 0.33261 0.61265
41 0.34465 0.62055
42 0.35666 0.63134
43 0.36866 0.64334
44 0.37945 0.65535
45 0.38735 0.66739
46 0.39835 0.67944
47 0.41034 0.68595
48 0.42231 0.69706
49 0.43428 0.70915
50 0.44623 0.72127
51 0.45819 0.72914
52 0.47014 0.73886
53 0.48208 0.75103
54 0.49403 0.76381
55 0.50597 0.7688
56 0.51792 0.78086
57 0.52986 0.79318
58 0.54181 0.79881
59 0.55377 0.81082
60 0.56573 0.82103
61 0.57769 0.82847
62 0.58966 0.84104
63 0.60165 0.84714
64 0.61691 0.85884
65 0.63134 0.86623
66 0.64334 0.87676
67 0.65535 0.88428
68 0.66739 0.89489
69 0.67945 0.90135
70 0.69706 0.91407
71 0.70915 0.91817
72 0.72127 0.92723
73 0.73886 0.93981
74 0.75103 0.94214
75 0.76787 0.94994
76 0.78086 0.95759
77 0.79318 0.96495
78 0.81082 0.97197
79 0.82847 0.97859
80 0.84104 0.9847
81 0.85884 0.99019
82 0.87676 0.99482
83 0.89489 0.99824
84 0.91817 0.99988
85 0.94214 1
