0 0 0.03995
1 0.00055 0.05679
2 0.00379 0.07299
3 0.00876 0.08896
4 0.01466 0.10482
5 0.02119 0.12063
6 0.02816 0.13174
7 0.03547 0.14748
8 0.03995 0.15846
9 0.04899 0.17418
10 0.05679 0.18508
11 0.06272 0.2008
12 0.07299 0.21166
13 0.0778 0.22248
14 0.08896 0.23821
15 0.09525 0.24901
16 0.10482 0.25979
17 0.11391 0.27055
18 0.12063 0.28631
19 0.13174 0.29706
20 0.1382 0.3078
21 0.14748 0.31853
22 0.15846 0.32924
23 0.16483 0.34506
24 0.17418 0.35578
25 0.18508 0.36648
26 0.19416 0.37719
27 0.2008 0.38788
28 0.21166 0.39858
29 0.22248 0.40926
30 0.2314 0.41995
31 0.23821 0.43063
32 0.24901 0.4413
33 0.25979 0.45198
34 0.27055 0.46272
35 0.27863 0.47419
36 0.28631 0.48545
37 0.29706 0.49641
38 0.3078 0.50702
39 0.31853 0.51734
40 0.32925 0.52744
41 0.33889 0.5374
42 0.34506 0.54802
43 0.35578 0.55869
44 0.36649 0.56937
45 0.37719 0.58005
46 0.38789 0.59074
47 0.39858 0.60142
48 0.40926 0.61211
49 0.41995 0.62281
50 0.43063 0.63351
51 0.44131 0.64422
52 0.45198 0.65494
53 0.4626 0.66111
54 0.47256 0.67075
55 0.48266 0.68147
56 0.49298 0.6922
57 0.50359 0.70294
58 0.51455 0.71369
59 0.52581 0.72137
60 0.53728 0.72945
61 0.54802 0.74021
62 0.5587 0.75099
63 0.56937 0.76179
64 0.58005 0.7686
65 0.59074 0.77752
66 0.60142 0.78834
67 0.61212 0.7992
68 0.62281 0.80584
69 0.63352 0.81492
70 0.64422 0.82582
71 0.65494 0.83517
72 0.67076 0.84154
73 0.68147 0.85252
74 0.6922 0.8618
75 0.70294 0.86826
76 0.71369 0.87937
77 0.72945 0.88609
78 0.74021 0.89518
79 0.75099 0.90475
80 0.76179 0.91104
81 0.77752 0.9222
82 0.78834 0.92701
83 0.7992 0.93728
84 0.81492 0.94321
85 0.82582 0.95101
86 0.84154 0.96005
87 0.85252 0.96453
88 0.86826 0.97184
89 0.87937 0.97881
90 0.89518 0.98534
91 0.91104 0.99124
92 0.92701 0.99621
93 0.94321 0.99945
94 0.96005 1
