0 0 0.04938
1 0.00068 0.07019
2 0.0047 0.09021
3 0.01084 0.10996
4 0.01818 0.12958
5 0.02628 0.14433
6 0.03494 0.16286
7 0.04403 0.18234
8 0.04938 0.1959
9 0.06103 0.20938
10 0.07019 0.22884
11 0.07866 0.24225
12 0.09021 0.25563
13 0.09824 0.27511
14 0.10996 0.28845
15 0.12015 0.30177
16 0.12958 0.31506
17 0.14326 0.33461
18 0.14623 0.34789
19 0.16286 0.36116
20 0.17551 0.37442
21 0.18234 0.38767
22 0.1959 0.4009
23 0.20938 0.41413
24 0.21716 0.42735
25 0.22884 0.44143
26 0.24225 0.45692
27 0.25563 0.47354
28 0.26424 0.48677
29 0.27511 0.5
30 0.28845 0.51323
31 0.30177 0.52646
32 0.31506 0.53723
33 0.32592 0.54851
34 0.33461 0.56008
35 0.34789 0.57265
36 0.36116 0.58587
37 0.37442 0.5991
38 0.38767 0.61233
39 0.4009 0.62558
40 0.41413 0.63884
41 0.42735 0.65211
42 0.43992 0.66539
43 0.45149 0.67408
44 0.46277 0.68494
45 0.47354 0.69823
46 0.48677 0.71155
47 0.5 0.72489
48 0.51323 0.73576
49 0.52646 0.74437
50 0.54308 0.75775
51 0.55857 0.77116
52 0.57265 0.78284
53 0.58587 0.79062
54 0.5991 0.8041
55 0.61233 0.81766
56 0.62558 0.82449
57 0.63884 0.83714
58 0.65211 0.85377
59 0.66539 0.85674
60 0.68494 0.87042
61 0.69823 0.87985
62 0.71155 0.89004
63 0.72489 0.90176
64 0.74437 0.90979
65 0.75775 0.92134
66 0.77116 0.92981
67 0.79062 0.93897
68 0.8041 0.95062
69 0.81766 0.95597
70 0.83714 0.96506
71 0.85567 0.97372
72 0.87042 0.98182
73 0.89004 0.98916
74 0.90979 0.9953
75 0.92981 0.99932
76 0.95062 1
