0 0 0.13733
1 0.00028 0.18271
2 0.00418 0.22612
3 0.01238 0.26892
4 0.0236 0.31158
5 0.03696 0.34116
6 0.05198 0.37039
7 0.06833 0.41303
8 0.08581 0.4421
9 0.10425 0.47107
10 0.12355 0.5
11 0.13733 0.52893
12 0.16018 0.5579
13 0.18271 0.58697
14 0.1984 0.60516
15 0.22612 0.62961
16 0.24388 0.65884
17 0.26892 0.68842
18 0.29539 0.70461
19 0.31158 0.73108
20 0.34116 0.75612
21 0.37039 0.77388
22 0.39484 0.8016
23 0.41303 0.81729
24 0.4421 0.83982
25 0.47107 0.86267
26 0.5 0.87645
27 0.52893 0.89575
28 0.5579 0.91419
29 0.58697 0.93167
30 0.62961 0.94802
31 0.65884 0.96304
32 0.68842 0.9764
33 0.73108 0.98762
34 0.77388 0.99582
35 0.81729 0.99972
36 0.86267 1
