0 0 0.07588
1 0.0027 0.11519
2 0.01372 0.15345
3 0.02859 0.18021
4 0.04549 0.21792
5 0.0637 0.24409
6 0.07588 0.28181
7 0.09795 0.30774
8 0.11519 0.33356
9 0.13686 0.35929
10 0.15345 0.39726
11 0.18021 0.42299
12 0.19203 0.44868
13 0.21792 0.47434
14 0.24409 0.5
15 0.26253 0.52566
16 0.28181 0.55132
17 0.30774 0.57701
18 0.33356 0.60274
19 0.35929 0.61892
20 0.38108 0.64071
21 0.39726 0.66644
22 0.42299 0.69226
23 0.44868 0.71819
24 0.47434 0.73747
25 0.5 0.75591
26 0.52566 0.78208
27 0.55132 0.80797
28 0.57701 0.81979
29 0.60274 0.84655
30 0.64071 0.86314
31 0.66644 0.88481
32 0.69226 0.90205
33 0.71819 0.92412
34 0.75591 0.9363
35 0.78208 0.95451
36 0.81979 0.97141
37 0.84655 0.98628
38 0.88481 0.9973
39 0.92412 1
