0 0 0.13061
1 2e-05 0.17079
2 0.00086 0.20148
3 0.00366 0.23143
4 0.00829 0.26105
5 0.0144 0.29053
6 0.0217 0.3113
7 0.02998 0.34042
8 0.03908 0.36068
9 0.0489 0.38486
10 0.05934 0.41018
11 0.07035 0.43022
12 0.08186 0.4502
13 0.09383 0.47014
14 0.10622 0.49005
15 0.11902 0.50995
16 0.13061 0.52986
17 0.14094 0.5498
18 0.15804 0.56978
19 0.1708 0.58981
20 0.18369 0.60803
21 0.20148 0.62118
22 0.20978 0.63932
23 0.23144 0.65958
24 0.24056 0.67675
25 0.26105 0.68898
26 0.2755 0.70947
27 0.29053 0.7245
28 0.31102 0.73895
29 0.32325 0.75944
30 0.34042 0.76856
31 0.36068 0.79022
32 0.37882 0.79852
33 0.39197 0.81631
34 0.41019 0.8292
35 0.43022 0.84196
36 0.4502 0.85906
37 0.47014 0.86939
38 0.49005 0.88098
39 0.50995 0.89378
40 0.52986 0.90617
41 0.5498 0.91814
42 0.56978 0.92965
43 0.58982 0.94066
44 0.61514 0.9511
45 0.63932 0.96092
46 0.65958 0.97002
47 0.6887 0.9783
48 0.70947 0.9856
49 0.73895 0.99171
50 0.76857 0.99634
51 0.79852 0.99914
52 0.82921 0.99998
53 0.86939 1
