0 0 0.05004
1 0.00068 0.07112
2 0.00476 0.09141
3 0.01099 0.11142
4 0.01842 0.1313
5 0.02663 0.14528
6 0.03541 0.16502
7 0.04463 0.18477
8 0.05004 0.1985
9 0.06188 0.21217
10 0.07112 0.23188
11 0.07978 0.24548
12 0.09141 0.25903
13 0.09968 0.27878
14 0.11142 0.2923
15 0.1219 0.30579
16 0.1313 0.31926
17 0.14528 0.33613
18 0.14942 0.35254
19 0.16502 0.36598
20 0.17811 0.37942
21 0.18477 0.39284
22 0.19851 0.40626
23 0.21217 0.41966
24 0.22084 0.43306
25 0.23188 0.44646
26 0.24548 0.45984
27 0.25903 0.47351
28 0.26887 0.4875
29 0.27878 0.50107
30 0.2923 0.51422
31 0.30579 0.52702
32 0.31926 0.54015
33 0.33159 0.55354
34 0.33828 0.56694
35 0.35254 0.58034
36 0.36598 0.59374
37 0.37942 0.60716
38 0.39284 0.62058
39 0.40626 0.63402
40 0.41966 0.64746
41 0.43306 0.66172
42 0.44646 0.66841
43 0.45985 0.68074
44 0.47298 0.69421
45 0.48578 0.7077
46 0.49893 0.72122
47 0.5125 0.73113
48 0.52649 0.74097
49 0.54016 0.75452
50 0.55354 0.76812
51 0.56694 0.77916
52 0.58034 0.78783
53 0.59374 0.80149
54 0.60716 0.81523
55 0.62058 0.82189
56 0.63402 0.83498
57 0.64746 0.85058
58 0.66387 0.85472
59 0.68074 0.8687
60 0.69421 0.8781
61 0.7077 0.88858
62 0.72122 0.90032
63 0.74097 0.90859
64 0.75452 0.92022
65 0.76812 0.92888
66 0.78783 0.93812
67 0.8015 0.94996
68 0.81523 0.95537
69 0.83498 0.96459
70 0.85472 0.97337
71 0.8687 0.98158
72 0.88858 0.98901
73 0.90859 0.99524
74 0.92888 0.99932
75 0.94996 1
