0 0 0.04634
1 0.00063 0.06587
2 0.0044 0.08466
3 0.01017 0.10319
4 0.01704 0.1216
5 0.02464 0.13995
6 0.03275 0.15283
7 0.04126 0.1711
8 0.04634 0.18383
9 0.05713 0.20208
10 0.06587 0.21473
11 0.07349 0.22732
12 0.08466 0.24558
13 0.09162 0.25814
14 0.10319 0.27066
15 0.11207 0.28316
16 0.1216 0.30146
17 0.13373 0.31394
18 0.13995 0.32641
19 0.15283 0.33886
20 0.16348 0.3513
21 0.1711 0.36485
22 0.18383 0.38212
23 0.19562 0.39455
24 0.20209 0.40697
25 0.21473 0.41939
26 0.22732 0.4318
27 0.23792 0.4442
28 0.24558 0.45661
29 0.25814 0.46901
30 0.27066 0.4814
31 0.28316 0.4938
32 0.29224 0.5062
33 0.30146 0.51859
34 0.31394 0.53099
35 0.32641 0.54339
36 0.33886 0.55579
37 0.3513 0.5682
38 0.36314 0.58061
39 0.3717 0.59303
40 0.38212 0.60545
41 0.39455 0.61788
42 0.40697 0.6283
43 0.41939 0.63686
44 0.4318 0.6487
45 0.44421 0.66114
46 0.45661 0.67359
47 0.46901 0.68606
48 0.48141 0.69854
49 0.4938 0.70776
50 0.5062 0.71684
51 0.5186 0.72934
52 0.53099 0.74186
53 0.54339 0.75442
54 0.5558 0.76208
55 0.5682 0.77268
56 0.58061 0.78527
57 0.59303 0.79791
58 0.60545 0.80438
59 0.61788 0.81617
60 0.63515 0.8289
61 0.6487 0.83652
62 0.66114 0.84717
63 0.67359 0.86005
64 0.68606 0.86627
65 0.69854 0.8784
66 0.71684 0.88793
67 0.72934 0.89681
68 0.74186 0.90838
69 0.75442 0.91534
70 0.77268 0.92651
71 0.78527 0.93413
72 0.79792 0.94287
73 0.81617 0.95366
74 0.8289 0.95874
75 0.84717 0.96725
76 0.86005 0.97536
77 0.8784 0.98296
78 0.89681 0.98983
79 0.91534 0.9956
80 0.93413 0.99937
81 0.95366 1
