0 0 0.15476
1 0.00032 0.20587
2 0.00471 0.25486
3 0.01397 0.30328
4 0.02665 0.33688
5 0.0418 0.37412
6 0.05884 0.4181
7 0.07744 0.45094
8 0.09734 0.48366
9 0.11838 0.51634
10 0.14044 0.54906
11 0.15476 0.5819
12 0.18345 0.60969
13 0.20587 0.63216
14 0.23021 0.66312
15 0.25486 0.69672
16 0.2839 0.7161
17 0.30328 0.74514
18 0.33688 0.76979
19 0.36784 0.79413
20 0.39031 0.81655
21 0.4181 0.84524
22 0.45094 0.85956
23 0.48366 0.88162
24 0.51634 0.90266
25 0.54906 0.92256
26 0.5819 0.94116
27 0.62588 0.9582
28 0.66312 0.97335
29 0.69672 0.98603
30 0.74514 0.99529
31 0.79413 0.99968
32 0.84524 1
