0 0 0.08751
1 1e-05 0.1131
2 0.00055 0.1377
3 0.00232 0.15682
4 0.00525 0.17566
5 0.00909 0.19432
6 0.01366 0.21288
7 0.01883 0.22598
8 0.0245 0.24438
9 0.03059 0.26278
10 0.03704 0.27562
11 0.04382 0.28895
12 0.05089 0.30671
13 0.05822 0.31938
14 0.06578 0.33774
15 0.07356 0.35036
16 0.08154 0.36294
17 0.08751 0.37548
18 0.09583 0.39082
19 0.10569 0.40644
20 0.1131 0.41895
21 0.12094 0.43144
22 0.13185 0.44393
23 0.1377 0.4564
24 0.14921 0.46886
25 0.15682 0.48132
26 0.16723 0.49377
27 0.17566 0.50623
28 0.18621 0.51868
29 0.19432 0.53114
30 0.20615 0.5436
31 0.21288 0.55607
32 0.22598 0.56855
33 0.23365 0.58105
34 0.24439 0.59356
35 0.25665 0.60512
36 0.26278 0.61339
37 0.27562 0.62452
38 0.28816 0.63706
39 0.29496 0.64964
40 0.30671 0.66226
41 0.31938 0.66937
42 0.33063 0.68062
43 0.33774 0.69329
44 0.35036 0.70504
45 0.36294 0.71184
46 0.37548 0.72438
47 0.38661 0.73722
48 0.39488 0.74335
49 0.40644 0.75561
50 0.41895 0.76635
51 0.43145 0.77402
52 0.44393 0.78712
53 0.4564 0.79385
54 0.46886 0.80568
55 0.48132 0.81379
56 0.49377 0.82434
57 0.50623 0.83277
58 0.51868 0.84318
59 0.53114 0.85079
60 0.5436 0.8623
61 0.55607 0.86815
62 0.56856 0.87906
63 0.58105 0.8869
64 0.59356 0.89431
65 0.60918 0.90417
66 0.62452 0.91249
67 0.63706 0.91846
68 0.64964 0.92644
69 0.66226 0.93422
70 0.68062 0.94178
71 0.69329 0.94911
72 0.71105 0.95618
73 0.72438 0.96296
74 0.73722 0.96941
75 0.75562 0.9755
76 0.77402 0.98117
77 0.78712 0.98634
78 0.80568 0.99091
79 0.82434 0.99475
80 0.84318 0.99768
81 0.8623 0.99945
82 0.8869 0.99999
83 0.91249 1
