0 0 0.04951
1 0.00176 0.07518
2 0.0089 0.10012
3 0.01851 0.12484
4 0.02939 0.14218
5 0.04109 0.1667
6 0.04951 0.18377
7 0.06238 0.20827
8 0.07518 0.22521
9 0.08597 0.24207
10 0.10012 0.26661
11 0.1133 0.28342
12 0.12484 0.30019
13 0.14218 0.31693
14 0.14978 0.34157
15 0.1667 0.3583
16 0.18377 0.37502
17 0.19369 0.39171
18 0.20828 0.40839
19 0.22521 0.42506
20 0.24207 0.44172
21 0.2514 0.45838
22 0.26661 0.47503
23 0.28342 0.49168
24 0.30019 0.50832
25 0.31693 0.52497
26 0.33088 0.54162
27 0.34157 0.55828
28 0.3583 0.57494
29 0.37502 0.59161
30 0.39171 0.60829
31 0.40839 0.62498
32 0.42506 0.6417
33 0.44172 0.65843
34 0.45838 0.66912
35 0.47503 0.68307
36 0.49168 0.69981
37 0.50832 0.71658
38 0.52497 0.73339
39 0.54162 0.7486
40 0.55828 0.75793
41 0.57494 0.77479
42 0.59161 0.79172
43 0.60829 0.80631
44 0.62498 0.81623
45 0.6417 0.8333
46 0.65843 0.85022
47 0.68307 0.85782
48 0.69981 0.87516
49 0.71658 0.8867
50 0.73339 0.89988
51 0.75793 0.91403
52 0.77479 0.92482
53 0.79173 0.93762
54 0.81623 0.95049
55 0.8333 0.95891
56 0.85782 0.97061
57 0.87516 0.98149
58 0.89988 0.9911
59 0.92482 0.99824
60 0.95049 1
