0 0 0.03103
1 0.0011 0.04713
2 0.00555 0.06276
3 0.01154 0.07824
4 0.0183 0.09366
5 0.02555 0.10448
6 0.03103 0.11982
7 0.03841 0.13051
8 0.04713 0.14583
9 0.05215 0.15645
10 0.06276 0.17178
11 0.06844 0.18236
12 0.07824 0.19291
13 0.08668 0.20825
14 0.09366 0.21878
15 0.10448 0.22928
16 0.11026 0.23978
17 0.11982 0.25123
18 0.13051 0.26563
19 0.1368 0.27611
20 0.14583 0.28657
21 0.15646 0.29702
22 0.16601 0.30747
23 0.17178 0.3229
24 0.18236 0.33334
25 0.19291 0.34378
26 0.20303 0.35422
27 0.20825 0.36465
28 0.21878 0.37508
29 0.22929 0.3855
30 0.23978 0.39592
31 0.24999 0.40633
32 0.25453 0.41675
33 0.26564 0.42729
34 0.27611 0.43992
35 0.28657 0.45312
36 0.29702 0.46354
37 0.30747 0.47396
38 0.31634 0.48438
39 0.3229 0.49479
40 0.33334 0.50521
41 0.34378 0.51562
42 0.35422 0.52604
43 0.36465 0.53646
44 0.37508 0.54688
45 0.3855 0.55559
46 0.39592 0.564
47 0.40633 0.57294
48 0.41675 0.58325
49 0.42706 0.59367
50 0.436 0.60408
51 0.44441 0.6145
52 0.45312 0.62492
53 0.46354 0.63535
54 0.47396 0.64578
55 0.48438 0.65622
56 0.49479 0.66666
57 0.50521 0.6771
58 0.51562 0.68366
59 0.52604 0.69253
60 0.53646 0.70298
61 0.54688 0.71343
62 0.56008 0.72389
63 0.57271 0.73436
64 0.58325 0.74547
65 0.59367 0.75001
66 0.60408 0.76022
67 0.6145 0.77071
68 0.62492 0.78122
69 0.63535 0.79175
70 0.64578 0.79697
71 0.65622 0.80709
72 0.66666 0.81764
73 0.6771 0.82822
74 0.69253 0.83399
75 0.70298 0.84354
76 0.71343 0.85417
77 0.72389 0.8632
78 0.73437 0.86949
79 0.74877 0.88018
80 0.76022 0.88974
81 0.77072 0.89552
82 0.78122 0.90634
83 0.79175 0.91332
84 0.80709 0.92176
85 0.81764 0.93156
86 0.82822 0.93724
87 0.84355 0.94785
88 0.85417 0.95287
89 0.86949 0.96159
90 0.88018 0.96897
91 0.89552 0.97445
92 0.90634 0.9817
93 0.92176 0.98846
94 0.93724 0.99445
95 0.95287 0.9989
96 0.96897 1
