0 0 0.0622
1 0.00095 0.09866
2 0.00662 0.12681
3 0.01531 0.15459
4 0.0257 0.17411
5 0.0372 0.20158
6 0.04951 0.22072
7 0.0622 0.24814
8 0.0666 0.26709
9 0.08719 0.29456
10 0.09866 0.31342
11 0.11358 0.33221
12 0.12681 0.35096
13 0.14287 0.36966
14 0.15459 0.3973
15 0.17411 0.416
16 0.18255 0.43469
17 0.20158 0.45336
18 0.22072 0.47202
19 0.22905 0.49067
20 0.24814 0.50932
21 0.26709 0.52798
22 0.28412 0.54664
23 0.29456 0.56531
24 0.31342 0.584
25 0.33221 0.6027
26 0.35096 0.61515
27 0.36966 0.63034
28 0.38485 0.64904
29 0.3973 0.66779
30 0.416 0.68658
31 0.43469 0.70544
32 0.45336 0.71588
33 0.47202 0.73291
34 0.49068 0.75186
35 0.50933 0.77095
36 0.52798 0.77928
37 0.54664 0.79842
38 0.56531 0.81745
39 0.584 0.82589
40 0.6027 0.84541
41 0.63034 0.85713
42 0.64904 0.87319
43 0.66779 0.88642
44 0.68658 0.90134
45 0.70544 0.91281
46 0.73291 0.9334
47 0.75186 0.9378
48 0.77928 0.95049
49 0.79842 0.9628
50 0.82589 0.9743
51 0.84541 0.98469
52 0.87319 0.99338
53 0.90134 0.99905
54 0.9378 1
