0 0 0.06889
1 0.00245 0.10458
2 0.01244 0.13931
3 0.0259 0.17376
4 0.04119 0.19783
5 0.05765 0.23207
6 0.06889 0.25577
7 0.08837 0.27932
8 0.10458 0.30276
9 0.12309 0.33707
10 0.13931 0.36045
11 0.16256 0.38378
12 0.17376 0.40707
13 0.19783 0.43032
14 0.22069 0.45356
15 0.23207 0.47678
16 0.25577 0.5
17 0.27933 0.52322
18 0.30276 0.54644
19 0.31747 0.56967
20 0.33707 0.59293
21 0.36045 0.61622
22 0.38378 0.63955
23 0.40707 0.66293
24 0.43033 0.68253
25 0.45356 0.69724
26 0.47678 0.72067
27 0.5 0.74423
28 0.52322 0.76793
29 0.54644 0.77931
30 0.56968 0.80217
31 0.59293 0.82624
32 0.61622 0.83744
33 0.63955 0.86069
34 0.66293 0.87691
35 0.69724 0.89542
36 0.72068 0.91163
37 0.74423 0.93111
38 0.76793 0.94235
39 0.80217 0.95881
40 0.82624 0.9741
41 0.86069 0.98756
42 0.89542 0.99755
43 0.93111 1
