0 0 0.08542
1 1e-05 0.1104
2 0.00054 0.13441
3 0.00227 0.15308
4 0.00512 0.17146
5 0.00887 0.18968
6 0.01333 0.20779
7 0.01838 0.22058
8 0.0239 0.23853
9 0.02984 0.25648
10 0.03614 0.26901
11 0.04275 0.28692
12 0.04964 0.29935
13 0.05678 0.31172
14 0.06415 0.32961
15 0.07173 0.34193
16 0.07951 0.3542
17 0.08542 0.37215
18 0.09335 0.3844
19 0.10301 0.39662
20 0.1104 0.40883
21 0.11771 0.42102
22 0.12846 0.43319
23 0.13441 0.44612
24 0.14528 0.46017
25 0.15308 0.47565
26 0.16272 0.48782
27 0.17146 0.5
28 0.18111 0.51217
29 0.18968 0.52435
30 0.2005 0.53395
31 0.20779 0.54451
32 0.22058 0.55524
33 0.22604 0.56681
34 0.23853 0.57898
35 0.24935 0.59117
36 0.25648 0.60338
37 0.26901 0.6156
38 0.27975 0.62785
39 0.28692 0.63514
40 0.29935 0.6458
41 0.31172 0.65807
42 0.31999 0.67038
43 0.32962 0.68001
44 0.34193 0.68828
45 0.3542 0.70065
46 0.36486 0.71308
47 0.37215 0.72025
48 0.3844 0.73099
49 0.39662 0.74352
50 0.40883 0.75065
51 0.42102 0.76147
52 0.43319 0.77396
53 0.44476 0.77942
54 0.45549 0.79221
55 0.46605 0.7995
56 0.47565 0.81032
57 0.48783 0.81889
58 0.5 0.82854
59 0.51218 0.83728
60 0.52435 0.84692
61 0.53983 0.85472
62 0.55388 0.86559
63 0.56681 0.87154
64 0.57898 0.88229
65 0.59117 0.8896
66 0.60338 0.89699
67 0.6156 0.90665
68 0.62785 0.91458
69 0.6458 0.92049
70 0.65807 0.92827
71 0.67039 0.93585
72 0.68828 0.94322
73 0.70065 0.95036
74 0.71308 0.95725
75 0.73099 0.96386
76 0.74352 0.97016
77 0.76147 0.9761
78 0.77942 0.98162
79 0.79221 0.98667
80 0.81032 0.99113
81 0.82854 0.99488
82 0.84692 0.99773
83 0.86559 0.99946
84 0.8896 0.99999
85 0.91458 1
