0 0 0.04315
1 0.00059 0.06134
2 0.0041 0.07884
3 0.00946 0.09609
4 0.01586 0.11323
5 0.02292 0.13032
6 0.03046 0.14232
7 0.03837 0.15932
8 0.04315 0.17118
9 0.05306 0.18817
10 0.06134 0.19994
11 0.0681 0.21168
12 0.07884 0.22866
13 0.08471 0.24035
14 0.09609 0.25202
15 0.10366 0.26903
16 0.11323 0.28067
17 0.12381 0.2923
18 0.13032 0.30391
19 0.14232 0.31806
20 0.15089 0.33257
21 0.15932 0.34416
22 0.17118 0.35574
23 0.18036 0.36731
24 0.18817 0.37887
25 0.19995 0.39042
26 0.21168 0.40197
27 0.21763 0.41626
28 0.22866 0.43071
29 0.24036 0.44226
30 0.25202 0.45381
31 0.26054 0.46536
32 0.26903 0.47691
33 0.28068 0.48846
34 0.2923 0.5
35 0.30391 0.51154
36 0.31469 0.52309
37 0.32027 0.53464
38 0.33257 0.54618
39 0.34416 0.55774
40 0.35574 0.56929
41 0.36731 0.5796
42 0.37887 0.58804
43 0.39043 0.59802
44 0.40198 0.60957
45 0.41196 0.62113
46 0.4204 0.63269
47 0.43071 0.64426
48 0.44226 0.65584
49 0.45382 0.66743
50 0.46536 0.67973
51 0.47691 0.68531
52 0.48846 0.69609
53 0.5 0.7077
54 0.51154 0.71932
55 0.52309 0.73097
56 0.53464 0.73946
57 0.54619 0.74798
58 0.55774 0.75964
59 0.56929 0.77134
60 0.58374 0.78237
61 0.59803 0.78832
62 0.60958 0.80005
63 0.62113 0.81183
64 0.63269 0.81964
65 0.64426 0.82882
66 0.65584 0.84068
67 0.66743 0.84911
68 0.68194 0.85768
69 0.69609 0.86968
70 0.7077 0.87619
71 0.71933 0.88677
72 0.73097 0.89634
73 0.74798 0.90391
74 0.75965 0.91529
75 0.77134 0.92116
76 0.78832 0.9319
77 0.80006 0.93866
78 0.81183 0.94694
79 0.82882 0.95685
80 0.84068 0.96163
81 0.85768 0.96954
82 0.86968 0.97708
83 0.88677 0.98414
84 0.90391 0.99054
85 0.92116 0.9959
86 0.93866 0.99941
87 0.95685 1
