0 0 0.09835
1 0.00351 0.14929
2 0.01787 0.19895
3 0.03731 0.23355
4 0.05944 0.28264
5 0.08336 0.31653
6 0.09835 0.35015
7 0.12949 0.3836
8 0.14929 0.41693
9 0.18242 0.45548
10 0.19895 0.49208
11 0.23355 0.52424
12 0.26495 0.55383
13 0.28264 0.58307
14 0.31653 0.6164
15 0.35015 0.64985
16 0.3836 0.68347
17 0.41693 0.71736
18 0.44617 0.73505
19 0.47576 0.76645
20 0.50792 0.80105
21 0.54452 0.81758
22 0.58307 0.85071
23 0.6164 0.87051
24 0.64985 0.90165
25 0.68347 0.91664
26 0.71736 0.94056
27 0.76645 0.96269
28 0.80105 0.98213
29 0.85071 0.99649
30 0.90165 1
