0 0 0.08957
1 0.00018 0.12671
2 0.00272 0.15521
3 0.00804 0.18316
4 0.01527 0.21086
5 0.02386 0.23846
6 0.03346 0.25776
7 0.04386 0.28522
8 0.05494 0.30425
9 0.06657 0.32316
10 0.0787 0.35062
11 0.08957 0.36944
12 0.09909 0.38819
13 0.11574 0.4069
14 0.12671 0.42556
15 0.14074 0.44419
16 0.15521 0.46472
17 0.1676 0.48478
18 0.18316 0.50374
19 0.1974 0.52161
20 0.21086 0.53878
21 0.22928 0.5558
22 0.23846 0.57444
23 0.25776 0.5931
24 0.27533 0.61181
25 0.28522 0.63056
26 0.30425 0.64938
27 0.32316 0.66072
28 0.33928 0.67684
29 0.35062 0.69575
30 0.36944 0.71478
31 0.38819 0.72467
32 0.4069 0.74224
33 0.42556 0.76154
34 0.4442 0.77072
35 0.46122 0.78914
36 0.47839 0.8026
37 0.49626 0.81684
38 0.51522 0.8324
39 0.53528 0.84479
40 0.55581 0.85926
41 0.57444 0.87329
42 0.5931 0.88426
43 0.61181 0.90091
44 0.63056 0.91043
45 0.64938 0.9213
46 0.67684 0.93343
47 0.69575 0.94506
48 0.71478 0.95614
49 0.74224 0.96654
50 0.76154 0.97614
51 0.78914 0.98473
52 0.81684 0.99196
53 0.84479 0.99728
54 0.87329 0.99982
55 0.91043 1
