0 0 0.06931
1 0.00014 0.09802
2 0.0021 0.12595
3 0.00621 0.14767
4 0.01178 0.16311
5 0.01837 0.18434
6 0.02574 0.20556
7 0.03371 0.22043
8 0.04217 0.24156
9 0.05105 0.25625
10 0.06029 0.27737
11 0.06931 0.29196
12 0.07425 0.30687
13 0.08804 0.32763
14 0.09802 0.34212
15 0.10557 0.35657
16 0.11957 0.37098
17 0.12595 0.39222
18 0.14073 0.40663
19 0.14767 0.42103
20 0.16306 0.4354
21 0.1677 0.44977
22 0.18434 0.46413
23 0.19477 0.47848
24 0.20556 0.49283
25 0.22043 0.50717
26 0.2277 0.52152
27 0.24156 0.53587
28 0.25625 0.55023
29 0.26557 0.56459
30 0.27737 0.57897
31 0.29196 0.59336
32 0.30633 0.60778
33 0.31495 0.61752
34 0.32764 0.62902
35 0.34212 0.64343
36 0.35657 0.65788
37 0.37098 0.67236
38 0.38248 0.68505
39 0.39222 0.69367
40 0.40664 0.70804
41 0.42103 0.72263
42 0.43541 0.73443
43 0.44977 0.74375
44 0.46413 0.75844
45 0.47848 0.7723
46 0.49283 0.77957
47 0.50717 0.79444
48 0.52152 0.80523
49 0.53587 0.81566
50 0.55023 0.8323
51 0.5646 0.83694
52 0.57897 0.85233
53 0.59337 0.85927
54 0.60778 0.87405
55 0.62902 0.88043
56 0.64343 0.89443
57 0.65788 0.90198
58 0.67237 0.91196
59 0.69313 0.92575
60 0.70804 0.93069
61 0.72263 0.93971
62 0.74375 0.94895
63 0.75844 0.95783
64 0.77957 0.96629
65 0.79444 0.97426
66 0.81566 0.98163
67 0.83689 0.98822
68 0.85233 0.99379
69 0.87405 0.9979
70 0.90198 0.99986
71 0.93069 1
