0 0 0.13318
1 2e-05 0.17416
2 0.00088 0.20545
3 0.00373 0.23601
4 0.00845 0.26623
5 0.01469 0.2963
6 0.02213 0.31729
7 0.03058 0.34722
8 0.03988 0.36789
9 0.0499 0.38842
10 0.06056 0.41844
11 0.0718 0.4389
12 0.08355 0.4593
13 0.09578 0.47966
14 0.10845 0.5
15 0.12153 0.52034
16 0.13319 0.5407
17 0.14422 0.5611
18 0.1615 0.58156
19 0.17416 0.59493
20 0.18801 0.61158
21 0.20545 0.63211
22 0.21563 0.65278
23 0.23601 0.6674
24 0.24741 0.68271
25 0.26623 0.7037
26 0.28254 0.71746
27 0.2963 0.73377
28 0.31729 0.75259
29 0.3326 0.76399
30 0.34722 0.78437
31 0.36789 0.79455
32 0.38842 0.81199
33 0.40507 0.82584
34 0.41844 0.8385
35 0.4389 0.85578
36 0.4593 0.86681
37 0.47966 0.87847
38 0.5 0.89155
39 0.52034 0.90422
40 0.5407 0.91645
41 0.5611 0.9282
42 0.58156 0.93944
43 0.61158 0.9501
44 0.63211 0.96012
45 0.65278 0.96942
46 0.68271 0.97787
47 0.7037 0.98531
48 0.73377 0.99155
49 0.76399 0.99627
50 0.79455 0.99912
51 0.82584 0.99998
52 0.86682 1
