0 0 0.03384
1 0.0012 0.05139
2 0.00606 0.06843
3 0.01259 0.08532
4 0.01997 0.10213
5 0.0279 0.11393
6 0.03384 0.13066
7 0.042 0.14231
8 0.05139 0.15903
9 0.05718 0.17061
10 0.06843 0.18214
11 0.07511 0.19886
12 0.08532 0.21036
13 0.09504 0.22184
14 0.10213 0.23859
15 0.11393 0.25004
16 0.12147 0.26148
17 0.13066 0.27291
18 0.14231 0.28432
19 0.15093 0.30112
20 0.15903 0.31253
21 0.17061 0.32393
22 0.18214 0.33532
23 0.1882 0.3467
24 0.19886 0.35808
25 0.21037 0.36945
26 0.22184 0.38368
27 0.23114 0.39772
28 0.23859 0.40909
29 0.25004 0.42046
30 0.26149 0.43183
31 0.27291 0.4432
32 0.28432 0.45456
33 0.29183 0.46592
34 0.30112 0.47728
35 0.31253 0.48864
36 0.32393 0.5
37 0.33532 0.51136
38 0.34671 0.52272
39 0.35808 0.53408
40 0.36946 0.54544
41 0.37952 0.5568
42 0.38669 0.56817
43 0.39772 0.57954
44 0.4091 0.5909
45 0.42046 0.60228
46 0.43183 0.61331
47 0.4432 0.62048
48 0.45456 0.63054
49 0.46592 0.64192
50 0.47728 0.65329
51 0.48864 0.66468
52 0.5 0.67607
53 0.51136 0.68747
54 0.52272 0.69888
55 0.53408 0.70817
56 0.54544 0.71568
57 0.5568 0.72709
58 0.56817 0.73851
59 0.57954 0.74996
60 0.59091 0.76141
61 0.60228 0.76886
62 0.61632 0.77816
63 0.63055 0.78963
64 0.64192 0.80114
65 0.6533 0.8118
66 0.66468 0.81786
67 0.67607 0.82939
68 0.68747 0.84097
69 0.69888 0.84907
70 0.71568 0.85769
71 0.72709 0.86934
72 0.73852 0.87853
73 0.74996 0.88607
74 0.76141 0.89787
75 0.77816 0.90496
76 0.78964 0.91468
77 0.80114 0.92489
78 0.81786 0.93157
79 0.82939 0.94282
80 0.84097 0.94861
81 0.85769 0.958
82 0.86934 0.96616
83 0.88607 0.9721
84 0.89787 0.98003
85 0.91468 0.98741
86 0.93157 0.99394
87 0.94861 0.9988
88 0.96616 1
