0 0 0.03793
1 0.00052 0.05393
2 0.0036 0.06931
3 0.00831 0.08448
4 0.01392 0.09954
5 0.02011 0.11455
6 0.02672 0.12511
7 0.03365 0.14005
8 0.03793 0.15048
9 0.04644 0.16539
10 0.05393 0.17575
11 0.05936 0.19067
12 0.06931 0.20098
13 0.07347 0.21126
14 0.08448 0.22619
15 0.08999 0.23645
16 0.09954 0.24668
17 0.10772 0.26163
18 0.11455 0.27186
19 0.12511 0.28207
20 0.13014 0.29226
21 0.14005 0.30245
22 0.15048 0.31744
23 0.15466 0.32762
24 0.1654 0.3378
25 0.17576 0.34797
26 0.18283 0.35813
27 0.19067 0.36828
28 0.20098 0.37843
29 0.21127 0.39225
30 0.21708 0.40365
31 0.22619 0.4138
32 0.23645 0.42395
33 0.24669 0.4341
34 0.2555 0.44424
35 0.26163 0.45438
36 0.27186 0.46452
37 0.28207 0.47466
38 0.29226 0.4848
39 0.30245 0.49493
40 0.30991 0.50507
41 0.31744 0.5152
42 0.32762 0.52534
43 0.3378 0.53548
44 0.34797 0.54562
45 0.35813 0.55576
46 0.36828 0.5659
47 0.37843 0.57605
48 0.38717 0.58619
49 0.39284 0.59635
50 0.40365 0.60716
51 0.41381 0.61283
52 0.42395 0.62157
53 0.4341 0.63172
54 0.44424 0.64187
55 0.45438 0.65203
56 0.46452 0.6622
57 0.47466 0.67238
58 0.4848 0.68256
59 0.49493 0.69009
60 0.50507 0.69755
61 0.5152 0.70774
62 0.52534 0.71793
63 0.53548 0.72814
64 0.54562 0.73837
65 0.55576 0.7445
66 0.5659 0.75331
67 0.57605 0.76355
68 0.5862 0.77381
69 0.59635 0.78292
70 0.60775 0.78873
71 0.62157 0.79902
72 0.63172 0.80933
73 0.64187 0.81717
74 0.65203 0.82424
75 0.6622 0.8346
76 0.67238 0.84534
77 0.68256 0.84952
78 0.69755 0.85995
79 0.70774 0.86986
80 0.71793 0.87489
81 0.72814 0.88545
82 0.73837 0.89228
83 0.75332 0.90046
84 0.76355 0.91001
85 0.77381 0.91552
86 0.78874 0.92653
87 0.79902 0.93069
88 0.80933 0.94064
89 0.82425 0.94607
90 0.83461 0.95356
91 0.84952 0.96207
92 0.85995 0.96635
93 0.87489 0.97328
94 0.88545 0.97989
95 0.90046 0.98608
96 0.91552 0.99169
97 0.93069 0.9964
98 0.94607 0.99948
99 0.96207 1
