0 0 0.16525
1 0.00034 0.21983
2 0.00502 0.27222
3 0.01493 0.31025
4 0.0285 0.35997
5 0.04472 0.39534
6 0.06301 0.43038
7 0.08297 0.46907
8 0.10436 0.50518
9 0.12699 0.53798
10 0.15076 0.56962
11 0.16526 0.60466
12 0.19772 0.64003
13 0.21983 0.67128
14 0.24938 0.69208
15 0.27222 0.72778
16 0.30792 0.75062
17 0.32872 0.78017
18 0.35997 0.80228
19 0.39534 0.83474
20 0.43038 0.84924
21 0.46202 0.87301
22 0.49482 0.89564
23 0.53093 0.91703
24 0.56962 0.93699
25 0.60466 0.95528
26 0.64003 0.9715
27 0.68975 0.98507
28 0.72778 0.99498
29 0.78017 0.99966
30 0.83475 1
