0 0 0.06053
1 0.00215 0.09189
2 0.01091 0.12239
3 0.0227 0.15264
4 0.03608 0.1738
5 0.05047 0.20384
6 0.06053 0.22468
7 0.07705 0.24538
8 0.09189 0.27541
9 0.10688 0.29601
10 0.12239 0.31655
11 0.14104 0.33704
12 0.15264 0.36723
13 0.1738 0.38771
14 0.19011 0.40816
15 0.20384 0.42859
16 0.22468 0.449
17 0.24538 0.4694
18 0.25674 0.4898
19 0.27541 0.5102
20 0.29602 0.53059
21 0.31655 0.551
22 0.33704 0.57141
23 0.35291 0.59184
24 0.36723 0.61229
25 0.38771 0.63277
26 0.40816 0.64709
27 0.42859 0.66296
28 0.449 0.68345
29 0.46941 0.70398
30 0.4898 0.72459
31 0.5102 0.74326
32 0.5306 0.75462
33 0.551 0.77532
34 0.57141 0.79616
35 0.59184 0.80989
36 0.61229 0.8262
37 0.63277 0.84736
38 0.66296 0.85896
39 0.68345 0.87761
40 0.70399 0.89312
41 0.72459 0.90811
42 0.75462 0.92295
43 0.77532 0.93947
44 0.79616 0.94953
45 0.8262 0.96392
46 0.84736 0.9773
47 0.87761 0.98909
48 0.90811 0.99785
49 0.93947 1
