0 0 0.04075
1 0.00144 0.06188
2 0.00731 0.0824
3 0.01519 0.10274
4 0.02411 0.123
5 0.03369 0.13719
6 0.04075 0.15736
7 0.05091 0.17138
8 0.06188 0.18533
9 0.06973 0.20547
10 0.0824 0.21936
11 0.09175 0.2332
12 0.10274 0.25338
13 0.11589 0.26719
14 0.123 0.28098
15 0.13719 0.29474
16 0.14924 0.31499
17 0.15736 0.32875
18 0.17138 0.3425
19 0.18533 0.35623
20 0.19184 0.36995
21 0.20548 0.38366
22 0.21936 0.39736
23 0.2332 0.41106
24 0.24223 0.42475
25 0.25338 0.43908
26 0.26719 0.45508
27 0.28098 0.47259
28 0.29474 0.4863
29 0.30732 0.5
30 0.31499 0.5137
31 0.32875 0.5274
32 0.3425 0.53831
33 0.35623 0.55005
34 0.36995 0.56205
35 0.38366 0.57525
36 0.39736 0.58894
37 0.41106 0.60264
38 0.42475 0.61634
39 0.43795 0.63005
40 0.44995 0.64377
41 0.46169 0.6575
42 0.4726 0.67125
43 0.4863 0.68501
44 0.5 0.69268
45 0.5137 0.70526
46 0.52741 0.71902
47 0.54492 0.73281
48 0.56092 0.74662
49 0.57525 0.75777
50 0.58894 0.7668
51 0.60264 0.78064
52 0.61634 0.79452
53 0.63005 0.80816
54 0.64377 0.81467
55 0.6575 0.82862
56 0.67125 0.84264
57 0.68501 0.85076
58 0.70526 0.86281
59 0.71902 0.877
60 0.73281 0.88411
61 0.74662 0.89726
62 0.7668 0.90825
63 0.78064 0.9176
64 0.79453 0.93027
65 0.81467 0.93812
66 0.82862 0.94909
67 0.84264 0.95925
68 0.86281 0.96631
69 0.877 0.97589
70 0.89726 0.98481
71 0.9176 0.99269
72 0.93812 0.99856
73 0.95925 1
