0 0 0.10796
1 0.00165 0.16063
2 0.01159 0.20656
3 0.0269 0.25476
4 0.0453 0.28824
5 0.06578 0.3363
6 0.08782 0.36932
7 0.10796 0.40214
8 0.12607 0.43482
9 0.15764 0.46743
10 0.16584 0.50023
11 0.20656 0.53257
12 0.22664 0.56518
13 0.25476 0.59786
14 0.28824 0.63068
15 0.30974 0.6637
16 0.3363 0.69026
17 0.36932 0.71176
18 0.40214 0.74524
19 0.43482 0.77336
20 0.46743 0.79344
21 0.49977 0.83416
22 0.53257 0.84236
23 0.56518 0.87393
24 0.59786 0.89204
25 0.63068 0.91218
26 0.6637 0.93422
27 0.71176 0.9547
28 0.74524 0.9731
29 0.79344 0.98841
30 0.83937 0.99835
31 0.89204 1
