0 0 0.07985
1 0.00122 0.12673
2 0.00853 0.1629
3 0.01975 0.18825
4 0.03319 0.22365
5 0.0481 0.25261
6 0.06409 0.28362
7 0.07985 0.30798
8 0.08914 0.3348
9 0.11374 0.36766
10 0.12673 0.39182
11 0.14931 0.41591
12 0.1629 0.43997
13 0.18825 0.46399
14 0.19851 0.488
15 0.22366 0.512
16 0.24737 0.53601
17 0.25606 0.56003
18 0.28362 0.58408
19 0.30798 0.60818
20 0.33109 0.63234
21 0.34581 0.65419
22 0.36766 0.66891
23 0.39182 0.69202
24 0.41592 0.71638
25 0.43997 0.74394
26 0.46399 0.75263
27 0.488 0.77634
28 0.512 0.80149
29 0.53601 0.81175
30 0.56003 0.8371
31 0.58409 0.85069
32 0.60818 0.87327
33 0.63234 0.88626
34 0.6652 0.91086
35 0.69202 0.92015
36 0.71638 0.93591
37 0.74739 0.9519
38 0.77635 0.96681
39 0.81175 0.98025
40 0.8371 0.99147
41 0.87327 0.99878
42 0.92015 1
