0 0 0.08179
1 0.00125 0.12981
2 0.00874 0.16686
3 0.02024 0.19282
4 0.03402 0.2291
5 0.0493 0.25434
6 0.0657 0.29054
7 0.08179 0.31549
8 0.09163 0.3403
9 0.1167 0.37666
10 0.12981 0.40141
11 0.1533 0.42611
12 0.16686 0.45076
13 0.19282 0.47539
14 0.20519 0.5
15 0.2291 0.52461
16 0.25434 0.54924
17 0.26728 0.57389
18 0.29054 0.59859
19 0.31549 0.62334
20 0.3403 0.64095
21 0.35905 0.6597
22 0.37666 0.68451
23 0.40141 0.70946
24 0.42611 0.73272
25 0.45076 0.74566
26 0.47539 0.7709
27 0.5 0.79481
28 0.52461 0.80718
29 0.54924 0.83314
30 0.57389 0.8467
31 0.59859 0.87019
32 0.62334 0.8833
33 0.6597 0.90837
34 0.68451 0.91821
35 0.70946 0.9343
36 0.74566 0.9507
37 0.7709 0.96598
38 0.80718 0.97976
39 0.83314 0.99126
40 0.87019 0.99875
41 0.91821 1
