0 0 0.04081
1 0.00056 0.05802
2 0.00388 0.07457
3 0.00895 0.09088
4 0.01499 0.10709
5 0.02166 0.12325
6 0.02878 0.1346
7 0.03625 0.15068
8 0.04081 0.1619
9 0.05009 0.17796
10 0.05802 0.1891
11 0.06417 0.20516
12 0.07457 0.21625
13 0.07966 0.22731
14 0.09088 0.24338
15 0.09752 0.25442
16 0.1071 0.26543
17 0.11658 0.27643
18 0.12325 0.29254
19 0.1346 0.30352
20 0.14164 0.31449
21 0.15068 0.32545
22 0.1619 0.3364
23 0.16907 0.34734
24 0.17796 0.36352
25 0.1891 0.37446
26 0.199 0.3854
27 0.20516 0.39633
28 0.21625 0.40725
29 0.22731 0.41817
30 0.23735 0.42909
31 0.24338 0.44
32 0.25442 0.45092
33 0.26543 0.46183
34 0.27643 0.47273
35 0.28627 0.48364
36 0.29254 0.49455
37 0.30352 0.50545
38 0.31449 0.51636
39 0.32545 0.52726
40 0.3364 0.53817
41 0.34734 0.54908
42 0.35647 0.55999
43 0.36352 0.57091
44 0.37446 0.58183
45 0.3854 0.59275
46 0.39633 0.60367
47 0.40725 0.6146
48 0.41817 0.62554
49 0.42909 0.63648
50 0.44001 0.64353
51 0.45092 0.65266
52 0.46183 0.6636
53 0.47274 0.67455
54 0.48364 0.68551
55 0.49455 0.69648
56 0.50545 0.70746
57 0.51636 0.71373
58 0.52727 0.72357
59 0.53817 0.73457
60 0.54908 0.74558
61 0.56 0.75662
62 0.57091 0.76265
63 0.58183 0.77269
64 0.59275 0.78375
65 0.60367 0.79484
66 0.6146 0.801
67 0.62554 0.8109
68 0.63648 0.82204
69 0.65266 0.83093
70 0.6636 0.8381
71 0.67455 0.84932
72 0.68551 0.85836
73 0.69648 0.8654
74 0.70746 0.87675
75 0.72357 0.88342
76 0.73457 0.8929
77 0.74558 0.90248
78 0.75662 0.90912
79 0.77269 0.92034
80 0.78375 0.92543
81 0.79484 0.93583
82 0.8109 0.94198
83 0.82204 0.94991
84 0.8381 0.95919
85 0.84932 0.96375
86 0.8654 0.97122
87 0.87675 0.97834
88 0.89291 0.98501
89 0.90912 0.99105
90 0.92543 0.99612
91 0.94198 0.99944
92 0.95919 1
