0 0 0.10913
1 0.0039 0.16565
2 0.01987 0.20472
3 0.04153 0.25917
4 0.06622 0.29686
5 0.09292 0.35142
6 0.10913 0.38876
7 0.14501 0.42592
8 0.16566 0.46298
9 0.20472 0.5
10 0.22121 0.53702
11 0.25917 0.57408
12 0.29686 0.61124
13 0.32575 0.64858
14 0.35142 0.67425
15 0.38876 0.70314
16 0.42592 0.74083
17 0.46298 0.77879
18 0.5 0.79528
19 0.53702 0.83434
20 0.57408 0.85499
21 0.61124 0.89087
22 0.64858 0.90708
23 0.70314 0.93378
24 0.74083 0.95847
25 0.79528 0.98013
26 0.83435 0.9961
27 0.89087 1
