0 0 0.1017
1 0.00363 0.15437
2 0.01849 0.20574
3 0.03862 0.2415
4 0.06154 0.2792
5 0.08632 0.32735
6 0.1017 0.36212
7 0.13428 0.39672
8 0.15437 0.4312
9 0.18937 0.46562
10 0.20574 0.5
11 0.2415 0.53438
12 0.27578 0.56879
13 0.29363 0.60328
14 0.32735 0.63788
15 0.36212 0.67265
16 0.39672 0.70637
17 0.43121 0.72422
18 0.46562 0.7585
19 0.5 0.79426
20 0.53438 0.81063
21 0.5688 0.84563
22 0.60328 0.86572
23 0.63788 0.8983
24 0.67265 0.91368
25 0.7208 0.93846
26 0.7585 0.96138
27 0.79426 0.98151
28 0.84563 0.99637
29 0.8983 1
