0 0 0.08343
1 1e-05 0.10783
2 0.00052 0.13127
3 0.00221 0.14951
4 0.005 0.16746
5 0.00866 0.18525
6 0.01302 0.20293
7 0.01794 0.22055
8 0.02334 0.23296
9 0.02913 0.25047
10 0.03528 0.26272
11 0.04172 0.2802
12 0.04845 0.29233
13 0.05541 0.30981
14 0.0626 0.32188
15 0.07 0.3339
16 0.07758 0.34818
17 0.08343 0.36339
18 0.091 0.37535
19 0.10046 0.38728
20 0.10783 0.3992
21 0.11464 0.41327
22 0.12524 0.4287
23 0.13127 0.4406
24 0.14155 0.45249
25 0.14951 0.46438
26 0.15842 0.47625
27 0.16746 0.48813
28 0.17624 0.5
29 0.18525 0.51187
30 0.19511 0.52374
31 0.20293 0.53562
32 0.21474 0.54751
33 0.22055 0.5594
34 0.23296 0.5713
35 0.24232 0.58128
36 0.25048 0.5902
37 0.26272 0.6008
38 0.27155 0.61272
39 0.2802 0.62465
40 0.29233 0.63661
41 0.30305 0.6482
42 0.30981 0.65504
43 0.32188 0.6661
44 0.3339 0.67812
45 0.34496 0.69019
46 0.3518 0.69695
47 0.36339 0.70767
48 0.37535 0.7198
49 0.38728 0.72845
50 0.3992 0.73728
51 0.4098 0.74952
52 0.41872 0.75768
53 0.4287 0.76704
54 0.4406 0.77945
55 0.45249 0.78526
56 0.46438 0.79707
57 0.47626 0.80489
58 0.48813 0.81475
59 0.5 0.82376
60 0.51187 0.83254
61 0.52375 0.84158
62 0.53562 0.85049
63 0.54751 0.85845
64 0.5594 0.86873
65 0.5713 0.87476
66 0.58673 0.88536
67 0.6008 0.89217
68 0.61272 0.89954
69 0.62465 0.909
70 0.63661 0.91657
71 0.65182 0.92242
72 0.6661 0.93
73 0.67812 0.9374
74 0.69019 0.94459
75 0.70767 0.95155
76 0.7198 0.95828
77 0.73728 0.96472
78 0.74953 0.97087
79 0.76704 0.97666
80 0.77945 0.98206
81 0.79707 0.98698
82 0.81475 0.99134
83 0.83254 0.995
84 0.85049 0.99779
85 0.86873 0.99948
86 0.89217 0.99999
87 0.91657 1
