0 0 0.08072
1 0.00016 0.11418
2 0.00245 0.13985
3 0.00724 0.16502
4 0.01374 0.18996
5 0.02145 0.21478
6 0.03007 0.23219
7 0.03941 0.25686
8 0.04934 0.27402
9 0.05976 0.29868
10 0.07062 0.31569
11 0.08072 0.33263
12 0.08818 0.35735
13 0.10353 0.37423
14 0.11418 0.39108
15 0.12526 0.40789
16 0.13985 0.42467
17 0.14812 0.44143
18 0.16503 0.45992
19 0.17424 0.47834
20 0.18996 0.49594
21 0.203 0.51239
22 0.21479 0.52801
23 0.23219 0.54324
24 0.24116 0.55857
25 0.25686 0.57533
26 0.27402 0.59211
27 0.28538 0.60892
28 0.29868 0.62576
29 0.31569 0.64265
30 0.33264 0.65476
31 0.34524 0.66736
32 0.35735 0.68431
33 0.37424 0.70132
34 0.39108 0.71462
35 0.40789 0.72598
36 0.42467 0.74314
37 0.44143 0.75884
38 0.45676 0.76781
39 0.47199 0.78521
40 0.48761 0.797
41 0.50406 0.81004
42 0.52166 0.82576
43 0.54008 0.83497
44 0.55857 0.85188
45 0.57533 0.86015
46 0.59211 0.87474
47 0.60892 0.88582
48 0.62577 0.89647
49 0.64265 0.91182
50 0.66737 0.91928
51 0.68431 0.92938
52 0.70132 0.94024
53 0.72598 0.95066
54 0.74314 0.96059
55 0.76781 0.96993
56 0.78522 0.97855
57 0.81004 0.98626
58 0.83498 0.99276
59 0.86015 0.99755
60 0.88582 0.99984
61 0.91928 1
