0 0 0.19423
1 3e-05 0.25768
2 0.00136 0.30618
3 0.00576 0.33984
4 0.01311 0.38714
5 0.02287 0.41971
6 0.03459 0.45194
7 0.04798 0.484
8 0.06278 0.516
9 0.07885 0.54805
10 0.09604 0.58029
11 0.11426 0.61285
12 0.13345 0.6369
13 0.15353 0.66015
14 0.17448 0.69381
15 0.19423 0.712
16 0.21212 0.74232
17 0.24039 0.75961
18 0.25768 0.78788
19 0.288 0.80577
20 0.30619 0.82552
21 0.33985 0.84647
22 0.3631 0.86655
23 0.38715 0.88574
24 0.41971 0.90396
25 0.45195 0.92115
26 0.484 0.93722
27 0.516 0.95202
28 0.54806 0.96541
29 0.58029 0.97713
30 0.61286 0.98689
31 0.66016 0.99424
32 0.69382 0.99864
33 0.74232 0.99997
34 0.80577 1
