0 0 0.17651
1 3e-05 0.22939
2 0.00121 0.27243
3 0.00514 0.31472
4 0.01168 0.34742
5 0.02035 0.38596
6 0.03075 0.41474
7 0.04259 0.44328
8 0.05567 0.47384
9 0.06983 0.50309
10 0.08496 0.53022
11 0.10097 0.55672
12 0.11778 0.58526
13 0.13535 0.61404
14 0.15363 0.63959
15 0.17258 0.65735
16 0.17927 0.68528
17 0.20997 0.7066
18 0.22939 0.72757
19 0.24912 0.75088
20 0.27243 0.77061
21 0.2934 0.79003
22 0.31472 0.82073
23 0.34265 0.82742
24 0.36041 0.84637
25 0.38596 0.86465
26 0.41474 0.88222
27 0.44328 0.89903
28 0.46978 0.91504
29 0.49691 0.93017
30 0.52616 0.94433
31 0.55672 0.95741
32 0.58526 0.96925
33 0.61404 0.97965
34 0.65258 0.98832
35 0.68528 0.99486
36 0.72757 0.99879
37 0.77061 0.99997
38 0.82349 1
