0 0 0.05303
1 1e-04 0.07355
2 0.00149 0.0893
3 0.00439 0.10469
4 0.00832 0.11991
5 0.01297 0.13502
6 0.01815 0.15007
7 0.02374 0.16069
8 0.02968 0.17565
9 0.03589 0.1906
10 0.04235 0.20105
11 0.04902 0.21242
12 0.05303 0.22635
13 0.06135 0.23669
14 0.0694 0.2516
15 0.07355 0.26189
16 0.08304 0.27216
17 0.0893 0.28708
18 0.09708 0.29732
19 0.10469 0.30755
20 0.11192 0.31775
21 0.11991 0.33271
22 0.12778 0.34291
23 0.13502 0.35309
24 0.14447 0.36326
25 0.15007 0.37343
26 0.16069 0.38534
27 0.16672 0.39861
28 0.17565 0.40877
29 0.18586 0.41892
30 0.1906 0.42907
31 0.20105 0.43921
32 0.21124 0.44934
33 0.21476 0.45948
34 0.22635 0.46961
35 0.23669 0.47974
36 0.24415 0.48987
37 0.2516 0.5
38 0.26189 0.51013
39 0.27216 0.52026
40 0.27958 0.53039
41 0.28708 0.54052
42 0.29733 0.55065
43 0.30755 0.56079
44 0.31776 0.57093
45 0.32462 0.58108
46 0.33271 0.59123
47 0.34291 0.60139
48 0.35309 0.61036
49 0.36326 0.61733
50 0.37343 0.62657
51 0.38267 0.63674
52 0.38964 0.64691
53 0.39861 0.65709
54 0.40877 0.66729
55 0.41892 0.67538
56 0.42907 0.68224
57 0.43921 0.69245
58 0.44935 0.70267
59 0.45948 0.71292
60 0.46961 0.72042
61 0.47974 0.72784
62 0.48987 0.73811
63 0.5 0.7484
64 0.51013 0.75585
65 0.52026 0.76331
66 0.53039 0.77365
67 0.54052 0.78524
68 0.55066 0.78876
69 0.56079 0.79895
70 0.57093 0.8094
71 0.58108 0.81414
72 0.59123 0.82435
73 0.60139 0.83328
74 0.61466 0.83931
75 0.62657 0.84993
76 0.63674 0.85553
77 0.64691 0.86498
78 0.65709 0.87222
79 0.66729 0.88009
80 0.68225 0.88808
81 0.69245 0.89531
82 0.70268 0.90292
83 0.71292 0.9107
84 0.72784 0.91696
85 0.73811 0.92645
86 0.7484 0.9306
87 0.76331 0.93865
88 0.77365 0.94697
89 0.78758 0.95098
90 0.79895 0.95765
91 0.8094 0.96411
92 0.82435 0.97032
93 0.83931 0.97626
94 0.84993 0.98185
95 0.86498 0.98703
96 0.88009 0.99168
97 0.89531 0.99561
98 0.9107 0.99851
99 0.92645 0.9999
100 0.94697 1
