0 0 0.0551
1 0.00084 0.08738
2 0.00586 0.1123
3 0.01354 0.1369
4 0.02271 0.16136
5 0.03285 0.17851
6 0.04371 0.20281
7 0.0551 0.21971
8 0.05717 0.24399
9 0.07673 0.26077
10 0.08738 0.27747
11 0.09958 0.29452
12 0.11231 0.31844
13 0.12498 0.33504
14 0.1369 0.35162
15 0.15277 0.36817
16 0.16136 0.38469
17 0.17851 0.40523
18 0.192 0.42571
19 0.20281 0.44223
20 0.21971 0.45874
21 0.23532 0.47525
22 0.24399 0.49175
23 0.26077 0.50825
24 0.27747 0.52475
25 0.29395 0.54126
26 0.30351 0.55777
27 0.31844 0.57429
28 0.33504 0.58945
29 0.35162 0.60091
30 0.36817 0.61531
31 0.38469 0.63183
32 0.39909 0.64838
33 0.41055 0.66496
34 0.42571 0.68156
35 0.44223 0.69649
36 0.45874 0.70605
37 0.47525 0.72253
38 0.49175 0.73923
39 0.50825 0.75601
40 0.52475 0.76468
41 0.54126 0.78029
42 0.55777 0.79719
43 0.57429 0.808
44 0.59477 0.82149
45 0.61531 0.83864
46 0.63183 0.84723
47 0.64838 0.8631
48 0.66496 0.87502
49 0.68156 0.88769
50 0.70548 0.90042
51 0.72253 0.91262
52 0.73923 0.92327
53 0.75601 0.94283
54 0.78029 0.9449
55 0.79719 0.95629
56 0.82149 0.96715
57 0.83864 0.97729
58 0.8631 0.98646
59 0.8877 0.99414
60 0.91262 0.99916
61 0.9449 1
