0 0 0.08213
1 0.00292 0.12468
2 0.01487 0.1661
3 0.03101 0.19505
4 0.04935 0.23591
5 0.06913 0.26422
6 0.08213 0.30513
7 0.10662 0.3332
8 0.12468 0.36116
9 0.14934 0.38902
10 0.16611 0.41681
11 0.19505 0.44457
12 0.21273 0.47229
13 0.23591 0.5
14 0.26422 0.52771
15 0.28996 0.55543
16 0.30513 0.58319
17 0.33321 0.61098
18 0.36116 0.63884
19 0.38902 0.66679
20 0.41681 0.69487
21 0.44457 0.71004
22 0.47229 0.73578
23 0.5 0.76409
24 0.52771 0.78727
25 0.55543 0.80495
26 0.58319 0.83389
27 0.61098 0.85066
28 0.63884 0.87532
29 0.6668 0.89338
30 0.69487 0.91787
31 0.73578 0.93087
32 0.76409 0.95065
33 0.80495 0.96899
34 0.8339 0.98513
35 0.87532 0.99708
36 0.91787 1
