0 0 0.03422
1 0.00121 0.05198
2 0.00613 0.06922
3 0.01273 0.08629
4 0.0202 0.1033
5 0.02822 0.11523
6 0.03422 0.13215
7 0.04249 0.14394
8 0.05198 0.16085
9 0.05787 0.17256
10 0.06922 0.18423
11 0.07603 0.20114
12 0.08629 0.21277
13 0.0962 0.22438
14 0.1033 0.24132
15 0.11523 0.25291
16 0.12302 0.26448
17 0.13215 0.27603
18 0.14394 0.28758
19 0.15287 0.30457
20 0.16085 0.31611
21 0.17256 0.32764
22 0.18423 0.33916
23 0.19091 0.35068
24 0.20114 0.36218
25 0.21277 0.37369
26 0.22438 0.38518
27 0.2343 0.40228
28 0.24132 0.41379
29 0.25291 0.42529
30 0.26448 0.43679
31 0.27603 0.44828
32 0.28758 0.45978
33 0.29636 0.47127
34 0.30457 0.48276
35 0.31611 0.49425
36 0.32764 0.50574
37 0.33916 0.51724
38 0.35068 0.52873
39 0.36219 0.54022
40 0.37369 0.55171
41 0.38519 0.56321
42 0.39437 0.57471
43 0.40228 0.58621
44 0.41379 0.59772
45 0.42529 0.60563
46 0.43679 0.61481
47 0.44829 0.62631
48 0.45978 0.63781
49 0.47127 0.64932
50 0.48276 0.66084
51 0.49426 0.67236
52 0.50575 0.68389
53 0.51724 0.69543
54 0.52873 0.70364
55 0.54022 0.71242
56 0.55172 0.72397
57 0.56321 0.73552
58 0.57471 0.74709
59 0.58621 0.75868
60 0.59772 0.7657
61 0.61482 0.77562
62 0.62631 0.78723
63 0.63782 0.79886
64 0.64932 0.80909
65 0.66084 0.81577
66 0.67236 0.82744
67 0.68389 0.83915
68 0.69543 0.84713
69 0.71242 0.85606
70 0.72397 0.86785
71 0.73552 0.87698
72 0.74709 0.88477
73 0.75868 0.8967
74 0.77562 0.9038
75 0.78723 0.91371
76 0.79886 0.92397
77 0.81577 0.93078
78 0.82744 0.94213
79 0.83915 0.94802
80 0.85606 0.95751
81 0.86785 0.96578
82 0.88477 0.97178
83 0.8967 0.9798
84 0.91371 0.98727
85 0.93078 0.99387
86 0.94802 0.99879
87 0.96578 1
