0 0 0.09124
1 0.00019 0.12907
2 0.00277 0.1581
3 0.00819 0.18658
4 0.01556 0.2148
5 0.02431 0.23606
6 0.0341 0.26258
7 0.04471 0.2834
8 0.056 0.30996
9 0.06786 0.32922
10 0.08023 0.35004
11 0.09124 0.3764
12 0.10116 0.39551
13 0.11805 0.41457
14 0.12907 0.43359
15 0.14368 0.45258
16 0.1581 0.47156
17 0.17126 0.49052
18 0.18658 0.50948
19 0.20174 0.52844
20 0.2148 0.54742
21 0.23424 0.56641
22 0.2421 0.58543
23 0.26258 0.60449
24 0.28156 0.6236
25 0.29142 0.63994
26 0.30996 0.65241
27 0.32922 0.67078
28 0.34759 0.69004
29 0.36006 0.70858
30 0.3764 0.71844
31 0.39551 0.73742
32 0.41457 0.7579
33 0.43359 0.76576
34 0.45258 0.7852
35 0.47156 0.79826
36 0.49052 0.81342
37 0.50948 0.82874
38 0.52844 0.8419
39 0.54742 0.85632
40 0.56641 0.87093
41 0.58543 0.88195
42 0.60449 0.89884
43 0.6236 0.90876
44 0.64996 0.91977
45 0.67078 0.93214
46 0.69004 0.944
47 0.7166 0.95529
48 0.73742 0.9659
49 0.76394 0.97569
50 0.7852 0.98444
51 0.81342 0.99181
52 0.8419 0.99723
53 0.87093 0.99981
54 0.90876 1
