0 0 0.12665
1 0.00026 0.16851
2 0.00385 0.21238
3 0.01141 0.24793
4 0.02173 0.28715
5 0.03401 0.31442
6 0.0478 0.35352
7 0.0628 0.38042
8 0.07881 0.40714
9 0.09569 0.43375
10 0.11334 0.46197
11 0.12665 0.49022
12 0.14619 0.51646
13 0.16852 0.54113
14 0.17792 0.56625
15 0.20786 0.59286
16 0.21578 0.61958
17 0.24794 0.64648
18 0.26646 0.66593
19 0.28715 0.68558
20 0.31442 0.71285
21 0.33407 0.73354
22 0.35352 0.75206
23 0.38042 0.78422
24 0.40714 0.79214
25 0.43375 0.82208
26 0.45887 0.83148
27 0.48354 0.85381
28 0.50978 0.87335
29 0.53803 0.88666
30 0.56625 0.90431
31 0.59286 0.92119
32 0.61958 0.9372
33 0.64648 0.9522
34 0.68558 0.96599
35 0.71285 0.97827
36 0.75207 0.98859
37 0.78762 0.99615
38 0.83149 0.99974
39 0.87335 1
