0 0 0.08691
1 0.0031 0.13193
2 0.01575 0.17577
3 0.03286 0.20638
4 0.05231 0.24966
5 0.0733 0.27961
6 0.08691 0.30932
7 0.11329 0.35268
8 0.13193 0.38228
9 0.15898 0.41178
10 0.17578 0.44122
11 0.20638 0.47062
12 0.22814 0.5
13 0.24966 0.52938
14 0.27961 0.55878
15 0.30932 0.58822
16 0.33068 0.61772
17 0.35269 0.64731
18 0.38228 0.66932
19 0.41178 0.69068
20 0.44122 0.72039
21 0.47062 0.75034
22 0.5 0.77186
23 0.52938 0.79362
24 0.55878 0.82422
25 0.58822 0.84102
26 0.61772 0.86807
27 0.64732 0.88671
28 0.69068 0.91309
29 0.72039 0.9267
30 0.75034 0.94769
31 0.79362 0.96714
32 0.82423 0.98425
33 0.86807 0.9969
34 0.91309 1
