0 0 0.0544
1 0.00083 0.08598
2 0.00576 0.1105
3 0.01332 0.1347
4 0.02234 0.15876
5 0.03232 0.17564
6 0.04299 0.19954
7 0.0542 0.21618
8 0.0558 0.24006
9 0.07544 0.25656
10 0.08598 0.273
11 0.09785 0.29691
12 0.1105 0.3133
13 0.12277 0.32964
14 0.1347 0.34594
15 0.15007 0.36222
16 0.15876 0.38005
17 0.17564 0.40255
18 0.18843 0.41882
19 0.19954 0.43507
20 0.21618 0.45131
21 0.23089 0.46754
22 0.24006 0.48377
23 0.25657 0.5
24 0.273 0.51623
25 0.2882 0.53246
26 0.29692 0.54869
27 0.3133 0.56493
28 0.32964 0.58118
29 0.34595 0.59745
30 0.36223 0.61067
31 0.37761 0.62239
32 0.38933 0.63777
33 0.40255 0.65405
34 0.41882 0.67036
35 0.43507 0.6867
36 0.45131 0.70308
37 0.46754 0.7118
38 0.48377 0.727
39 0.5 0.74343
40 0.51623 0.75994
41 0.53246 0.76911
42 0.54869 0.78382
43 0.56493 0.80046
44 0.58118 0.81157
45 0.59745 0.82436
46 0.61995 0.84124
47 0.63778 0.84993
48 0.65406 0.8653
49 0.67036 0.87723
50 0.6867 0.8895
51 0.70309 0.90215
52 0.727 0.91402
53 0.74344 0.92456
54 0.75994 0.9442
55 0.78382 0.9458
56 0.80046 0.95701
57 0.82436 0.96768
58 0.84124 0.97766
59 0.8653 0.98668
60 0.8895 0.99424
61 0.91402 0.99917
62 0.9456 1
