0 0 0.13358
1 0.00027 0.17772
2 0.00406 0.21993
3 0.01204 0.26154
4 0.02294 0.30298
5 0.03592 0.33174
6 0.05051 0.36244
7 0.06638 0.40153
8 0.08334 0.42977
9 0.10123 0.4579
10 0.11995 0.48597
11 0.13358 0.51403
12 0.15524 0.5421
13 0.17772 0.57023
14 0.19141 0.59847
15 0.21993 0.62167
16 0.23494 0.64101
17 0.26154 0.66826
18 0.28529 0.69702
19 0.30298 0.71471
20 0.33174 0.73846
21 0.35899 0.76506
22 0.37833 0.78007
23 0.40153 0.80859
24 0.42977 0.82228
25 0.4579 0.84476
26 0.48597 0.86642
27 0.51403 0.88005
28 0.5421 0.89877
29 0.57023 0.91666
30 0.59847 0.93362
31 0.63756 0.94949
32 0.66826 0.96408
33 0.69702 0.97706
34 0.73846 0.98796
35 0.78007 0.99594
36 0.82228 0.99973
37 0.86642 1
