0 0 0.08247
1 1e-05 0.10659
2 0.00052 0.12976
3 0.00219 0.14779
4 0.00494 0.16553
5 0.00856 0.18311
6 0.01287 0.20059
7 0.01773 0.218
8 0.02306 0.23027
9 0.02879 0.24758
10 0.03486 0.25968
11 0.04123 0.27695
12 0.04787 0.28895
13 0.05476 0.30622
14 0.06186 0.31814
15 0.06916 0.33003
16 0.07665 0.34732
17 0.08247 0.35916
18 0.08986 0.37098
19 0.09923 0.38278
20 0.10659 0.39586
21 0.11315 0.41192
22 0.12369 0.4237
23 0.12976 0.43546
24 0.13975 0.4472
25 0.14779 0.45895
26 0.15635 0.47068
27 0.16553 0.48241
28 0.17389 0.49414
29 0.18311 0.50586
30 0.19251 0.51759
31 0.20059 0.52932
32 0.2119 0.54105
33 0.218 0.55279
34 0.23027 0.56454
35 0.23888 0.5763
36 0.24758 0.58808
37 0.25968 0.59747
38 0.26746 0.60622
39 0.27695 0.61722
40 0.28895 0.62902
41 0.2986 0.64084
42 0.30622 0.65268
43 0.31814 0.66032
44 0.33003 0.66997
45 0.33968 0.68186
46 0.34732 0.69378
47 0.35916 0.7014
48 0.37098 0.71105
49 0.38278 0.72305
50 0.39378 0.73254
51 0.40253 0.74032
52 0.41192 0.75242
53 0.4237 0.76112
54 0.43546 0.76973
55 0.44721 0.782
56 0.45895 0.7881
57 0.47068 0.79941
58 0.48241 0.80749
59 0.49414 0.81689
60 0.50586 0.82611
61 0.51759 0.83447
62 0.52932 0.84365
63 0.54105 0.85221
64 0.5528 0.86025
65 0.56454 0.87024
66 0.5763 0.87631
67 0.58808 0.88685
68 0.60414 0.89341
69 0.61722 0.90077
70 0.62902 0.91014
71 0.64084 0.91753
72 0.65268 0.92335
73 0.66997 0.93084
74 0.68186 0.93814
75 0.69378 0.94524
76 0.71105 0.95213
77 0.72305 0.95877
78 0.74032 0.96514
79 0.75242 0.97121
80 0.76973 0.97694
81 0.782 0.98227
82 0.79941 0.98713
83 0.81689 0.99144
84 0.83447 0.99506
85 0.85221 0.99781
86 0.87024 0.99948
87 0.89341 0.99999
88 0.91753 1
