0 0 0.09056
1 0.00139 0.14379
2 0.00969 0.18485
3 0.02246 0.21356
4 0.03778 0.25381
5 0.05479 0.28175
6 0.07306 0.32198
7 0.09057 0.34963
8 0.10303 0.37713
9 0.13024 0.40453
10 0.14379 0.43185
11 0.17162 0.45913
12 0.18485 0.48647
13 0.21356 0.5137
14 0.23372 0.54087
15 0.25382 0.56815
16 0.28176 0.59547
17 0.30641 0.62287
18 0.32198 0.65037
19 0.34963 0.67802
20 0.37713 0.69359
21 0.40453 0.71824
22 0.43185 0.74618
23 0.45913 0.76628
24 0.4863 0.78644
25 0.51353 0.81515
26 0.54087 0.82838
27 0.56815 0.85621
28 0.59547 0.86976
29 0.62287 0.89697
30 0.65037 0.90943
31 0.67802 0.92694
32 0.71825 0.94521
33 0.74619 0.96222
34 0.78644 0.97754
35 0.81515 0.99031
36 0.85621 0.99861
37 0.90944 1
