0 0 0.05926
1 0.00012 0.0838
2 0.0018 0.10766
3 0.0053 0.12622
4 0.01005 0.14457
5 0.01567 0.16281
6 0.02194 0.17568
7 0.02872 0.19376
8 0.03592 0.20643
9 0.04346 0.22446
10 0.0513 0.237
11 0.05926 0.25501
12 0.06195 0.26748
13 0.07462 0.2855
14 0.08381 0.29792
15 0.08834 0.31029
16 0.10118 0.32264
17 0.10766 0.3407
18 0.11874 0.35303
19 0.12622 0.36534
20 0.13732 0.37763
21 0.14457 0.3899
22 0.15692 0.40269
23 0.16281 0.42035
24 0.17568 0.43262
25 0.18414 0.44488
26 0.19377 0.45713
27 0.20643 0.46938
28 0.21236 0.48163
29 0.22446 0.49388
30 0.237 0.50612
31 0.2445 0.51837
32 0.25501 0.53062
33 0.26748 0.54287
34 0.27897 0.55512
35 0.2855 0.56738
36 0.29792 0.57965
37 0.31029 0.58844
38 0.32264 0.59817
39 0.33216 0.61009
40 0.3407 0.62237
41 0.35303 0.63466
42 0.36534 0.64697
43 0.37763 0.6593
44 0.38991 0.66784
45 0.40183 0.67736
46 0.41156 0.68971
47 0.42035 0.70208
48 0.43262 0.7145
49 0.44488 0.72103
50 0.45713 0.73252
51 0.46938 0.74499
52 0.48163 0.7555
53 0.49388 0.763
54 0.50612 0.77554
55 0.51837 0.78764
56 0.53062 0.79357
57 0.54287 0.80623
58 0.55512 0.81586
59 0.56738 0.82432
60 0.57965 0.83719
61 0.59731 0.84308
62 0.6101 0.85543
63 0.62237 0.86268
64 0.63466 0.87378
65 0.64697 0.88126
66 0.6593 0.89234
67 0.67736 0.89882
68 0.68971 0.91166
69 0.70208 0.91619
70 0.7145 0.92538
71 0.73252 0.93805
72 0.74499 0.94074
73 0.763 0.9487
74 0.77554 0.95654
75 0.79357 0.96408
76 0.80624 0.97128
77 0.82432 0.97806
78 0.83719 0.98433
79 0.85543 0.98995
80 0.87378 0.9947
81 0.89234 0.9982
82 0.9162 0.99988
83 0.94074 1
