0 0 0.05998
1 0.00012 0.08483
2 0.00182 0.10898
3 0.00537 0.12777
4 0.01018 0.14634
5 0.01586 0.16481
6 0.02221 0.17784
7 0.02908 0.19614
8 0.03636 0.20896
9 0.044 0.22721
10 0.05195 0.23991
11 0.05998 0.25814
12 0.06285 0.27076
13 0.07558 0.28394
14 0.08483 0.30158
15 0.08959 0.31411
16 0.1025 0.32661
17 0.10898 0.3449
18 0.12032 0.35738
19 0.12777 0.36984
20 0.13916 0.38228
21 0.14635 0.39471
22 0.15903 0.40712
23 0.16481 0.42029
24 0.17784 0.43796
25 0.1868 0.45038
26 0.19614 0.46279
27 0.20896 0.4752
28 0.21587 0.4876
29 0.22721 0.5
30 0.23991 0.5124
31 0.24841 0.5248
32 0.25814 0.53721
33 0.27076 0.54962
34 0.28311 0.56204
35 0.28977 0.57075
36 0.30158 0.581
37 0.31411 0.59287
38 0.32661 0.60529
39 0.33762 0.61772
40 0.3449 0.63016
41 0.35738 0.64262
42 0.36984 0.6551
43 0.38228 0.66238
44 0.39471 0.67339
45 0.40713 0.68589
46 0.419 0.69842
47 0.42925 0.71023
48 0.43796 0.71689
49 0.45038 0.72924
50 0.46279 0.74186
51 0.4752 0.75159
52 0.4876 0.76009
53 0.5 0.77279
54 0.5124 0.78413
55 0.5248 0.79104
56 0.53721 0.80386
57 0.54962 0.8132
58 0.56204 0.82216
59 0.57971 0.83519
60 0.59288 0.84097
61 0.60529 0.85365
62 0.61772 0.86084
63 0.63016 0.87223
64 0.64262 0.87968
65 0.6551 0.89102
66 0.67339 0.8975
67 0.68589 0.91041
68 0.69842 0.91517
69 0.71606 0.92442
70 0.72924 0.93715
71 0.74186 0.94002
72 0.76009 0.94805
73 0.77279 0.956
74 0.79104 0.96364
75 0.80386 0.97092
76 0.82216 0.97779
77 0.83519 0.98414
78 0.85366 0.98982
79 0.87223 0.99463
80 0.89102 0.99818
81 0.91517 0.99988
82 0.94002 1
