0 0 0.0703
1 0.00014 0.09943
2 0.00214 0.12776
3 0.0063 0.1498
4 0.01195 0.1654
5 0.01864 0.18699
6 0.02611 0.20852
7 0.0342 0.2236
8 0.04279 0.24503
9 0.05181 0.25994
10 0.06119 0.28137
11 0.0703 0.29617
12 0.07546 0.31091
13 0.08938 0.33237
14 0.09943 0.34706
15 0.10728 0.36172
16 0.12141 0.37634
17 0.12776 0.39218
18 0.14292 0.41253
19 0.1498 0.42713
20 0.1654 0.44172
21 0.17116 0.4563
22 0.18699 0.47087
23 0.19808 0.48544
24 0.20852 0.5
25 0.2236 0.51456
26 0.23215 0.52913
27 0.24504 0.5437
28 0.25994 0.55828
29 0.27061 0.57287
30 0.28137 0.58747
31 0.29617 0.59882
32 0.31091 0.60979
33 0.32159 0.62365
34 0.33237 0.63828
35 0.34706 0.65294
36 0.36172 0.66763
37 0.37635 0.67841
38 0.39021 0.68909
39 0.40118 0.70383
40 0.41253 0.71863
41 0.42713 0.72939
42 0.44172 0.74006
43 0.4563 0.75496
44 0.47087 0.76785
45 0.48544 0.7764
46 0.5 0.79148
47 0.51456 0.80192
48 0.52913 0.81301
49 0.5437 0.82884
50 0.55828 0.8346
51 0.57287 0.8502
52 0.58747 0.85708
53 0.60782 0.87224
54 0.62366 0.87859
55 0.63828 0.89272
56 0.65294 0.90057
57 0.66763 0.91062
58 0.68909 0.92454
59 0.70383 0.9297
60 0.71863 0.93881
61 0.74006 0.94819
62 0.75497 0.95721
63 0.7764 0.9658
64 0.79148 0.97389
65 0.81301 0.98136
66 0.8346 0.98805
67 0.8502 0.9937
68 0.87224 0.99786
69 0.90057 0.99986
70 0.9297 1
