0 0 0.13002
1 0.00026 0.17299
2 0.00395 0.21408
3 0.01172 0.25455
4 0.02232 0.29485
5 0.03494 0.32284
6 0.04912 0.36305
7 0.06454 0.39068
8 0.08101 0.41814
9 0.09838 0.44548
10 0.11655 0.47276
11 0.13002 0.5
12 0.15058 0.52724
13 0.17299 0.55452
14 0.18464 0.58186
15 0.21408 0.60932
16 0.22603 0.63695
17 0.25455 0.65363
18 0.27567 0.67715
19 0.29485 0.70515
20 0.32285 0.72433
21 0.34637 0.74545
22 0.36305 0.77397
23 0.39068 0.78592
24 0.41814 0.81536
25 0.44548 0.82701
26 0.47276 0.84942
27 0.5 0.86998
28 0.52724 0.88345
29 0.55452 0.90162
30 0.58186 0.91899
31 0.60932 0.93546
32 0.63695 0.95088
33 0.67716 0.96506
34 0.70515 0.97768
35 0.74545 0.98828
36 0.78592 0.99605
37 0.82701 0.99974
38 0.86998 1
