0 0 0.06307
1 0.00013 0.0892
2 0.00192 0.11459
3 0.00565 0.13435
4 0.01071 0.15389
5 0.01669 0.16772
6 0.02338 0.187
7 0.03061 0.20626
8 0.03828 0.21974
9 0.04633 0.23894
10 0.0547 0.25229
11 0.06307 0.27149
12 0.06664 0.28475
13 0.07968 0.29797
14 0.0892 0.31719
15 0.09488 0.33036
16 0.10812 0.34351
17 0.11459 0.35663
18 0.12703 0.36972
19 0.13435 0.38903
20 0.14702 0.40212
21 0.15389 0.4152
22 0.16772 0.42826
23 0.1734 0.44132
24 0.187 0.45437
25 0.19806 0.46741
26 0.20626 0.48045
27 0.21974 0.49348
28 0.22987 0.50652
29 0.23894 0.51955
30 0.25229 0.53259
31 0.26434 0.54563
32 0.27149 0.55868
33 0.28475 0.57174
34 0.29797 0.5848
35 0.31016 0.59788
36 0.31719 0.61097
37 0.33036 0.61968
38 0.34351 0.63027
39 0.35663 0.64337
40 0.36973 0.65649
41 0.38032 0.66964
42 0.38903 0.68281
43 0.40212 0.68984
44 0.4152 0.70203
45 0.42826 0.71525
46 0.44132 0.72851
47 0.45437 0.73566
48 0.46741 0.74771
49 0.48045 0.76106
50 0.49348 0.77013
51 0.50652 0.78026
52 0.51955 0.79374
53 0.53259 0.80194
54 0.54563 0.813
55 0.55868 0.8266
56 0.57174 0.83228
57 0.5848 0.84611
58 0.59788 0.85298
59 0.61097 0.86565
60 0.63028 0.87297
61 0.64337 0.88541
62 0.65649 0.89188
63 0.66964 0.90512
64 0.68281 0.9108
65 0.70203 0.92032
66 0.71525 0.93336
67 0.72851 0.93693
68 0.74771 0.9453
69 0.76106 0.95367
70 0.78026 0.96172
71 0.79374 0.96939
72 0.813 0.97662
73 0.83228 0.98331
74 0.84611 0.98929
75 0.86565 0.99435
76 0.88541 0.99808
77 0.9108 0.99987
78 0.93693 1
