0 0 0.0402
1 0.00142 0.06104
2 0.00721 0.0813
3 0.01498 0.10136
4 0.02378 0.12134
5 0.03323 0.13535
6 0.0402 0.15524
7 0.0502 0.16908
8 0.06105 0.18284
9 0.06873 0.20271
10 0.0813 0.21641
11 0.09042 0.23006
12 0.10136 0.24997
13 0.11423 0.2636
14 0.12134 0.2772
15 0.13535 0.29078
16 0.14703 0.31075
17 0.15524 0.32432
18 0.16908 0.33788
19 0.18284 0.35143
20 0.18829 0.36496
21 0.20271 0.37849
22 0.21641 0.39201
23 0.23006 0.40552
24 0.23796 0.42048
25 0.24997 0.43917
26 0.2636 0.45269
27 0.2772 0.46621
28 0.29078 0.47973
29 0.3021 0.49324
30 0.31075 0.50676
31 0.32432 0.52027
32 0.33788 0.53379
33 0.35143 0.54731
34 0.36497 0.56083
35 0.37849 0.57097
36 0.39201 0.58194
37 0.40552 0.59448
38 0.41806 0.60799
39 0.42903 0.62151
40 0.43917 0.63503
41 0.45269 0.64857
42 0.46621 0.66212
43 0.47973 0.67568
44 0.49324 0.68925
45 0.50676 0.6979
46 0.52027 0.70922
47 0.53379 0.7228
48 0.54731 0.7364
49 0.56083 0.75003
50 0.57952 0.76204
51 0.59448 0.76994
52 0.60799 0.78359
53 0.62151 0.79729
54 0.63504 0.81171
55 0.64857 0.81716
56 0.66212 0.83092
57 0.67568 0.84476
58 0.68925 0.85297
59 0.70922 0.86465
60 0.7228 0.87866
61 0.7364 0.88577
62 0.75003 0.89864
63 0.76994 0.90958
64 0.78359 0.9187
65 0.79729 0.93127
66 0.81716 0.93895
67 0.83092 0.9498
68 0.84476 0.9598
69 0.86465 0.96677
70 0.87866 0.97622
71 0.89864 0.98502
72 0.9187 0.99279
73 0.93896 0.99858
74 0.9598 1
