0 0 0.04751
1 0.00065 0.06753
2 0.00452 0.0868
3 0.01043 0.10579
4 0.01748 0.12467
5 0.02527 0.14349
6 0.03359 0.15669
7 0.04233 0.17542
8 0.04751 0.18848
9 0.05863 0.20267
10 0.06754 0.22016
11 0.07548 0.23307
12 0.0868 0.2518
13 0.09416 0.26467
14 0.10579 0.27751
15 0.11518 0.29032
16 0.12467 0.30909
17 0.13739 0.32189
18 0.14349 0.33467
19 0.15669 0.34744
20 0.1681 0.36019
21 0.17543 0.37293
22 0.18848 0.38624
23 0.20122 0.40456
24 0.20539 0.4173
25 0.22016 0.43003
26 0.23307 0.44276
27 0.24506 0.45548
28 0.2518 0.4682
29 0.26467 0.48092
30 0.27751 0.49364
31 0.29032 0.50636
32 0.30178 0.51907
33 0.30909 0.53179
34 0.32189 0.54452
35 0.33467 0.55724
36 0.34744 0.56997
37 0.36019 0.5827
38 0.37294 0.59544
39 0.38532 0.60501
40 0.39499 0.61468
41 0.40456 0.62706
42 0.4173 0.63981
43 0.43003 0.65256
44 0.44276 0.66533
45 0.45548 0.67811
46 0.46821 0.69091
47 0.48093 0.69822
48 0.49364 0.70968
49 0.50636 0.72249
50 0.51908 0.73533
51 0.5318 0.7482
52 0.54452 0.75494
53 0.55724 0.76693
54 0.56997 0.77984
55 0.5827 0.79461
56 0.59544 0.79878
57 0.61376 0.81152
58 0.62707 0.82457
59 0.63981 0.8319
60 0.65256 0.84331
61 0.66533 0.85651
62 0.67811 0.86261
63 0.69091 0.87533
64 0.70968 0.88482
65 0.72249 0.89421
66 0.73533 0.90584
67 0.7482 0.9132
68 0.76693 0.92452
69 0.77984 0.93246
70 0.79733 0.94137
71 0.81152 0.95249
72 0.82458 0.95767
73 0.84331 0.96641
74 0.85651 0.97473
75 0.87533 0.98252
76 0.89421 0.98957
77 0.9132 0.99548
78 0.93247 0.99935
79 0.95249 1
