0 0 0.10272
1 0.00021 0.14534
2 0.00312 0.17804
3 0.00924 0.21013
4 0.01756 0.24198
5 0.02744 0.26426
6 0.03851 0.29586
7 0.05053 0.31775
8 0.06333 0.33948
9 0.07679 0.37109
10 0.09084 0.3927
11 0.10272 0.41424
12 0.11553 0.43573
13 0.13416 0.45717
14 0.14534 0.47859
15 0.1641 0.5
16 0.17804 0.52141
17 0.1965 0.54282
18 0.21013 0.56427
19 0.23166 0.58576
20 0.24198 0.60729
21 0.26426 0.62891
22 0.28376 0.64253
23 0.29586 0.66051
24 0.31776 0.68224
25 0.33949 0.70414
26 0.35747 0.71624
27 0.37109 0.73574
28 0.39271 0.75802
29 0.41424 0.76834
30 0.43573 0.78987
31 0.45718 0.8035
32 0.47859 0.82196
33 0.5 0.8359
34 0.52141 0.85466
35 0.54283 0.86584
36 0.56427 0.88447
37 0.58576 0.89728
38 0.6073 0.90916
39 0.62891 0.92321
40 0.66052 0.93667
41 0.68225 0.94947
42 0.70414 0.96149
43 0.73574 0.97256
44 0.75802 0.98244
45 0.78987 0.99076
46 0.82196 0.99688
47 0.85466 0.99979
48 0.89728 1
