0 0 0.09228
1 0.00329 0.14007
2 0.01674 0.18664
3 0.03494 0.21912
4 0.05565 0.26512
5 0.078 0.29691
6 0.09228 0.32846
7 0.12085 0.36242
8 0.14007 0.40606
9 0.16991 0.43742
10 0.18664 0.46872
11 0.21912 0.5
12 0.24538 0.53128
13 0.26512 0.56258
14 0.29691 0.59394
15 0.32846 0.61973
16 0.3585 0.6415
17 0.38027 0.67154
18 0.40606 0.70309
19 0.43742 0.73488
20 0.46872 0.75462
21 0.5 0.78088
22 0.53128 0.81336
23 0.56258 0.83009
24 0.59394 0.85993
25 0.63758 0.87915
26 0.67154 0.90772
27 0.70309 0.922
28 0.73488 0.94435
29 0.78088 0.96506
30 0.81336 0.98326
31 0.85993 0.99671
32 0.90772 1
