0 0 0.1701
1 2e-05 0.21201
2 0.00112 0.25565
3 0.00475 0.29069
4 0.0108 0.32939
5 0.01879 0.35627
6 0.02838 0.39485
7 0.03928 0.42132
8 0.05131 0.44764
9 0.06432 0.47384
10 0.0782 0.5
11 0.09287 0.52616
12 0.10827 0.55236
13 0.12433 0.57868
14 0.14101 0.60515
15 0.1583 0.62478
16 0.1701 0.64373
17 0.19163 0.67061
18 0.21201 0.69156
19 0.22444 0.70931
20 0.25078 0.73913
21 0.26087 0.74922
22 0.29069 0.77556
23 0.30844 0.78799
24 0.32939 0.80837
25 0.35627 0.8299
26 0.37522 0.8417
27 0.39485 0.85899
28 0.42132 0.87567
29 0.44764 0.89173
30 0.47384 0.90713
31 0.5 0.9218
32 0.52616 0.93568
33 0.55236 0.94869
34 0.57868 0.96072
35 0.60515 0.97162
36 0.64373 0.98121
37 0.67061 0.9892
38 0.70931 0.99525
39 0.74435 0.99888
40 0.78799 0.99998
41 0.8299 1
