0 0 0.05497
1 0.00195 0.08346
2 0.00989 0.11115
3 0.02058 0.1386
4 0.0327 0.15784
5 0.04573 0.18509
6 0.05497 0.20403
7 0.06961 0.23127
8 0.08346 0.25006
9 0.09626 0.26877
10 0.11115 0.28841
11 0.12695 0.31474
12 0.13861 0.33336
13 0.15784 0.35195
14 0.16988 0.37051
15 0.18509 0.38904
16 0.20403 0.40756
17 0.21966 0.42789
18 0.23127 0.45367
19 0.25006 0.4722
20 0.26878 0.49073
21 0.28706 0.50927
22 0.29723 0.5278
23 0.31474 0.54633
24 0.33336 0.55973
25 0.35195 0.57521
26 0.37051 0.59244
27 0.38904 0.61096
28 0.40756 0.62949
29 0.42479 0.64805
30 0.44027 0.66664
31 0.45367 0.68526
32 0.4722 0.70277
33 0.49073 0.71294
34 0.50927 0.73122
35 0.5278 0.74994
36 0.54633 0.76873
37 0.57211 0.78034
38 0.59244 0.79597
39 0.61096 0.81491
40 0.62949 0.83012
41 0.64805 0.84216
42 0.66664 0.86139
43 0.68526 0.87305
44 0.71159 0.88885
45 0.73123 0.90374
46 0.74994 0.91654
47 0.76873 0.93039
48 0.79597 0.94503
49 0.81491 0.95427
50 0.84216 0.9673
51 0.8614 0.97942
52 0.88885 0.99011
53 0.91654 0.99805
54 0.94503 1
