0 0 0.11315
1 2e-05 0.14793
2 0.00075 0.1815
3 0.00317 0.20757
4 0.00718 0.23329
5 0.01246 0.25884
6 0.01876 0.27678
7 0.02589 0.30211
8 0.03373 0.31973
9 0.04217 0.34503
10 0.05113 0.36247
11 0.06057 0.37983
12 0.07042 0.39722
13 0.08066 0.42252
14 0.09125 0.43978
15 0.10216 0.45701
16 0.11315 0.47421
17 0.11831 0.49141
18 0.13487 0.50859
19 0.14793 0.52578
20 0.15328 0.54299
21 0.17154 0.56022
22 0.1815 0.57748
23 0.19604 0.58931
24 0.20757 0.60296
25 0.22213 0.62017
26 0.23329 0.63753
27 0.24993 0.65497
28 0.25884 0.66513
29 0.27678 0.68027
30 0.2904 0.69789
31 0.30211 0.7096
32 0.31973 0.72322
33 0.33487 0.74116
34 0.34503 0.75007
35 0.36247 0.76671
36 0.37983 0.77787
37 0.39704 0.79243
38 0.41069 0.80396
39 0.42252 0.8185
40 0.43978 0.82846
41 0.45701 0.84672
42 0.47422 0.85207
43 0.49141 0.86513
44 0.50859 0.88169
45 0.52579 0.88685
46 0.54299 0.89784
47 0.56022 0.90875
48 0.57748 0.91934
49 0.60278 0.92958
50 0.62017 0.93943
51 0.63753 0.94887
52 0.65497 0.95783
53 0.68027 0.96627
54 0.69789 0.97411
55 0.72322 0.98124
56 0.74116 0.98754
57 0.76671 0.99282
58 0.79243 0.99683
59 0.8185 0.99925
60 0.85207 0.99998
61 0.88685 1
