0 0 0.04437
1 0.00157 0.06738
2 0.00797 0.08973
3 0.01656 0.11188
4 0.02629 0.13395
5 0.03674 0.14939
6 0.04437 0.17137
7 0.05564 0.18664
8 0.06738 0.20182
9 0.0764 0.22378
10 0.08973 0.23889
11 0.10061 0.25396
12 0.11188 0.26933
13 0.12699 0.29101
14 0.13395 0.30602
15 0.1494 0.32101
16 0.16396 0.33598
17 0.17137 0.35094
18 0.18664 0.36841
19 0.20182 0.38803
20 0.21328 0.40298
21 0.22378 0.41792
22 0.23889 0.43285
23 0.25396 0.44778
24 0.26887 0.4627
25 0.27678 0.47762
26 0.29101 0.49254
27 0.30602 0.50746
28 0.32101 0.52238
29 0.33598 0.5373
30 0.35094 0.55222
31 0.36468 0.56715
32 0.37439 0.58208
33 0.38803 0.59702
34 0.40298 0.61197
35 0.41792 0.62561
36 0.43285 0.63532
37 0.44778 0.64906
38 0.4627 0.66402
39 0.47762 0.67899
40 0.49254 0.69398
41 0.50746 0.70899
42 0.52238 0.72322
43 0.5373 0.73113
44 0.55222 0.74604
45 0.56715 0.76111
46 0.58208 0.77622
47 0.59702 0.78672
48 0.61197 0.79818
49 0.63159 0.81336
50 0.64906 0.82863
51 0.66402 0.83604
52 0.67899 0.8506
53 0.69398 0.86605
54 0.70899 0.87301
55 0.73067 0.88812
56 0.74604 0.89939
57 0.76111 0.91027
58 0.77622 0.9236
59 0.79818 0.93262
60 0.81336 0.94436
61 0.82863 0.95563
62 0.85061 0.96326
63 0.86605 0.97371
64 0.88812 0.98344
65 0.91027 0.99203
66 0.93262 0.99843
67 0.95563 1
