0 0 0.11213
1 0.00023 0.15869
2 0.00341 0.1944
3 0.01009 0.22948
4 0.01919 0.25407
5 0.03002 0.28863
6 0.04215 0.31264
7 0.05533 0.34717
8 0.06938 0.37092
9 0.08418 0.39454
10 0.09963 0.41806
11 0.11213 0.44152
12 0.12747 0.46684
13 0.14757 0.4916
14 0.1587 0.51478
15 0.18112 0.53669
16 0.1944 0.55848
17 0.21743 0.58194
18 0.22948 0.60546
19 0.25407 0.62908
20 0.27126 0.65283
21 0.28863 0.66709
22 0.31264 0.68736
23 0.33291 0.71137
24 0.34717 0.72874
25 0.37092 0.74593
26 0.39454 0.77052
27 0.41806 0.78257
28 0.44152 0.8056
29 0.46331 0.81888
30 0.48522 0.8413
31 0.5084 0.85243
32 0.53316 0.87253
33 0.55848 0.88787
34 0.58194 0.90037
35 0.60546 0.91582
36 0.62908 0.93062
37 0.65283 0.94467
38 0.68736 0.95785
39 0.71137 0.96998
40 0.74593 0.98081
41 0.77052 0.98991
42 0.8056 0.99659
43 0.84131 0.99977
44 0.88787 1
