0 0 0.16871
1 0.00037 0.2448
2 0.00559 0.29727
3 0.01664 0.34382
4 0.0318 0.38448
5 0.04997 0.44109
6 0.07049 0.48039
7 0.09293 0.51961
8 0.11702 0.55891
9 0.14257 0.58713
10 0.16871 0.61721
11 0.18485 0.65618
12 0.22371 0.70188
13 0.2448 0.71592
14 0.28408 0.7552
15 0.29812 0.77629
16 0.34382 0.81515
17 0.38279 0.83129
18 0.41287 0.85743
19 0.44109 0.88298
20 0.48039 0.90707
21 0.51961 0.92951
22 0.55891 0.95003
23 0.61552 0.9682
24 0.65618 0.98336
25 0.70273 0.99441
26 0.7552 0.99963
27 0.83129 1
