0 0 0.07141
1 0.00109 0.1133
2 0.00761 0.14562
3 0.01762 0.17755
4 0.02959 0.19993
5 0.04286 0.23153
6 0.05708 0.25349
7 0.07141 0.28507
8 0.07834 0.30683
9 0.10094 0.32849
10 0.1133 0.35007
11 0.13205 0.37523
12 0.14562 0.40335
13 0.16647 0.42486
14 0.17755 0.44635
15 0.19993 0.46782
16 0.21669 0.48927
17 0.23153 0.51073
18 0.25349 0.53218
19 0.27363 0.55365
20 0.28507 0.57514
21 0.30683 0.59665
22 0.32849 0.6159
23 0.35007 0.6302
24 0.3698 0.64993
25 0.3841 0.67151
26 0.40335 0.69317
27 0.42486 0.71493
28 0.44635 0.72637
29 0.46782 0.74651
30 0.48927 0.76847
31 0.51073 0.78331
32 0.53218 0.80007
33 0.55365 0.82245
34 0.57514 0.83353
35 0.59665 0.85438
36 0.62477 0.86795
37 0.64993 0.8867
38 0.67151 0.89906
39 0.69317 0.92166
40 0.71493 0.92859
41 0.74651 0.94292
42 0.76847 0.95714
43 0.80007 0.97041
44 0.82245 0.98238
45 0.85438 0.99239
46 0.8867 0.99891
47 0.92859 1
