0 0 0.05999
1 0.00092 0.09515
2 0.00638 0.12229
3 0.01476 0.14908
4 0.02476 0.1687
5 0.03584 0.1944
6 0.0477 0.22089
7 0.05999 0.23929
8 0.06376 0.25757
9 0.08393 0.28404
10 0.09515 0.30222
11 0.1092 0.32035
12 0.1223 0.33842
13 0.13727 0.365
14 0.14908 0.38306
15 0.16778 0.4011
16 0.17322 0.4191
17 0.1944 0.4371
18 0.21176 0.45508
19 0.22089 0.47305
20 0.23929 0.49102
21 0.25757 0.50898
22 0.27156 0.52695
23 0.28404 0.54492
24 0.30222 0.5629
25 0.32035 0.58089
26 0.33842 0.5989
27 0.35305 0.61694
28 0.365 0.635
29 0.38306 0.64695
30 0.4011 0.66158
31 0.41911 0.67965
32 0.4371 0.69778
33 0.45508 0.71596
34 0.47305 0.72844
35 0.49102 0.74243
36 0.50898 0.76071
37 0.52695 0.77911
38 0.54492 0.78824
39 0.5629 0.8056
40 0.5809 0.82678
41 0.5989 0.83222
42 0.61694 0.85092
43 0.635 0.86273
44 0.66158 0.8777
45 0.67965 0.8908
46 0.69778 0.90485
47 0.71596 0.91607
48 0.74243 0.93624
49 0.76071 0.94001
50 0.77911 0.9523
51 0.8056 0.96416
52 0.8313 0.97524
53 0.85092 0.98524
54 0.87771 0.99362
55 0.90485 0.99908
56 0.94001 1
