0 0 0.07814
1 0.00016 0.11053
2 0.00238 0.13539
3 0.00701 0.15976
4 0.0133 0.18389
5 0.02076 0.20791
6 0.02909 0.23188
7 0.03812 0.24864
8 0.04772 0.26769
9 0.05779 0.28909
10 0.06828 0.30557
11 0.07815 0.32946
12 0.08502 0.34585
13 0.10001 0.36219
14 0.11053 0.37849
15 0.1208 0.39476
16 0.13539 0.41879
17 0.14234 0.43506
18 0.15976 0.45131
19 0.16732 0.46755
20 0.18389 0.48378
21 0.19534 0.5
22 0.20791 0.51622
23 0.22406 0.53245
24 0.23188 0.54869
25 0.24864 0.56494
26 0.2646 0.58121
27 0.27143 0.5921
28 0.28909 0.60524
29 0.30557 0.62151
30 0.32 0.63781
31 0.32946 0.65415
32 0.34585 0.67054
33 0.36219 0.68
34 0.37849 0.69443
35 0.39476 0.71091
36 0.4079 0.72857
37 0.41879 0.7354
38 0.43506 0.75136
39 0.45131 0.76812
40 0.46755 0.77594
41 0.48378 0.79209
42 0.5 0.80466
43 0.51622 0.81611
44 0.53245 0.83268
45 0.54869 0.84024
46 0.56494 0.85766
47 0.58121 0.86461
48 0.60524 0.8792
49 0.62151 0.88947
50 0.63781 0.89999
51 0.65415 0.91498
52 0.67054 0.92185
53 0.69443 0.93172
54 0.71091 0.94221
55 0.73231 0.95228
56 0.75136 0.96188
57 0.76812 0.97091
58 0.79209 0.97924
59 0.81611 0.9867
60 0.84024 0.99299
61 0.86461 0.99762
62 0.88947 0.99984
63 0.92186 1
