0 0 0.0512
1 0.00182 0.07775
2 0.00921 0.10354
3 0.01915 0.12911
4 0.03042 0.14704
5 0.04253 0.17241
6 0.0512 0.19006
7 0.06462 0.21541
8 0.07775 0.23292
9 0.08915 0.25036
10 0.10354 0.27575
11 0.11752 0.29314
12 0.12911 0.31048
13 0.14704 0.3278
14 0.1561 0.34508
15 0.17241 0.37062
16 0.19006 0.3879
17 0.20184 0.40518
18 0.21541 0.42243
19 0.23292 0.43968
20 0.25036 0.45692
21 0.26294 0.47415
22 0.27575 0.49138
23 0.29314 0.50862
24 0.31049 0.52585
25 0.3278 0.54308
26 0.34508 0.56032
27 0.35796 0.57757
28 0.37062 0.59482
29 0.3879 0.6121
30 0.40518 0.62938
31 0.42243 0.64204
32 0.43968 0.65492
33 0.45692 0.6722
34 0.47415 0.68951
35 0.49138 0.70686
36 0.50862 0.72425
37 0.52585 0.73706
38 0.54308 0.74964
39 0.56032 0.76708
40 0.57757 0.78459
41 0.59482 0.79816
42 0.6121 0.80994
43 0.62938 0.82759
44 0.65492 0.8439
45 0.6722 0.85296
46 0.68952 0.87089
47 0.70686 0.88248
48 0.72425 0.89646
49 0.74964 0.91085
50 0.76708 0.92225
51 0.78459 0.93538
52 0.80994 0.9488
53 0.82759 0.95747
54 0.85296 0.96958
55 0.87089 0.98085
56 0.89646 0.99079
57 0.92225 0.99818
58 0.9488 1
