0 0 0.06389
1 0.00013 0.09036
2 0.00194 0.11609
3 0.00572 0.1361
4 0.01085 0.1559
5 0.01691 0.1699
6 0.02369 0.18944
7 0.03101 0.20896
8 0.03879 0.22261
9 0.04695 0.24207
10 0.05544 0.25559
11 0.06389 0.27109
12 0.06765 0.28848
13 0.08078 0.30187
14 0.09036 0.31525
15 0.09629 0.3347
16 0.10962 0.34802
17 0.11609 0.36131
18 0.12882 0.37458
19 0.1361 0.38881
20 0.14912 0.40741
21 0.1559 0.42066
22 0.1699 0.4339
23 0.17634 0.44713
24 0.18945 0.46036
25 0.20105 0.47357
26 0.20896 0.48679
27 0.22261 0.5
28 0.2335 0.51321
29 0.24207 0.52643
30 0.25559 0.53964
31 0.26849 0.55287
32 0.27412 0.5661
33 0.28848 0.57934
34 0.30187 0.59259
35 0.3152 0.60284
36 0.32355 0.61276
37 0.3347 0.62542
38 0.34802 0.63869
39 0.36131 0.65198
40 0.37458 0.6653
41 0.38724 0.67645
42 0.39716 0.6848
43 0.40741 0.69813
44 0.42066 0.71152
45 0.4339 0.72588
46 0.44713 0.73151
47 0.46036 0.74441
48 0.47357 0.75793
49 0.48679 0.7665
50 0.5 0.77739
51 0.51321 0.79104
52 0.52643 0.79895
53 0.53964 0.81055
54 0.55287 0.82366
55 0.5661 0.8301
56 0.57934 0.8441
57 0.59259 0.85088
58 0.61119 0.8639
59 0.62542 0.87118
60 0.63869 0.88391
61 0.65198 0.89038
62 0.6653 0.90371
63 0.68475 0.90964
64 0.69813 0.91922
65 0.71152 0.93235
66 0.72891 0.93611
67 0.74441 0.94456
68 0.75793 0.95305
69 0.77739 0.96121
70 0.79104 0.96899
71 0.81056 0.97631
72 0.8301 0.98309
73 0.8441 0.98915
74 0.8639 0.99428
75 0.88391 0.99806
76 0.90964 0.99987
77 0.93611 1
