0 0 0.056
1 0.00199 0.08502
2 0.01008 0.11323
3 0.02097 0.1412
4 0.03332 0.16079
5 0.0466 0.18856
6 0.056 0.20785
7 0.07098 0.23561
8 0.08502 0.25475
9 0.09821 0.27381
10 0.11323 0.29281
11 0.12954 0.32065
12 0.1412 0.33962
13 0.16079 0.35856
14 0.17363 0.37747
15 0.18856 0.39635
16 0.20785 0.41522
17 0.2245 0.43407
18 0.23561 0.45301
19 0.25475 0.47354
20 0.27381 0.49323
21 0.29281 0.51193
22 0.3056 0.5298
23 0.32065 0.54716
24 0.33962 0.56593
25 0.35856 0.58478
26 0.37747 0.60365
27 0.39635 0.62253
28 0.41522 0.64144
29 0.43407 0.66038
30 0.45284 0.67935
31 0.4702 0.6944
32 0.48807 0.70719
33 0.50677 0.72619
34 0.52646 0.74525
35 0.54699 0.76439
36 0.56593 0.7755
37 0.58478 0.79215
38 0.60365 0.81144
39 0.62253 0.82637
40 0.64144 0.83921
41 0.66038 0.8588
42 0.67935 0.87046
43 0.70719 0.88677
44 0.72619 0.90179
45 0.74525 0.91498
46 0.76439 0.92902
47 0.79215 0.944
48 0.81144 0.9534
49 0.83921 0.96668
50 0.8588 0.97903
51 0.88677 0.98992
52 0.91498 0.99801
53 0.944 1
