0 0 0.07941
1 0.00016 0.11232
2 0.00241 0.13759
3 0.00712 0.16235
4 0.01352 0.18688
5 0.0211 0.21129
6 0.02958 0.22901
7 0.03875 0.25268
8 0.04851 0.26956
9 0.05876 0.29381
10 0.06943 0.31055
11 0.07941 0.32853
12 0.08657 0.3515
13 0.10174 0.36811
14 0.11232 0.38468
15 0.123 0.40121
16 0.13759 0.4181
17 0.1452 0.43914
18 0.16235 0.45873
19 0.17075 0.47524
20 0.18688 0.49175
21 0.19911 0.50825
22 0.21129 0.52476
23 0.22826 0.54127
24 0.23537 0.55627
25 0.25268 0.56876
26 0.26956 0.58255
27 0.27886 0.59879
28 0.29381 0.61532
29 0.31055 0.63189
30 0.32663 0.6485
31 0.33674 0.66326
32 0.3515 0.67337
33 0.36811 0.68945
34 0.38468 0.70619
35 0.40121 0.72114
36 0.41745 0.73044
37 0.43124 0.74732
38 0.44373 0.76463
39 0.45873 0.77174
40 0.47524 0.78871
41 0.49175 0.80089
42 0.50825 0.81312
43 0.52476 0.82925
44 0.54127 0.83765
45 0.56086 0.8548
46 0.5819 0.86241
47 0.59879 0.877
48 0.61532 0.88768
49 0.63189 0.89826
50 0.6485 0.91343
51 0.67147 0.92059
52 0.68945 0.93057
53 0.70619 0.94124
54 0.73044 0.95149
55 0.74732 0.96125
56 0.77099 0.97042
57 0.78871 0.9789
58 0.81312 0.98648
59 0.83765 0.99288
60 0.86241 0.99759
61 0.88768 0.99984
62 0.92059 1
