0 0 0.05855
1 0.00012 0.0828
2 0.00178 0.10637
3 0.00524 0.12471
4 0.00993 0.14284
5 0.01548 0.16086
6 0.02167 0.17358
7 0.02837 0.19145
8 0.03548 0.2042
9 0.04293 0.22177
10 0.05067 0.23416
11 0.05855 0.25196
12 0.06106 0.26427
13 0.07368 0.28208
14 0.0828 0.29434
15 0.08712 0.30657
16 0.0999 0.31881
17 0.10637 0.33661
18 0.11721 0.34879
19 0.12471 0.36095
20 0.13552 0.37309
21 0.14284 0.38522
22 0.15486 0.40315
23 0.16086 0.41528
24 0.17358 0.4274
25 0.18153 0.43951
26 0.19145 0.45162
27 0.20391 0.46372
28 0.20867 0.47581
29 0.22177 0.48791
30 0.23416 0.5
31 0.2405 0.51209
32 0.25196 0.52419
33 0.26427 0.53628
34 0.27489 0.54838
35 0.28208 0.56049
36 0.29434 0.5726
37 0.30657 0.58472
38 0.31875 0.59685
39 0.32647 0.60493
40 0.33661 0.61478
41 0.34879 0.62691
42 0.36095 0.63905
43 0.37309 0.65121
44 0.38522 0.66339
45 0.39507 0.67353
46 0.40315 0.68125
47 0.41528 0.69343
48 0.4274 0.70566
49 0.43951 0.71792
50 0.45162 0.72511
51 0.46372 0.73573
52 0.47581 0.74804
53 0.48791 0.7595
54 0.5 0.76584
55 0.51209 0.77823
56 0.52419 0.79133
57 0.53628 0.79609
58 0.54838 0.80855
59 0.56049 0.81847
60 0.5726 0.82642
61 0.58472 0.83914
62 0.59685 0.84514
63 0.61478 0.85716
64 0.62691 0.86448
65 0.63905 0.87529
66 0.65121 0.88279
67 0.66339 0.89363
68 0.68119 0.9001
69 0.69343 0.91288
70 0.70566 0.9172
71 0.71792 0.92632
72 0.73573 0.93894
73 0.74804 0.94145
74 0.76584 0.94933
75 0.77823 0.95707
76 0.7958 0.96452
77 0.80855 0.97163
78 0.82642 0.97833
79 0.83914 0.98452
80 0.85716 0.99007
81 0.87529 0.99476
82 0.89363 0.99822
83 0.9172 0.99988
84 0.94145 1
