0 0 0.04717
1 0.00167 0.07162
2 0.00847 0.09538
3 0.01762 0.11893
4 0.02798 0.13546
5 0.03911 0.15882
6 0.04717 0.17508
7 0.0593 0.19841
8 0.07162 0.21455
9 0.0816 0.23791
10 0.09539 0.25398
11 0.1075 0.26999
12 0.11893 0.28597
13 0.13546 0.30941
14 0.14067 0.32537
15 0.15882 0.3413
16 0.17508 0.35722
17 0.18197 0.37312
18 0.19842 0.38901
19 0.21455 0.40488
20 0.22922 0.42075
21 0.23791 0.43774
22 0.25398 0.45661
23 0.27 0.47618
24 0.28597 0.49206
25 0.3004 0.50794
26 0.30941 0.52382
27 0.32537 0.53713
28 0.34131 0.55048
29 0.35722 0.56424
30 0.37312 0.57925
31 0.38901 0.59512
32 0.40488 0.61099
33 0.42075 0.62688
34 0.43576 0.64278
35 0.44952 0.65869
36 0.46287 0.67463
37 0.47618 0.69059
38 0.49206 0.6996
39 0.50794 0.71403
40 0.52382 0.73
41 0.54339 0.74602
42 0.56226 0.76209
43 0.57925 0.77078
44 0.59512 0.78545
45 0.61099 0.80158
46 0.62688 0.81803
47 0.64278 0.82492
48 0.6587 0.84118
49 0.67463 0.85933
50 0.69059 0.86454
51 0.71403 0.88107
52 0.73001 0.8925
53 0.74602 0.90461
54 0.76209 0.9184
55 0.78545 0.92838
56 0.80159 0.9407
57 0.82492 0.95283
58 0.84118 0.96089
59 0.86454 0.97202
60 0.88107 0.98238
61 0.90462 0.99153
62 0.92838 0.99833
63 0.95283 1
