0 0 0.06308
1 0.00224 0.09577
2 0.01137 0.12755
3 0.02368 0.15908
4 0.03764 0.18113
5 0.05266 0.21245
6 0.06308 0.23416
7 0.08049 0.25574
8 0.09577 0.28706
9 0.11179 0.30853
10 0.12756 0.32994
11 0.14757 0.35129
12 0.15908 0.3726
13 0.18114 0.40415
14 0.19941 0.42548
15 0.21245 0.44678
16 0.23417 0.46808
17 0.25574 0.48936
18 0.27142 0.51064
19 0.28706 0.53192
20 0.30853 0.55322
21 0.32994 0.57452
22 0.35129 0.59584
23 0.3726 0.61058
24 0.38942 0.6274
25 0.40416 0.64871
26 0.42548 0.67006
27 0.44678 0.69147
28 0.46808 0.71294
29 0.48936 0.72858
30 0.51064 0.74426
31 0.53192 0.76583
32 0.55322 0.78755
33 0.57452 0.80059
34 0.59585 0.81886
35 0.6274 0.84092
36 0.64871 0.85243
37 0.67006 0.87244
38 0.69147 0.88821
39 0.71294 0.90423
40 0.74426 0.91951
41 0.76584 0.93692
42 0.78755 0.94734
43 0.81887 0.96236
44 0.84092 0.97632
45 0.87245 0.98863
46 0.90423 0.99776
47 0.93692 1
