0 0 0.11912
1 2e-05 0.15574
2 0.00079 0.19112
3 0.00334 0.21858
4 0.00756 0.24569
5 0.01312 0.26477
6 0.01976 0.2915
7 0.02729 0.31072
8 0.03555 0.33679
9 0.04446 0.35521
10 0.05393 0.37683
11 0.0639 0.40022
12 0.07431 0.41844
13 0.08514 0.43662
14 0.09634 0.45476
15 0.10789 0.47286
16 0.11912 0.49096
17 0.12622 0.50904
18 0.14273 0.52714
19 0.15575 0.54524
20 0.16412 0.56338
21 0.18172 0.58156
22 0.19112 0.59978
23 0.20806 0.61626
24 0.21858 0.6281
25 0.23605 0.64479
26 0.24569 0.6632
27 0.26477 0.67924
28 0.2763 0.6901
29 0.2915 0.7085
30 0.3099 0.7237
31 0.32076 0.73523
32 0.3368 0.75431
33 0.35521 0.76395
34 0.3719 0.78142
35 0.38374 0.79194
36 0.40022 0.80888
37 0.41844 0.81828
38 0.43662 0.83588
39 0.45476 0.84425
40 0.47286 0.85727
41 0.49096 0.87378
42 0.50904 0.88088
43 0.52714 0.89211
44 0.54524 0.90366
45 0.56338 0.91486
46 0.58156 0.92569
47 0.59978 0.9361
48 0.62317 0.94607
49 0.64479 0.95554
50 0.66321 0.96445
51 0.68928 0.97271
52 0.7085 0.98024
53 0.73523 0.98688
54 0.75431 0.99244
55 0.78142 0.99666
56 0.80888 0.99921
57 0.84426 0.99998
58 0.88088 1
