0 0 0.04189
1 0.00148 0.06361
2 0.00752 0.08471
3 0.01562 0.10561
4 0.0248 0.12644
5 0.03465 0.14103
6 0.04189 0.16176
7 0.0524 0.17618
8 0.06361 0.19052
9 0.07182 0.21123
10 0.08471 0.2255
11 0.09453 0.23973
12 0.10561 0.26048
13 0.11937 0.27468
14 0.12644 0.28886
15 0.14103 0.30301
16 0.15386 0.31714
17 0.16177 0.33798
18 0.17618 0.35211
19 0.19052 0.36623
20 0.1988 0.38034
21 0.21123 0.39443
22 0.2255 0.40852
23 0.23973 0.42261
24 0.25081 0.43668
25 0.26049 0.45076
26 0.27468 0.46483
27 0.28886 0.4789
28 0.30301 0.49297
29 0.31714 0.50703
30 0.32776 0.5211
31 0.33798 0.53517
32 0.35211 0.54924
33 0.36623 0.56332
34 0.38034 0.57739
35 0.39443 0.59148
36 0.40852 0.60557
37 0.42261 0.61966
38 0.43668 0.63377
39 0.45076 0.64789
40 0.46483 0.66202
41 0.4789 0.67224
42 0.49297 0.68286
43 0.50703 0.69699
44 0.5211 0.71114
45 0.53517 0.72532
46 0.54924 0.73951
47 0.56332 0.74919
48 0.57739 0.76027
49 0.59148 0.7745
50 0.60557 0.78877
51 0.61966 0.8012
52 0.63377 0.80948
53 0.64789 0.82382
54 0.66202 0.83823
55 0.68286 0.84614
56 0.69699 0.85897
57 0.71114 0.87356
58 0.72532 0.88063
59 0.73952 0.89439
60 0.76027 0.90547
61 0.7745 0.91529
62 0.78877 0.92818
63 0.80948 0.93639
64 0.82382 0.9476
65 0.83824 0.95811
66 0.85897 0.96535
67 0.87356 0.9752
68 0.89439 0.98438
69 0.91529 0.99248
70 0.93639 0.99852
71 0.95811 1
