0 0 0.05793
1 0.00088 0.09188
2 0.00616 0.11809
3 0.01424 0.14396
4 0.0239 0.16968
5 0.03458 0.18771
6 0.04602 0.21328
7 0.05793 0.23105
8 0.06106 0.24871
9 0.08089 0.27424
10 0.09188 0.29181
11 0.10514 0.30931
12 0.11809 0.33492
13 0.13209 0.35239
14 0.14396 0.36983
15 0.16144 0.38723
16 0.16968 0.40462
17 0.18771 0.42198
18 0.20344 0.43933
19 0.21328 0.45667
20 0.23105 0.47401
21 0.24871 0.49134
22 0.25941 0.50866
23 0.27424 0.52599
24 0.29181 0.54333
25 0.30931 0.56067
26 0.32515 0.57802
27 0.33492 0.59538
28 0.35239 0.61277
29 0.36983 0.63017
30 0.38723 0.64761
31 0.40462 0.66508
32 0.42198 0.67485
33 0.43933 0.69069
34 0.45667 0.70819
35 0.47401 0.72576
36 0.49134 0.74059
37 0.50866 0.75129
38 0.52599 0.76895
39 0.54333 0.78672
40 0.56067 0.79656
41 0.57802 0.81229
42 0.59538 0.83032
43 0.61277 0.83856
44 0.63017 0.85604
45 0.64761 0.86791
46 0.66508 0.88191
47 0.69069 0.89486
48 0.70819 0.90812
49 0.72576 0.91911
50 0.75129 0.93894
51 0.76895 0.94207
52 0.78672 0.95398
53 0.81229 0.96542
54 0.83032 0.9761
55 0.85604 0.98576
56 0.88191 0.99384
57 0.90812 0.99912
58 0.94207 1
