0 0 0.0536
1 0.00073 0.07619
2 0.0051 0.09792
3 0.01178 0.11935
4 0.01975 0.14066
5 0.02857 0.15562
6 0.03799 0.17678
7 0.04788 0.19153
8 0.0536 0.21266
9 0.06647 0.22729
10 0.07619 0.24843
11 0.0859 0.26299
12 0.09792 0.27751
13 0.10749 0.29198
14 0.11935 0.31317
15 0.13143 0.32763
16 0.14066 0.34206
17 0.15562 0.35648
18 0.16332 0.37087
19 0.17678 0.38608
20 0.19153 0.40658
21 0.19941 0.42097
22 0.21266 0.43535
23 0.22729 0.44972
24 0.24011 0.46409
25 0.24843 0.47846
26 0.26299 0.49282
27 0.27751 0.50718
28 0.29199 0.52154
29 0.30187 0.53591
30 0.31317 0.55028
31 0.32763 0.56465
32 0.34206 0.57903
33 0.35648 0.59342
34 0.37087 0.6044
35 0.38475 0.61524
36 0.3956 0.62913
37 0.40658 0.64352
38 0.42097 0.65794
39 0.43535 0.67237
40 0.44972 0.68683
41 0.46409 0.69813
42 0.47846 0.70801
43 0.49282 0.72249
44 0.50718 0.73701
45 0.52154 0.75157
46 0.53591 0.75989
47 0.55028 0.77271
48 0.56465 0.78734
49 0.57903 0.80059
50 0.59342 0.80847
51 0.61392 0.82322
52 0.62913 0.83668
53 0.64352 0.84438
54 0.65794 0.85934
55 0.67237 0.86857
56 0.68683 0.88065
57 0.70802 0.89251
58 0.72249 0.90208
59 0.73701 0.9141
60 0.75157 0.92381
61 0.77271 0.93353
62 0.78734 0.9464
63 0.80847 0.95212
64 0.82322 0.96201
65 0.84438 0.97143
66 0.85934 0.98025
67 0.88065 0.98822
68 0.90208 0.9949
69 0.92381 0.99927
70 0.9464 1
