0 0 0.04692
1 0.00064 0.06669
2 0.00446 0.08572
3 0.0103 0.10447
4 0.01726 0.12311
5 0.02495 0.1417
6 0.03317 0.15473
7 0.04179 0.17324
8 0.04692 0.18612
9 0.05787 0.20461
10 0.06669 0.21741
11 0.07447 0.23016
12 0.08572 0.24865
13 0.09287 0.26136
14 0.10447 0.27404
15 0.1136 0.28669
16 0.12312 0.30523
17 0.13553 0.31787
18 0.1417 0.33049
19 0.15474 0.3431
20 0.16576 0.35569
21 0.17324 0.36827
22 0.18612 0.3869
23 0.19838 0.39949
24 0.20461 0.41207
25 0.21741 0.42464
26 0.23016 0.43721
27 0.24145 0.44977
28 0.24865 0.46233
29 0.26136 0.47489
30 0.27404 0.48744
31 0.28669 0.5
32 0.29702 0.51255
33 0.30523 0.52511
34 0.31787 0.53767
35 0.33049 0.55023
36 0.3431 0.56279
37 0.35569 0.57536
38 0.36827 0.58793
39 0.37875 0.60051
40 0.38691 0.6131
41 0.39949 0.62125
42 0.41207 0.63173
43 0.42464 0.64431
44 0.43721 0.6569
45 0.44977 0.66951
46 0.46233 0.68213
47 0.47489 0.69477
48 0.48745 0.70298
49 0.5 0.71331
50 0.51256 0.72596
51 0.52511 0.73864
52 0.53767 0.75135
53 0.55023 0.75855
54 0.56279 0.76984
55 0.57536 0.78259
56 0.58793 0.79539
57 0.60051 0.80162
58 0.6131 0.81388
59 0.63173 0.82676
60 0.64431 0.83424
61 0.6569 0.84526
62 0.66951 0.8583
63 0.68213 0.86447
64 0.69477 0.87688
65 0.71331 0.8864
66 0.72596 0.89553
67 0.73864 0.90713
68 0.75135 0.91428
69 0.76984 0.92553
70 0.78259 0.93331
71 0.79539 0.94213
72 0.81388 0.95308
73 0.82676 0.95821
74 0.84527 0.96683
75 0.8583 0.97505
76 0.87689 0.98274
77 0.89553 0.9897
78 0.91428 0.99554
79 0.93331 0.99936
80 0.95308 1
