0 0 0.10962
1 0.00022 0.15513
2 0.00333 0.19003
3 0.00986 0.22431
4 0.01876 0.24836
5 0.02933 0.28212
6 0.04118 0.30559
7 0.05405 0.33931
8 0.06776 0.36251
9 0.0822 0.38559
10 0.09727 0.40858
11 0.10962 0.43762
12 0.12427 0.46555
13 0.14397 0.48852
14 0.15513 0.51148
15 0.17655 0.53445
16 0.19003 0.55458
17 0.21182 0.57227
18 0.22431 0.59142
19 0.24836 0.61441
20 0.26329 0.63749
21 0.28212 0.66069
22 0.30559 0.67711
23 0.32289 0.69441
24 0.33931 0.71788
25 0.36251 0.73671
26 0.38559 0.75164
27 0.40858 0.77569
28 0.42773 0.78818
29 0.44542 0.80997
30 0.46555 0.82345
31 0.48852 0.84487
32 0.51148 0.85603
33 0.53445 0.87573
34 0.56238 0.89038
35 0.59142 0.90273
36 0.61441 0.9178
37 0.63749 0.93224
38 0.66069 0.94595
39 0.69441 0.95882
40 0.71788 0.97067
41 0.75164 0.98124
42 0.77569 0.99014
43 0.80997 0.99667
44 0.84487 0.99978
45 0.89038 1
