0 0 0.05684
1 0.00078 0.08079
2 0.00541 0.10383
3 0.0125 0.12656
4 0.02096 0.14916
5 0.03032 0.16502
6 0.04034 0.18747
7 0.05085 0.20311
8 0.05684 0.22553
9 0.07068 0.24104
10 0.08079 0.25648
11 0.09149 0.27892
12 0.10383 0.29431
13 0.11465 0.30966
14 0.12656 0.32498
15 0.14016 0.3475
16 0.14916 0.36281
17 0.16502 0.3781
18 0.1752 0.39337
19 0.18747 0.40863
20 0.20311 0.42387
21 0.21442 0.43911
22 0.22553 0.45434
23 0.24104 0.46956
24 0.25648 0.48478
25 0.2662 0.5
26 0.27892 0.51522
27 0.29431 0.53044
28 0.30967 0.54566
29 0.32499 0.56089
30 0.33609 0.57613
31 0.3475 0.59137
32 0.36281 0.60663
33 0.3781 0.6219
34 0.39337 0.63719
35 0.40863 0.6525
36 0.42387 0.66391
37 0.43911 0.67501
38 0.45434 0.69033
39 0.46956 0.70569
40 0.48478 0.72108
41 0.5 0.7338
42 0.51522 0.74352
43 0.53044 0.75896
44 0.54566 0.77447
45 0.56089 0.78558
46 0.57613 0.79689
47 0.59137 0.81253
48 0.60663 0.8248
49 0.6219 0.83498
50 0.63719 0.85084
51 0.6525 0.85984
52 0.67502 0.87344
53 0.69034 0.88535
54 0.70569 0.89617
55 0.72108 0.90851
56 0.74352 0.91921
57 0.75896 0.92932
58 0.77447 0.94316
59 0.79689 0.94915
60 0.81253 0.95966
61 0.83498 0.96968
62 0.85084 0.97904
63 0.87344 0.9875
64 0.89617 0.99459
65 0.91921 0.99922
66 0.94316 1
