0 0 0.07222
1 0.00257 0.10963
2 0.01305 0.14604
3 0.02718 0.17321
4 0.04323 0.20739
5 0.06052 0.2323
6 0.07222 0.26816
7 0.09292 0.29284
8 0.10963 0.31741
9 0.12962 0.35343
10 0.14604 0.37795
11 0.17123 0.40242
12 0.17831 0.42684
13 0.20739 0.45124
14 0.2323 0.47563
15 0.24575 0.5
16 0.26816 0.52437
17 0.29284 0.54876
18 0.31741 0.57316
19 0.3389 0.59758
20 0.35343 0.62205
21 0.37795 0.64657
22 0.40242 0.6611
23 0.42684 0.68259
24 0.45124 0.70716
25 0.47563 0.73184
26 0.5 0.75425
27 0.52437 0.7677
28 0.54876 0.79261
29 0.57316 0.82169
30 0.59758 0.82877
31 0.62205 0.85396
32 0.64657 0.87038
33 0.68259 0.89037
34 0.70716 0.90708
35 0.73184 0.92778
36 0.7677 0.93948
37 0.79261 0.95677
38 0.82679 0.97282
39 0.85396 0.98695
40 0.89037 0.99743
41 0.92778 1
