0 0 0.0304
1 0.00108 0.04617
2 0.00544 0.06148
3 0.0113 0.07665
4 0.01792 0.09175
5 0.02502 0.10236
6 0.0304 0.11738
7 0.0376 0.12786
8 0.04617 0.14287
9 0.05102 0.15328
10 0.06149 0.16829
11 0.06695 0.17865
12 0.07665 0.18899
13 0.08482 0.20401
14 0.09175 0.21433
15 0.10236 0.22462
16 0.10774 0.2349
17 0.11738 0.24996
18 0.12786 0.26023
19 0.1336 0.27049
20 0.14287 0.28074
21 0.15328 0.29098
22 0.16226 0.30122
23 0.16829 0.31632
24 0.17865 0.32656
25 0.18899 0.33679
26 0.19835 0.34701
27 0.20401 0.35723
28 0.21433 0.36744
29 0.22462 0.37765
30 0.2349 0.38786
31 0.244 0.39806
32 0.24996 0.41326
33 0.26023 0.42347
34 0.27049 0.43368
35 0.28074 0.44388
36 0.29098 0.45409
37 0.30122 0.46429
38 0.30759 0.4745
39 0.31632 0.4847
40 0.32656 0.4949
41 0.33679 0.5051
42 0.34701 0.5153
43 0.35723 0.5255
44 0.36744 0.53571
45 0.37765 0.54591
46 0.38786 0.55612
47 0.39806 0.56632
48 0.40627 0.57653
49 0.41326 0.58674
50 0.42347 0.59373
51 0.43368 0.60194
52 0.44388 0.61214
53 0.45409 0.62235
54 0.46429 0.63256
55 0.4745 0.64277
56 0.4847 0.65299
57 0.4949 0.66321
58 0.5051 0.67344
59 0.5153 0.68368
60 0.5255 0.69241
61 0.53571 0.69878
62 0.54591 0.70902
63 0.55612 0.71926
64 0.56632 0.72951
65 0.57653 0.73977
66 0.58674 0.75004
67 0.60194 0.756
68 0.61214 0.7651
69 0.62235 0.77538
70 0.63256 0.78567
71 0.64277 0.79599
72 0.65299 0.80165
73 0.66321 0.81101
74 0.67344 0.82135
75 0.68368 0.83171
76 0.69878 0.83774
77 0.70902 0.84672
78 0.71926 0.85713
79 0.72951 0.8664
80 0.73977 0.87214
81 0.75004 0.88262
82 0.7651 0.89226
83 0.77538 0.89764
84 0.78567 0.90825
85 0.79599 0.91518
86 0.81101 0.92335
87 0.82135 0.93305
88 0.83171 0.93851
89 0.84672 0.94898
90 0.85713 0.95383
91 0.87214 0.9624
92 0.88262 0.9696
93 0.89764 0.97498
94 0.90825 0.98208
95 0.92335 0.9887
96 0.93852 0.99456
97 0.95383 0.99892
98 0.9696 1
