0 0 0.04365
1 6e-04 0.06205
2 0.00415 0.07975
3 0.00958 0.0972
4 0.01604 0.11455
5 0.02319 0.13183
6 0.03082 0.14397
7 0.03882 0.16117
8 0.04365 0.17317
9 0.0537 0.19035
10 0.06206 0.20226
11 0.06894 0.21413
12 0.07975 0.23132
13 0.08579 0.24315
14 0.09721 0.25494
15 0.10498 0.27216
16 0.11455 0.28394
17 0.12536 0.2957
18 0.13183 0.30744
19 0.14397 0.31916
20 0.15286 0.33644
21 0.16117 0.34816
22 0.17317 0.35988
23 0.18276 0.37158
24 0.19035 0.38328
25 0.20227 0.39497
26 0.21413 0.40665
27 0.22099 0.41833
28 0.23132 0.43208
29 0.24315 0.44742
30 0.25494 0.45911
31 0.26435 0.47079
32 0.27216 0.48248
33 0.28394 0.49416
34 0.2957 0.50584
35 0.30744 0.51752
36 0.31917 0.52921
37 0.32684 0.54089
38 0.33644 0.55258
39 0.34816 0.56193
40 0.35988 0.57138
41 0.37158 0.58167
42 0.38328 0.59335
43 0.39497 0.60503
44 0.40665 0.61672
45 0.41833 0.62842
46 0.42862 0.64012
47 0.43807 0.65184
48 0.44742 0.66356
49 0.45911 0.67316
50 0.47079 0.68083
51 0.48248 0.69256
52 0.49416 0.7043
53 0.50584 0.71606
54 0.51752 0.72784
55 0.52921 0.73565
56 0.54089 0.74506
57 0.55258 0.75685
58 0.56792 0.76868
59 0.58167 0.77901
60 0.59335 0.78587
61 0.60503 0.79773
62 0.61672 0.80965
63 0.62842 0.81724
64 0.64012 0.82683
65 0.65184 0.83883
66 0.66356 0.84714
67 0.68084 0.85603
68 0.69256 0.86817
69 0.7043 0.87464
70 0.71606 0.88545
71 0.72784 0.89502
72 0.74506 0.90279
73 0.75685 0.91421
74 0.76868 0.92025
75 0.78587 0.93106
76 0.79774 0.93794
77 0.80965 0.9463
78 0.82683 0.95635
79 0.83883 0.96118
80 0.85603 0.96918
81 0.86817 0.97681
82 0.88545 0.98396
83 0.9028 0.99042
84 0.92025 0.99585
85 0.93795 0.9994
86 0.95635 1
