0 0 0.20037
1 3e-05 0.26591
2 0.0014 0.31603
3 0.00594 0.35076
4 0.01352 0.39974
5 0.0236 0.43342
6 0.03571 0.46678
7 0.04954 0.5
8 0.06486 0.53322
9 0.08148 0.56658
10 0.09928 0.60025
11 0.11816 0.62015
12 0.13804 0.64924
13 0.15888 0.68397
14 0.18062 0.70064
15 0.20037 0.73409
16 0.22072 0.75062
17 0.24938 0.77928
18 0.26591 0.79963
19 0.29936 0.81938
20 0.31603 0.84112
21 0.35076 0.86196
22 0.37985 0.88184
23 0.39975 0.90072
24 0.43342 0.91852
25 0.46678 0.93514
26 0.5 0.95046
27 0.53322 0.96429
28 0.56658 0.9764
29 0.60026 0.98648
30 0.64924 0.99406
31 0.68397 0.9986
32 0.73409 0.99997
33 0.79963 1
