0 0 0.06473
1 0.00013 0.09155
2 0.00197 0.11762
3 0.0058 0.1379
4 0.01099 0.15796
5 0.01714 0.17215
6 0.02401 0.19195
7 0.03143 0.21173
8 0.03932 0.22556
9 0.04759 0.24528
10 0.05619 0.25898
11 0.06473 0.27261
12 0.06868 0.29231
13 0.0819 0.30588
14 0.09155 0.3194
15 0.09773 0.33915
16 0.11116 0.35264
17 0.11762 0.36611
18 0.13067 0.37956
19 0.1379 0.39298
20 0.15128 0.4086
21 0.15796 0.42628
22 0.17215 0.4397
23 0.1793 0.4531
24 0.19195 0.46651
25 0.20411 0.47991
26 0.21173 0.4933
27 0.22556 0.5067
28 0.2372 0.52009
29 0.24528 0.53349
30 0.25898 0.54689
31 0.27261 0.5603
32 0.28024 0.57372
33 0.29231 0.58485
34 0.30588 0.59492
35 0.3194 0.60702
36 0.32972 0.62044
37 0.33915 0.63389
38 0.35264 0.64736
39 0.36611 0.66085
40 0.37956 0.67028
41 0.39298 0.6806
42 0.40508 0.69412
43 0.41515 0.70769
44 0.42628 0.71976
45 0.4397 0.72739
46 0.45311 0.74102
47 0.46651 0.75472
48 0.47991 0.7628
49 0.4933 0.77444
50 0.5067 0.78827
51 0.52009 0.79589
52 0.53349 0.80805
53 0.5469 0.8207
54 0.5603 0.82785
55 0.57372 0.84204
56 0.5914 0.84872
57 0.60702 0.8621
58 0.62044 0.86933
59 0.63389 0.88238
60 0.64736 0.88884
61 0.66085 0.90227
62 0.6806 0.90845
63 0.69412 0.9181
64 0.70769 0.93132
65 0.72739 0.93527
66 0.74102 0.94381
67 0.75472 0.95241
68 0.77444 0.96068
69 0.78827 0.96857
70 0.80805 0.97599
71 0.82785 0.98286
72 0.84204 0.98901
73 0.8621 0.9942
74 0.88238 0.99803
75 0.90845 0.99987
76 0.93527 1
