0 0 0.03462
1 0.00122 0.05258
2 0.0062 0.07001
3 0.01288 0.08729
4 0.02044 0.10449
5 0.02855 0.11656
6 0.03462 0.13368
7 0.043 0.14561
8 0.05258 0.16271
9 0.05859 0.17456
10 0.07002 0.18636
11 0.07698 0.20347
12 0.08729 0.21524
13 0.09738 0.22697
14 0.10449 0.24411
15 0.11656 0.25584
16 0.1246 0.26754
17 0.13368 0.27923
18 0.14561 0.29091
19 0.15486 0.3081
20 0.16271 0.31977
21 0.17456 0.33144
22 0.18636 0.34309
23 0.19364 0.35474
24 0.20347 0.36638
25 0.21524 0.37802
26 0.22698 0.38965
27 0.23751 0.40196
28 0.24411 0.41859
29 0.25584 0.43023
30 0.26754 0.44186
31 0.27923 0.45349
32 0.29091 0.46512
33 0.3008 0.47675
34 0.3081 0.48837
35 0.31978 0.5
36 0.33144 0.51163
37 0.3431 0.52325
38 0.35474 0.53488
39 0.36638 0.54651
40 0.37802 0.55814
41 0.38965 0.56977
42 0.40084 0.58141
43 0.41001 0.58999
44 0.41859 0.59916
45 0.43023 0.61035
46 0.44186 0.62198
47 0.45349 0.63362
48 0.46512 0.64526
49 0.47675 0.6569
50 0.48837 0.66856
51 0.5 0.68022
52 0.51163 0.6919
53 0.52325 0.6992
54 0.53488 0.70909
55 0.54651 0.72077
56 0.55814 0.73246
57 0.56977 0.74416
58 0.58141 0.75589
59 0.59804 0.76249
60 0.61035 0.77302
61 0.62198 0.78476
62 0.63362 0.79653
63 0.64526 0.80636
64 0.65691 0.81364
65 0.66856 0.82544
66 0.68023 0.83729
67 0.6919 0.84514
68 0.70909 0.85439
69 0.72077 0.86632
70 0.73246 0.8754
71 0.74416 0.88344
72 0.75589 0.89551
73 0.77303 0.90262
74 0.78476 0.91271
75 0.79653 0.92302
76 0.81364 0.92998
77 0.82544 0.94141
78 0.83729 0.94742
79 0.85439 0.957
80 0.86632 0.96538
81 0.88344 0.97145
82 0.89551 0.97956
83 0.91271 0.98712
84 0.92999 0.9938
85 0.94742 0.99878
86 0.96538 1
