0 0 0.05412
1 1e-04 0.07505
2 0.00152 0.09112
3 0.00449 0.10683
4 0.0085 0.12236
5 0.01324 0.13779
6 0.01852 0.15315
7 0.02424 0.16398
8 0.0303 0.17925
9 0.03664 0.18995
10 0.04324 0.20517
11 0.05005 0.21578
12 0.05412 0.231
13 0.06266 0.24154
14 0.07087 0.25677
15 0.07505 0.26727
16 0.08484 0.27774
17 0.09112 0.29298
18 0.09922 0.30343
19 0.10684 0.31387
20 0.11443 0.32428
21 0.12236 0.33956
22 0.13066 0.34996
23 0.13779 0.36036
24 0.14771 0.37074
25 0.15315 0.38111
26 0.16398 0.39148
27 0.17077 0.40204
28 0.17925 0.4172
29 0.18995 0.42756
30 0.19449 0.43792
31 0.20518 0.44827
32 0.21578 0.45862
33 0.22138 0.46897
34 0.231 0.47931
35 0.24154 0.48966
36 0.25032 0.5
37 0.25677 0.51034
38 0.26727 0.52069
39 0.27775 0.53103
40 0.28689 0.54138
41 0.29298 0.55173
42 0.30344 0.56208
43 0.31387 0.57244
44 0.32428 0.5828
45 0.33368 0.59001
46 0.33956 0.5983
47 0.34996 0.60852
48 0.36036 0.61889
49 0.37074 0.62926
50 0.38111 0.63964
51 0.39148 0.65004
52 0.4017 0.66044
53 0.40999 0.66632
54 0.4172 0.67572
55 0.42756 0.68613
56 0.43792 0.69656
57 0.44827 0.70702
58 0.45862 0.71311
59 0.46897 0.72225
60 0.47931 0.73273
61 0.48966 0.74323
62 0.5 0.74968
63 0.51034 0.75846
64 0.52069 0.769
65 0.53103 0.77862
66 0.54138 0.78422
67 0.55173 0.79482
68 0.56208 0.80551
69 0.57244 0.81005
70 0.5828 0.82075
71 0.59796 0.82923
72 0.60852 0.83602
73 0.61889 0.84685
74 0.62926 0.85229
75 0.63964 0.86221
76 0.65004 0.86934
77 0.66044 0.87764
78 0.67572 0.88557
79 0.68613 0.89316
80 0.69657 0.90078
81 0.70702 0.90888
82 0.72226 0.91516
83 0.73273 0.92495
84 0.74323 0.92913
85 0.75846 0.93734
86 0.769 0.94588
87 0.78422 0.94995
88 0.79483 0.95676
89 0.81005 0.96336
90 0.82075 0.9697
91 0.83602 0.97576
92 0.84685 0.98148
93 0.86221 0.98676
94 0.87764 0.9915
95 0.89317 0.99551
96 0.90888 0.99848
97 0.92495 0.9999
98 0.94588 1
