0 0 0.07624
1 0.00117 0.12099
2 0.00814 0.15551
3 0.01884 0.18963
4 0.03165 0.21352
5 0.04586 0.2473
6 0.06109 0.27074
7 0.07624 0.294
8 0.08452 0.32777
9 0.10825 0.35091
10 0.12099 0.37396
11 0.1419 0.39695
12 0.15551 0.41989
13 0.17906 0.4428
14 0.18963 0.4679
15 0.21352 0.49209
16 0.23425 0.51474
17 0.2473 0.53618
18 0.27074 0.5572
19 0.294 0.5801
20 0.31175 0.60305
21 0.32778 0.62604
22 0.35091 0.64909
23 0.37396 0.67222
24 0.39695 0.68825
25 0.4199 0.706
26 0.4428 0.72926
27 0.46382 0.7527
28 0.48526 0.76575
29 0.50791 0.78648
30 0.5321 0.81037
31 0.5572 0.82094
32 0.58011 0.84449
33 0.60305 0.8581
34 0.62604 0.87901
35 0.64909 0.89175
36 0.67223 0.91548
37 0.706 0.92376
38 0.72926 0.93891
39 0.7527 0.95414
40 0.78648 0.96835
41 0.81037 0.98116
42 0.84449 0.99186
43 0.87901 0.99883
44 0.92376 1
