0 0 0.10146
1 0.00155 0.16116
2 0.01088 0.19411
3 0.02524 0.23935
4 0.04248 0.28458
5 0.06166 0.31588
6 0.08228 0.3469
7 0.10146 0.37787
8 0.11739 0.42311
9 0.14731 0.4539
10 0.16116 0.48464
11 0.19411 0.51536
12 0.20864 0.5461
13 0.23936 0.57689
14 0.26843 0.59878
15 0.28458 0.62239
16 0.31588 0.6531
17 0.3469 0.68412
18 0.37761 0.71542
19 0.40122 0.73157
20 0.42311 0.76064
21 0.4539 0.79136
22 0.48464 0.80589
23 0.51536 0.83884
24 0.5461 0.85269
25 0.57689 0.88261
26 0.62213 0.89854
27 0.6531 0.91772
28 0.68412 0.93834
29 0.71542 0.95752
30 0.76065 0.97476
31 0.80589 0.98912
32 0.83884 0.99845
33 0.89854 1
