0 0 0.10528
1 0.00376 0.15981
2 0.01916 0.20098
3 0.04002 0.25002
4 0.06379 0.28639
5 0.0895 0.33895
6 0.10528 0.37496
7 0.13944 0.41079
8 0.15981 0.44652
9 0.19687 0.48218
10 0.20847 0.51782
11 0.25002 0.55348
12 0.28639 0.58921
13 0.30982 0.62504
14 0.33895 0.66105
15 0.37496 0.69018
16 0.41079 0.71361
17 0.44652 0.74998
18 0.48218 0.79153
19 0.51782 0.80313
20 0.55348 0.84019
21 0.58921 0.86056
22 0.62504 0.89472
23 0.66105 0.9105
24 0.71361 0.93621
25 0.74998 0.95998
26 0.79902 0.98084
27 0.84019 0.99624
28 0.89472 1
