0 0 0.14774
1 2e-05 0.19325
2 0.00098 0.22798
3 0.00414 0.26194
4 0.00938 0.29559
5 0.01631 0.31908
6 0.02459 0.35243
7 0.034 0.37548
8 0.04437 0.39833
9 0.05556 0.42489
10 0.06748 0.45459
11 0.08005 0.47731
12 0.09322 0.5
13 0.10693 0.52269
14 0.12116 0.54541
15 0.13586 0.56357
16 0.14774 0.58141
17 0.16277 0.60166
18 0.1813 0.62452
19 0.19325 0.64756
20 0.21253 0.66227
21 0.22798 0.68091
22 0.24606 0.70441
23 0.26195 0.71733
24 0.28267 0.73805
25 0.29559 0.75394
26 0.31909 0.77202
27 0.33773 0.78747
28 0.35244 0.80675
29 0.37548 0.8187
30 0.39834 0.83723
31 0.41859 0.85226
32 0.43643 0.86414
33 0.45459 0.87884
34 0.47731 0.89307
35 0.5 0.90678
36 0.52269 0.91995
37 0.54541 0.93252
38 0.57511 0.94444
39 0.60167 0.95563
40 0.62452 0.966
41 0.64757 0.97541
42 0.68092 0.98369
43 0.70441 0.99062
44 0.73806 0.99586
45 0.77202 0.99902
46 0.80675 0.99998
47 0.85226 1
