0 0 0.07246
1 1e-05 0.09366
2 0.00046 0.114
3 0.00192 0.12984
4 0.00434 0.14588
5 0.00752 0.16086
6 0.01129 0.1762
7 0.01556 0.19148
8 0.02022 0.20671
9 0.02523 0.21744
10 0.03054 0.2326
11 0.03611 0.24776
12 0.04191 0.25834
13 0.04792 0.27062
14 0.05412 0.28399
15 0.06049 0.29446
16 0.06702 0.3096
17 0.07246 0.32002
18 0.07811 0.33042
19 0.08653 0.34336
20 0.09366 0.35596
21 0.09764 0.36632
22 0.10766 0.37666
23 0.114 0.38698
24 0.12113 0.39988
25 0.12984 0.41253
26 0.13453 0.42284
27 0.14536 0.43315
28 0.14795 0.44344
29 0.16086 0.45374
30 0.16414 0.46402
31 0.1762 0.4743
32 0.18192 0.48458
33 0.19148 0.49486
34 0.19968 0.50514
35 0.20671 0.51542
36 0.21744 0.5257
37 0.22195 0.53598
38 0.2326 0.54626
39 0.24232 0.55655
40 0.24777 0.56685
41 0.25834 0.57716
42 0.26841 0.58747
43 0.27262 0.59709
44 0.28399 0.604
45 0.29446 0.61302
46 0.30282 0.62334
47 0.3096 0.63368
48 0.32002 0.64404
49 0.33042 0.65475
50 0.3399 0.6601
51 0.34525 0.66958
52 0.35596 0.67998
53 0.36632 0.6904
54 0.37666 0.69718
55 0.38698 0.70554
56 0.396 0.71601
57 0.40291 0.72738
58 0.41253 0.73159
59 0.42284 0.74166
60 0.43315 0.75223
61 0.44345 0.75768
62 0.45374 0.7674
63 0.46402 0.77805
64 0.4743 0.78256
65 0.48458 0.79329
66 0.49486 0.80032
67 0.50514 0.80852
68 0.51542 0.81808
69 0.5257 0.8238
70 0.53598 0.83586
71 0.54626 0.83914
72 0.55656 0.85205
73 0.56685 0.85464
74 0.57716 0.86547
75 0.58747 0.87016
76 0.60012 0.87887
77 0.61302 0.886
78 0.62334 0.89234
79 0.63368 0.90236
80 0.64404 0.90634
81 0.65664 0.91347
82 0.66958 0.92189
83 0.67998 0.92754
84 0.6904 0.93298
85 0.70554 0.93951
86 0.71601 0.94588
87 0.72938 0.95208
88 0.74166 0.95809
89 0.75224 0.96389
90 0.7674 0.96946
91 0.78256 0.97477
92 0.79329 0.97978
93 0.80852 0.98444
94 0.8238 0.98871
95 0.83914 0.99248
96 0.85412 0.99566
97 0.87016 0.99808
98 0.886 0.99954
99 0.90634 0.99999
100 0.92754 1
