0 0 0.07972
1 1e-05 0.10303
2 5e-04 0.12542
3 0.00212 0.14285
4 0.00478 0.16
5 0.00827 0.17699
6 0.01244 0.19388
7 0.01713 0.2107
8 0.02228 0.22256
9 0.02781 0.23928
10 0.03367 0.256
11 0.03982 0.26766
12 0.04623 0.28013
13 0.05287 0.29593
14 0.05972 0.30745
15 0.06677 0.32414
16 0.07399 0.33562
17 0.07972 0.34707
18 0.08661 0.35849
19 0.09572 0.37522
20 0.10303 0.38662
21 0.1089 0.39801
22 0.11925 0.40938
23 0.12542 0.42074
24 0.13461 0.43208
25 0.14285 0.44503
26 0.1504 0.46029
27 0.16 0.47164
28 0.16711 0.48298
29 0.17699 0.49433
30 0.18501 0.50567
31 0.19388 0.51701
32 0.20375 0.52836
33 0.2107 0.53971
34 0.22256 0.5481
35 0.22864 0.55778
36 0.23928 0.56792
37 0.25023 0.57926
38 0.256 0.59062
39 0.26766 0.60199
40 0.27896 0.61337
41 0.28469 0.62478
42 0.29593 0.63305
43 0.30746 0.64151
44 0.31729 0.65293
45 0.32414 0.66438
46 0.33562 0.67586
47 0.34707 0.68271
48 0.35849 0.69254
49 0.36695 0.70407
50 0.37522 0.71531
51 0.38663 0.72104
52 0.39801 0.73234
53 0.40938 0.744
54 0.42074 0.74977
55 0.43208 0.76072
56 0.44222 0.77136
57 0.4519 0.77744
58 0.46029 0.7893
59 0.47164 0.79625
60 0.48299 0.80612
61 0.49433 0.81499
62 0.50567 0.82301
63 0.51702 0.83289
64 0.52836 0.84
65 0.53971 0.8496
66 0.55497 0.85715
67 0.56792 0.86539
68 0.57926 0.87458
69 0.59062 0.88075
70 0.60199 0.8911
71 0.61338 0.89697
72 0.62478 0.90428
73 0.64151 0.91339
74 0.65293 0.92028
75 0.66438 0.92601
76 0.67586 0.93323
77 0.69255 0.94028
78 0.70407 0.94713
79 0.71987 0.95377
80 0.73234 0.96018
81 0.744 0.96633
82 0.76072 0.97219
83 0.77744 0.97772
84 0.7893 0.98287
85 0.80612 0.98756
86 0.82301 0.99173
87 0.84 0.99522
88 0.85715 0.99788
89 0.87458 0.9995
90 0.89697 0.99999
91 0.92028 1
