0 0 0.04578
1 0.00063 0.06507
2 0.00435 0.08363
3 0.01004 0.10193
4 0.01683 0.12012
5 0.02433 0.13825
6 0.03234 0.15097
7 0.04075 0.16902
8 0.04578 0.18159
9 0.05641 0.19962
10 0.06507 0.21212
11 0.07253 0.22456
12 0.08363 0.24259
13 0.09039 0.25499
14 0.10193 0.26736
15 0.11058 0.27971
16 0.12012 0.29778
17 0.13197 0.31011
18 0.13825 0.32243
19 0.15097 0.33473
20 0.16125 0.34701
21 0.16902 0.36516
22 0.1816 0.37745
23 0.19293 0.38973
24 0.19962 0.402
25 0.21212 0.41426
26 0.22456 0.42652
27 0.23444 0.43877
28 0.24259 0.45102
29 0.25499 0.46327
30 0.26737 0.47552
31 0.27971 0.48776
32 0.28738 0.5
33 0.29778 0.51224
34 0.31011 0.52448
35 0.32243 0.53673
36 0.33473 0.54898
37 0.34701 0.56122
38 0.35723 0.57348
39 0.36516 0.58574
40 0.37745 0.598
41 0.38973 0.61027
42 0.402 0.62255
43 0.41426 0.63484
44 0.42652 0.64277
45 0.43878 0.65299
46 0.45102 0.66527
47 0.46327 0.67757
48 0.47552 0.68989
49 0.48776 0.70222
50 0.5 0.71262
51 0.51224 0.72029
52 0.52448 0.73263
53 0.53673 0.74501
54 0.54898 0.75741
55 0.56123 0.76556
56 0.57348 0.77544
57 0.58574 0.78788
58 0.598 0.80038
59 0.61027 0.80707
60 0.62255 0.8184
61 0.63484 0.83098
62 0.65299 0.83875
63 0.66527 0.84903
64 0.67757 0.86175
65 0.68989 0.86803
66 0.70222 0.87988
67 0.72029 0.88942
68 0.73264 0.89807
69 0.74501 0.90961
70 0.75741 0.91637
71 0.77544 0.92747
72 0.78788 0.93493
73 0.80038 0.94359
74 0.81841 0.95422
75 0.83098 0.95925
76 0.84903 0.96766
77 0.86175 0.97567
78 0.87988 0.98317
79 0.89807 0.98996
80 0.91637 0.99565
81 0.93493 0.99937
82 0.95422 1
