0 0 0.03273
1 0.00116 0.0497
2 0.00586 0.06619
3 0.01217 0.08252
4 0.01931 0.09878
5 0.02697 0.11019
6 0.03273 0.12637
7 0.04058 0.13764
8 0.0497 0.15381
9 0.05518 0.16501
10 0.06619 0.17647
11 0.07246 0.19234
12 0.08252 0.20346
13 0.09173 0.21456
14 0.09878 0.23075
15 0.11019 0.24183
16 0.11704 0.2529
17 0.12637 0.26395
18 0.13765 0.28018
19 0.14535 0.29122
20 0.15381 0.30226
21 0.16501 0.31328
22 0.17611 0.3243
23 0.17976 0.33531
24 0.19234 0.34632
25 0.20346 0.36262
26 0.21456 0.37363
27 0.22193 0.38463
28 0.23075 0.39563
29 0.24183 0.40663
30 0.2529 0.41762
31 0.26395 0.42861
32 0.27352 0.4396
33 0.28018 0.45058
34 0.29123 0.46156
35 0.30226 0.47255
36 0.31329 0.48353
37 0.3243 0.49451
38 0.33531 0.50549
39 0.34632 0.51647
40 0.3544 0.52745
41 0.36262 0.53843
42 0.37363 0.54942
43 0.38464 0.5604
44 0.39563 0.57139
45 0.40663 0.58238
46 0.41762 0.59337
47 0.42861 0.60437
48 0.4396 0.61536
49 0.45058 0.62637
50 0.46157 0.63738
51 0.47255 0.6456
52 0.48353 0.65368
53 0.49451 0.66469
54 0.50549 0.6757
55 0.51647 0.68671
56 0.52745 0.69774
57 0.53844 0.70877
58 0.54942 0.71982
59 0.5604 0.72648
60 0.57139 0.73605
61 0.58238 0.7471
62 0.59337 0.75817
63 0.60437 0.76925
64 0.61537 0.77807
65 0.62637 0.78544
66 0.63738 0.79654
67 0.65368 0.80766
68 0.66469 0.82024
69 0.6757 0.82389
70 0.68672 0.83499
71 0.69774 0.84619
72 0.70878 0.85465
73 0.71982 0.86235
74 0.73605 0.87363
75 0.7471 0.88296
76 0.75817 0.88981
77 0.76925 0.90122
78 0.78544 0.90827
79 0.79654 0.91748
80 0.80766 0.92754
81 0.82353 0.93381
82 0.83499 0.94482
83 0.84619 0.9503
84 0.86236 0.95942
85 0.87363 0.96727
86 0.88981 0.97303
87 0.90122 0.98069
88 0.91748 0.98783
89 0.93381 0.99414
90 0.9503 0.99884
91 0.96727 1
