0 0 0.08641
1 0.00018 0.12224
2 0.00263 0.14973
3 0.00776 0.17668
4 0.01473 0.2034
5 0.023 0.23
6 0.03225 0.24862
7 0.04227 0.27509
8 0.05293 0.29345
9 0.06414 0.3122
10 0.07581 0.33814
11 0.08641 0.35628
12 0.09518 0.37436
13 0.11136 0.39239
14 0.12224 0.41901
15 0.1352 0.43704
16 0.14973 0.45504
17 0.16068 0.47303
18 0.17668 0.49101
19 0.18918 0.50899
20 0.2034 0.52697
21 0.2199 0.54496
22 0.23 0.56296
23 0.24862 0.58099
24 0.26345 0.59327
25 0.27509 0.6076
26 0.29345 0.62563
27 0.31147 0.64372
28 0.32244 0.66186
29 0.33814 0.67756
30 0.35628 0.68853
31 0.37437 0.70655
32 0.3924 0.72491
33 0.40673 0.73655
34 0.41901 0.75138
35 0.43704 0.77
36 0.45504 0.7801
37 0.47303 0.7966
38 0.49101 0.81082
39 0.50899 0.82332
40 0.52697 0.83932
41 0.54496 0.85027
42 0.56296 0.8648
43 0.58099 0.87776
44 0.60761 0.88864
45 0.62564 0.90482
46 0.64372 0.91359
47 0.66186 0.92419
48 0.6878 0.93586
49 0.70655 0.94707
50 0.72491 0.95773
51 0.75138 0.96775
52 0.77 0.977
53 0.7966 0.98527
54 0.82332 0.99224
55 0.85027 0.99737
56 0.87776 0.99982
57 0.91359 1
