0 0 0.07473
1 1e-05 0.09659
2 0.00047 0.11757
3 0.00198 0.1339
4 0.00448 0.14998
5 0.00775 0.1659
6 0.01165 0.18172
7 0.01605 0.19748
8 0.02087 0.2132
9 0.02604 0.22426
10 0.03152 0.23991
11 0.03727 0.25084
12 0.04326 0.26646
13 0.04946 0.27731
14 0.05586 0.29293
15 0.06244 0.30372
16 0.06919 0.31448
17 0.07473 0.33011
18 0.08076 0.34083
19 0.08939 0.35154
20 0.09659 0.36308
21 0.10118 0.37789
22 0.11127 0.38856
23 0.11757 0.39921
24 0.12533 0.40985
25 0.13391 0.42048
26 0.13955 0.4311
27 0.14998 0.44337
28 0.15446 0.45752
29 0.1659 0.46814
30 0.17108 0.47876
31 0.18172 0.48938
32 0.18886 0.5
33 0.19748 0.51062
34 0.20697 0.52124
35 0.2132 0.53186
36 0.22426 0.54248
37 0.23133 0.55052
38 0.23991 0.55949
39 0.25084 0.5689
40 0.25714 0.57952
41 0.26646 0.59015
42 0.27731 0.60079
43 0.28539 0.61144
44 0.29293 0.62211
45 0.30373 0.63095
46 0.31448 0.63823
47 0.32179 0.64846
48 0.33011 0.65916
49 0.34084 0.66989
50 0.35154 0.67821
51 0.36177 0.68552
52 0.36905 0.69627
53 0.37789 0.70707
54 0.38856 0.71461
55 0.39921 0.72269
56 0.40985 0.73354
57 0.42048 0.74286
58 0.4311 0.74916
59 0.44051 0.76009
60 0.44948 0.76867
61 0.45752 0.77574
62 0.46814 0.7868
63 0.47876 0.79303
64 0.48938 0.80252
65 0.5 0.81114
66 0.51062 0.81828
67 0.52124 0.82892
68 0.53186 0.8341
69 0.54248 0.84554
70 0.55663 0.85002
71 0.5689 0.86045
72 0.57952 0.86609
73 0.59015 0.87467
74 0.60079 0.88243
75 0.61144 0.88873
76 0.62211 0.89882
77 0.63692 0.90341
78 0.64846 0.91061
79 0.65917 0.91924
80 0.66989 0.92527
81 0.68552 0.93081
82 0.69628 0.93756
83 0.70707 0.94414
84 0.72269 0.95054
85 0.73354 0.95674
86 0.74916 0.96273
87 0.76009 0.96848
88 0.77574 0.97396
89 0.7868 0.97913
90 0.80252 0.98395
91 0.81828 0.98835
92 0.8341 0.99225
93 0.85002 0.99552
94 0.8661 0.99802
95 0.88243 0.99953
96 0.90341 0.99999
97 0.92527 1
