0 0 0.18302
1 3e-05 0.2427
2 0.00128 0.28829
3 0.00543 0.33317
4 0.01235 0.36431
5 0.02153 0.39942
6 0.03256 0.43941
7 0.04512 0.46975
8 0.05901 0.5
9 0.07407 0.53025
10 0.09016 0.56059
11 0.1072 0.58563
12 0.12512 0.60766
13 0.14386 0.63569
14 0.16338 0.66683
15 0.18302 0.68429
16 0.19608 0.71171
17 0.22418 0.73259
18 0.2427 0.7573
19 0.26741 0.77582
20 0.28829 0.80392
21 0.31571 0.81698
22 0.33317 0.83662
23 0.36431 0.85614
24 0.39234 0.87488
25 0.41437 0.8928
26 0.43941 0.90984
27 0.46975 0.92593
28 0.5 0.94099
29 0.53025 0.95488
30 0.56059 0.96744
31 0.60058 0.97847
32 0.63569 0.98765
33 0.66683 0.99457
34 0.71171 0.99872
35 0.7573 0.99997
36 0.81698 1
