0 0 0.08645
1 1e-05 0.11174
2 0.00054 0.13603
3 0.00229 0.15493
4 0.00518 0.17354
5 0.00898 0.19197
6 0.0135 0.2103
7 0.0186 0.22324
8 0.0242 0.24142
9 0.03021 0.25959
10 0.03658 0.27227
11 0.04328 0.29041
12 0.05026 0.30298
13 0.05749 0.3155
14 0.06496 0.33363
15 0.07264 0.34609
16 0.08051 0.35852
17 0.08645 0.37115
18 0.09457 0.38909
19 0.10433 0.40147
20 0.11174 0.41382
21 0.1193 0.42616
22 0.13013 0.43849
23 0.13603 0.45081
24 0.14722 0.46311
25 0.15493 0.47548
26 0.16495 0.48829
27 0.17354 0.50074
28 0.18363 0.51284
29 0.19197 0.52465
30 0.20329 0.53689
31 0.2103 0.54919
32 0.22325 0.56151
33 0.22991 0.57383
34 0.24142 0.58617
35 0.25296 0.59853
36 0.25959 0.61091
37 0.27228 0.62019
38 0.28392 0.62923
39 0.29041 0.64148
40 0.30298 0.65391
41 0.3155 0.66637
42 0.32537 0.67463
43 0.33363 0.6845
44 0.34609 0.69702
45 0.35852 0.70959
46 0.37077 0.71608
47 0.37981 0.72772
48 0.38909 0.74041
49 0.40147 0.74704
50 0.41383 0.75858
51 0.42617 0.77009
52 0.43849 0.77675
53 0.45081 0.7897
54 0.46311 0.79671
55 0.47535 0.80803
56 0.48716 0.81637
57 0.49926 0.82646
58 0.51171 0.83505
59 0.52452 0.84507
60 0.53689 0.85278
61 0.54919 0.86397
62 0.56151 0.86987
63 0.57384 0.8807
64 0.58618 0.88826
65 0.59853 0.89567
66 0.61091 0.90543
67 0.62885 0.91355
68 0.64148 0.91949
69 0.65391 0.92736
70 0.66637 0.93504
71 0.6845 0.94251
72 0.69702 0.94974
73 0.70959 0.95672
74 0.72773 0.96342
75 0.74041 0.96979
76 0.75858 0.9758
77 0.77676 0.9814
78 0.7897 0.9865
79 0.80803 0.99102
80 0.82646 0.99482
81 0.84507 0.99771
82 0.86397 0.99946
83 0.88826 0.99999
84 0.91355 1
