0 0 0.14155
1 2e-05 0.18513
2 0.00094 0.21839
3 0.00396 0.2509
4 0.00898 0.28308
5 0.01562 0.3071
6 0.02355 0.33745
7 0.03255 0.35951
8 0.04246 0.39142
9 0.05315 0.41328
10 0.06453 0.43504
11 0.07653 0.45673
12 0.0891 0.47838
13 0.10218 0.5
14 0.11573 0.52162
15 0.12974 0.54326
16 0.14155 0.56496
17 0.15486 0.58672
18 0.17283 0.60858
19 0.18513 0.6231
20 0.20209 0.64048
21 0.21839 0.66254
22 0.23333 0.68274
23 0.2509 0.695
24 0.26794 0.71692
25 0.28308 0.73206
26 0.305 0.7491
27 0.31726 0.76667
28 0.33746 0.78161
29 0.35952 0.79791
30 0.3769 0.81487
31 0.39142 0.82717
32 0.41328 0.84514
33 0.43504 0.85845
34 0.45674 0.87026
35 0.47838 0.88427
36 0.5 0.89782
37 0.52162 0.9109
38 0.54327 0.92347
39 0.56496 0.93547
40 0.58672 0.94685
41 0.60858 0.95754
42 0.64049 0.96745
43 0.66255 0.97645
44 0.6929 0.98438
45 0.71692 0.99102
46 0.7491 0.99604
47 0.78161 0.99906
48 0.81487 0.99998
49 0.85845 1
