0 0 0.09699
1 1e-05 0.12536
2 0.00061 0.14704
3 0.00257 0.17385
4 0.00582 0.19474
5 0.01008 0.21026
6 0.01516 0.23009
7 0.0209 0.25056
8 0.0272 0.26491
9 0.03398 0.28529
10 0.04117 0.29947
11 0.04872 0.31984
12 0.0566 0.33391
13 0.06477 0.34817
14 0.07321 0.36832
15 0.08189 0.38228
16 0.09081 0.39621
17 0.09699 0.4101
18 0.10716 0.42484
19 0.11796 0.44453
20 0.12536 0.45841
21 0.13566 0.47228
22 0.14704 0.48614
23 0.15248 0.5
24 0.16717 0.51386
25 0.17385 0.52772
26 0.1878 0.54159
27 0.19474 0.55547
28 0.2094 0.5651
29 0.21462 0.57664
30 0.23009 0.5899
31 0.24032 0.60379
32 0.25056 0.61772
33 0.26491 0.63168
34 0.27238 0.64271
35 0.28529 0.65222
36 0.29947 0.66609
37 0.30879 0.68016
38 0.31984 0.69121
39 0.33391 0.70053
40 0.34778 0.71471
41 0.35729 0.72762
42 0.36832 0.73509
43 0.38228 0.74944
44 0.39621 0.75968
45 0.4101 0.76991
46 0.42336 0.78538
47 0.4349 0.7906
48 0.44453 0.80526
49 0.45841 0.8122
50 0.47228 0.82615
51 0.48614 0.83283
52 0.5 0.84752
53 0.51386 0.85296
54 0.52772 0.86434
55 0.54159 0.87464
56 0.55547 0.88204
57 0.57516 0.89284
58 0.5899 0.90301
59 0.60379 0.90919
60 0.61772 0.91811
61 0.63168 0.92679
62 0.65183 0.93523
63 0.66609 0.9434
64 0.68016 0.95128
65 0.70053 0.95883
66 0.71471 0.96602
67 0.73509 0.9728
68 0.74944 0.9791
69 0.76991 0.98484
70 0.78974 0.98992
71 0.80526 0.99418
72 0.82615 0.99743
73 0.85296 0.99939
74 0.87464 0.99999
75 0.90301 1
