0 0 0.05588
1 0.00012 0.07903
2 0.0017 0.10152
3 0.005 0.11902
4 0.00947 0.13632
5 0.01477 0.15351
6 0.02067 0.16566
7 0.02705 0.1827
8 0.03382 0.19973
9 0.04092 0.21163
10 0.0483 0.22862
11 0.05588 0.24043
12 0.05762 0.25219
13 0.07016 0.26916
14 0.07903 0.28087
15 0.08248 0.29254
16 0.09508 0.30954
17 0.10152 0.32118
18 0.11146 0.3328
19 0.11902 0.3444
20 0.12877 0.36145
21 0.13632 0.37305
22 0.14712 0.38463
23 0.15352 0.39619
24 0.16566 0.40775
25 0.1715 0.4193
26 0.1827 0.43084
27 0.1934 0.4426
28 0.19973 0.45581
29 0.21164 0.4695
30 0.22204 0.48268
31 0.22862 0.49423
32 0.24043 0.50577
33 0.25219 0.51732
34 0.25877 0.52779
35 0.26916 0.53744
36 0.28087 0.54756
37 0.29254 0.5578
38 0.29988 0.56916
39 0.30954 0.5807
40 0.32118 0.59225
41 0.3328 0.6038
42 0.3444 0.61537
43 0.3533 0.62695
44 0.36145 0.63855
45 0.37305 0.6467
46 0.38463 0.6556
47 0.3962 0.6672
48 0.40775 0.67882
49 0.4193 0.69046
50 0.43084 0.70012
51 0.4422 0.70746
52 0.45244 0.71913
53 0.46256 0.73084
54 0.47221 0.74123
55 0.48268 0.74781
56 0.49423 0.75957
57 0.50577 0.77138
58 0.51732 0.77796
59 0.5305 0.78836
60 0.54419 0.80027
61 0.5574 0.8066
62 0.56916 0.8173
63 0.5807 0.8285
64 0.59225 0.83434
65 0.60381 0.84648
66 0.61537 0.85288
67 0.62695 0.86368
68 0.63855 0.87123
69 0.6556 0.88098
70 0.6672 0.88854
71 0.67882 0.89848
72 0.69046 0.90492
73 0.70746 0.91752
74 0.71913 0.92097
75 0.73084 0.92984
76 0.74781 0.94238
77 0.75957 0.94412
78 0.77138 0.9517
79 0.78837 0.95908
80 0.80027 0.96618
81 0.8173 0.97295
82 0.83434 0.97933
83 0.84649 0.98523
84 0.86368 0.99053
85 0.88098 0.995
86 0.89848 0.9983
87 0.92097 0.99988
88 0.94412 1
