0 0 0.03767
1 0.00133 0.0572
2 0.00675 0.07618
3 0.01403 0.09498
4 0.02226 0.1137
5 0.03111 0.12683
6 0.03767 0.14546
7 0.04693 0.15844
8 0.05721 0.17706
9 0.06411 0.18994
10 0.07618 0.20278
11 0.0843 0.22142
12 0.09498 0.23422
13 0.10656 0.24699
14 0.1137 0.25974
15 0.12683 0.27842
16 0.13683 0.29115
17 0.14547 0.30387
18 0.15844 0.31657
19 0.17019 0.32927
20 0.17706 0.34195
21 0.18994 0.36072
22 0.20278 0.3734
23 0.21403 0.38608
24 0.22142 0.39876
25 0.23422 0.41142
26 0.24699 0.42408
27 0.25974 0.43674
28 0.27066 0.4494
29 0.27842 0.46205
30 0.29115 0.4747
31 0.30387 0.48735
32 0.31658 0.5
33 0.32927 0.51265
34 0.34195 0.5253
35 0.35318 0.53795
36 0.36072 0.5506
37 0.37341 0.56326
38 0.38608 0.57591
39 0.39876 0.58858
40 0.41142 0.60124
41 0.42409 0.61392
42 0.43674 0.62659
43 0.4494 0.63928
44 0.46205 0.64682
45 0.4747 0.65805
46 0.48735 0.67073
47 0.5 0.68342
48 0.51265 0.69613
49 0.5253 0.70885
50 0.53795 0.72158
51 0.5506 0.72934
52 0.56326 0.74026
53 0.57592 0.75301
54 0.58858 0.76578
55 0.60124 0.77858
56 0.61392 0.78597
57 0.6266 0.79722
58 0.63928 0.81006
59 0.65805 0.82294
60 0.67073 0.82981
61 0.68343 0.84156
62 0.69613 0.85453
63 0.70885 0.86317
64 0.72158 0.87317
65 0.74026 0.8863
66 0.75301 0.89344
67 0.76578 0.90502
68 0.77858 0.9157
69 0.79722 0.92382
70 0.81006 0.93589
71 0.82294 0.94279
72 0.84156 0.95307
73 0.85454 0.96233
74 0.87317 0.96889
75 0.8863 0.97774
76 0.90502 0.98597
77 0.92382 0.99325
78 0.9428 0.99867
79 0.96233 1
