0 0 0.06337
1 0.00097 0.10052
2 0.00675 0.12919
3 0.0156 0.1575
4 0.02619 0.17738
5 0.03791 0.20537
6 0.05047 0.22487
7 0.06337 0.25281
8 0.0681 0.27212
9 0.08892 0.29325
10 0.10052 0.31933
11 0.1159 0.33848
12 0.12919 0.35758
13 0.14583 0.37664
14 0.1575 0.39676
15 0.17738 0.42389
16 0.18706 0.44293
17 0.20537 0.46196
18 0.22487 0.48098
19 0.23526 0.5
20 0.25281 0.51902
21 0.27212 0.53804
22 0.29067 0.55707
23 0.30062 0.57611
24 0.31933 0.59018
25 0.33848 0.60502
26 0.35758 0.62336
27 0.37664 0.64242
28 0.39498 0.66152
29 0.40982 0.68067
30 0.42389 0.69938
31 0.44293 0.70933
32 0.46196 0.72788
33 0.48098 0.74719
34 0.5 0.76474
35 0.51902 0.77513
36 0.53804 0.79463
37 0.55707 0.81294
38 0.57611 0.82262
39 0.60324 0.8425
40 0.62336 0.85417
41 0.64242 0.87081
42 0.66152 0.8841
43 0.68067 0.89948
44 0.70675 0.91108
45 0.72788 0.9319
46 0.74719 0.93663
47 0.77513 0.94953
48 0.79463 0.96209
49 0.82262 0.97381
50 0.8425 0.9844
51 0.87081 0.99325
52 0.89948 0.99903
53 0.93663 1
