0 0 0.0674
1 0.00014 0.09533
2 0.00205 0.12248
3 0.00604 0.1436
4 0.01145 0.1645
5 0.01786 0.17926
6 0.02502 0.19989
7 0.03276 0.22049
8 0.04098 0.23489
9 0.04961 0.25054
10 0.05858 0.2697
11 0.0674 0.2839
12 0.07193 0.30444
13 0.08548 0.31857
14 0.09533 0.33265
15 0.1023 0.3467
16 0.11606 0.36731
17 0.12248 0.38134
18 0.13653 0.39534
19 0.1436 0.40933
20 0.15814 0.42331
21 0.1645 0.43727
22 0.17926 0.45122
23 0.18839 0.46516
24 0.19989 0.4791
25 0.2138 0.49337
26 0.2205 0.5073
27 0.23489 0.5209
28 0.24882 0.53484
29 0.2548 0.54878
30 0.2697 0.56273
31 0.2839 0.57669
32 0.29585 0.59067
33 0.30444 0.60465
34 0.31857 0.61866
35 0.33265 0.63269
36 0.3467 0.64216
37 0.35784 0.6533
38 0.36731 0.66735
39 0.38134 0.68143
40 0.39535 0.69556
41 0.40933 0.70415
42 0.42331 0.7161
43 0.43727 0.7303
44 0.45122 0.7452
45 0.46516 0.75118
46 0.4791 0.76511
47 0.4927 0.7795
48 0.50663 0.7862
49 0.5209 0.80011
50 0.53484 0.81161
51 0.54878 0.82074
52 0.56273 0.8355
53 0.57669 0.84186
54 0.59067 0.8564
55 0.60466 0.86347
56 0.61866 0.87752
57 0.63269 0.88394
58 0.6533 0.8977
59 0.66735 0.90467
60 0.68143 0.91452
61 0.69556 0.92807
62 0.7161 0.9326
63 0.7303 0.94142
64 0.74946 0.95039
65 0.76511 0.95902
66 0.77951 0.96724
67 0.80011 0.97498
68 0.82074 0.98214
69 0.8355 0.98855
70 0.8564 0.99396
71 0.87752 0.99795
72 0.90467 0.99986
73 0.9326 1
