0 0 0.06227
1 0.00013 0.08806
2 0.00189 0.11313
3 0.00558 0.13264
4 0.01057 0.15193
5 0.01648 0.16558
6 0.02307 0.18462
7 0.03021 0.20364
8 0.03778 0.21694
9 0.04573 0.2359
10 0.05398 0.24908
11 0.06227 0.26802
12 0.06566 0.28112
13 0.07861 0.29417
14 0.08806 0.31314
15 0.09351 0.32614
16 0.10666 0.33912
17 0.11313 0.35207
18 0.12528 0.36669
19 0.13264 0.38404
20 0.14497 0.39697
21 0.15193 0.40988
22 0.16558 0.42277
23 0.1704 0.43566
24 0.18462 0.44854
25 0.19515 0.46141
26 0.20364 0.47427
27 0.21694 0.48714
28 0.22631 0.5
29 0.2359 0.51286
30 0.24908 0.52572
31 0.26027 0.53859
32 0.26802 0.55146
33 0.28112 0.56434
34 0.29417 0.57723
35 0.30517 0.59012
36 0.31314 0.60303
37 0.32614 0.61596
38 0.33912 0.62724
39 0.35207 0.63584
40 0.36416 0.64793
41 0.37276 0.66088
42 0.38404 0.67386
43 0.39697 0.68686
44 0.40988 0.69483
45 0.42277 0.70583
46 0.43566 0.71888
47 0.44854 0.73198
48 0.46141 0.73973
49 0.47428 0.75092
50 0.48714 0.7641
51 0.5 0.77369
52 0.51286 0.78306
53 0.52573 0.79636
54 0.53859 0.80485
55 0.55146 0.81538
56 0.56434 0.8296
57 0.57723 0.83442
58 0.59012 0.84807
59 0.60303 0.85503
60 0.61596 0.86736
61 0.63331 0.87472
62 0.64793 0.88687
63 0.66088 0.89334
64 0.67386 0.90649
65 0.68686 0.91194
66 0.70583 0.92139
67 0.71888 0.93434
68 0.73198 0.93773
69 0.75092 0.94602
70 0.7641 0.95427
71 0.78306 0.96222
72 0.79636 0.96979
73 0.81538 0.97693
74 0.83442 0.98352
75 0.84807 0.98943
76 0.86736 0.99442
77 0.88687 0.99811
78 0.91194 0.99987
79 0.93773 1
