0 0 0.0932
1 1e-05 0.12046
2 0.00059 0.14667
3 0.00247 0.16705
4 0.00559 0.18712
5 0.00968 0.20701
6 0.01456 0.22108
7 0.02008 0.24074
8 0.02612 0.26037
9 0.03262 0.27409
10 0.03952 0.29367
11 0.04676 0.30726
12 0.05431 0.32077
13 0.06214 0.34034
14 0.07023 0.35379
15 0.07856 0.3672
16 0.0871 0.38346
17 0.0932 0.40021
18 0.10262 0.41356
19 0.11304 0.42689
20 0.12046 0.44021
21 0.12976 0.45351
22 0.14114 0.4668
23 0.14667 0.48008
24 0.15997 0.49336
25 0.16705 0.50664
26 0.17956 0.51992
27 0.18712 0.5332
28 0.20012 0.54649
29 0.20701 0.55979
30 0.22108 0.57311
31 0.22832 0.58644
32 0.24074 0.59979
33 0.25267 0.61219
34 0.26037 0.62082
35 0.27409 0.6328
36 0.28561 0.64621
37 0.29367 0.65966
38 0.30726 0.6705
39 0.32077 0.67923
40 0.3295 0.69274
41 0.34034 0.70633
42 0.35379 0.71439
43 0.3672 0.72591
44 0.37918 0.73963
45 0.38781 0.74733
46 0.40021 0.75926
47 0.41356 0.77168
48 0.42689 0.77892
49 0.44021 0.79299
50 0.45351 0.79988
51 0.4668 0.81288
52 0.48008 0.82044
53 0.49336 0.83295
54 0.50664 0.84003
55 0.51992 0.85333
56 0.5332 0.85886
57 0.54649 0.87024
58 0.55979 0.87954
59 0.57311 0.88696
60 0.58644 0.89738
61 0.59979 0.9068
62 0.61654 0.9129
63 0.6328 0.92144
64 0.64621 0.92977
65 0.65966 0.93786
66 0.67923 0.94569
67 0.69274 0.95324
68 0.70633 0.96048
69 0.72591 0.96738
70 0.73963 0.97388
71 0.75926 0.97992
72 0.77892 0.98544
73 0.79299 0.99032
74 0.81288 0.99441
75 0.83295 0.99753
76 0.85333 0.99941
77 0.87954 0.99999
78 0.9068 1
