0 0 0.07798
1 1e-05 0.10079
2 0.00049 0.12269
3 0.00207 0.13974
4 0.00467 0.15651
5 0.00809 0.17313
6 0.01216 0.18965
7 0.01676 0.2061
8 0.02179 0.21953
9 0.02719 0.23405
10 0.03292 0.2504
11 0.03893 0.26181
12 0.04519 0.27812
13 0.05168 0.28945
14 0.05838 0.30073
15 0.06526 0.31703
16 0.07232 0.32826
17 0.07798 0.33946
18 0.08457 0.3558
19 0.09352 0.36697
20 0.10079 0.37812
21 0.10622 0.38926
22 0.11647 0.40037
23 0.12269 0.41552
24 0.13138 0.42791
25 0.13974 0.43902
26 0.14664 0.45012
27 0.15651 0.46121
28 0.16279 0.4723
29 0.17313 0.48338
30 0.18024 0.49446
31 0.18965 0.50554
32 0.1986 0.51662
33 0.2061 0.5277
34 0.21738 0.53879
35 0.22068 0.54988
36 0.23405 0.56098
37 0.24375 0.57209
38 0.2504 0.58341
39 0.26181 0.59036
40 0.27159 0.59963
41 0.27812 0.61074
42 0.28945 0.62187
43 0.30073 0.63303
44 0.30798 0.6442
45 0.31704 0.65165
46 0.32826 0.66054
47 0.33946 0.67174
48 0.34835 0.68296
49 0.3558 0.69202
50 0.36697 0.69927
51 0.37813 0.71055
52 0.38926 0.72188
53 0.40037 0.72841
54 0.40964 0.73819
55 0.41659 0.7496
56 0.42791 0.75625
57 0.43902 0.76595
58 0.45012 0.77932
59 0.46121 0.78262
60 0.4723 0.7939
61 0.48338 0.8014
62 0.49446 0.81035
63 0.50554 0.81976
64 0.51662 0.82687
65 0.5277 0.83721
66 0.53879 0.84349
67 0.54988 0.85336
68 0.56098 0.86026
69 0.57209 0.86862
70 0.58448 0.87731
71 0.59963 0.88353
72 0.61074 0.89378
73 0.62188 0.89921
74 0.63303 0.90648
75 0.6442 0.91543
76 0.66054 0.92202
77 0.67174 0.92768
78 0.68297 0.93474
79 0.69927 0.94162
80 0.71055 0.94832
81 0.72188 0.95481
82 0.73819 0.96107
83 0.7496 0.96708
84 0.76595 0.97281
85 0.78047 0.97821
86 0.7939 0.98324
87 0.81035 0.98784
88 0.82687 0.99191
89 0.84349 0.99533
90 0.86026 0.99793
91 0.87731 0.99951
92 0.89921 0.99999
93 0.92202 1
