0 0 0.08796
1 0.00018 0.12443
2 0.00267 0.15242
3 0.0079 0.17986
4 0.015 0.20706
5 0.02342 0.23415
6 0.03284 0.25311
7 0.04305 0.28006
8 0.05392 0.29875
9 0.06533 0.31732
10 0.07723 0.34427
11 0.08796 0.36274
12 0.0971 0.38115
13 0.11351 0.39951
14 0.12443 0.41851
15 0.13792 0.4422
16 0.15242 0.46335
17 0.16408 0.48168
18 0.17986 0.5
19 0.19322 0.51832
20 0.20706 0.53665
21 0.2245 0.55381
22 0.23415 0.5674
23 0.25311 0.58265
24 0.2693 0.60049
25 0.28006 0.61885
26 0.29875 0.63726
27 0.31732 0.65573
28 0.331 0.669
29 0.34427 0.68268
30 0.36274 0.70125
31 0.38115 0.71994
32 0.39951 0.7307
33 0.41735 0.74689
34 0.4326 0.76585
35 0.44619 0.7755
36 0.46335 0.79294
37 0.48168 0.80678
38 0.5 0.82014
39 0.51832 0.83592
40 0.53665 0.84758
41 0.5578 0.86208
42 0.58149 0.87557
43 0.60049 0.88649
44 0.61885 0.9029
45 0.63726 0.91204
46 0.65573 0.92277
47 0.68268 0.93467
48 0.70125 0.94608
49 0.71994 0.95695
50 0.74689 0.96716
51 0.76585 0.97658
52 0.79294 0.985
53 0.82014 0.9921
54 0.84758 0.99733
55 0.87557 0.99982
56 0.91204 1
