0 0 0.05398
1 0.00191 0.08195
2 0.00971 0.10915
3 0.0202 0.1361
4 0.0321 0.15499
5 0.04488 0.18175
6 0.05398 0.20034
7 0.06829 0.22709
8 0.08195 0.24554
9 0.09438 0.26392
10 0.10915 0.29072
11 0.12446 0.30905
12 0.1361 0.32733
13 0.155 0.34558
14 0.16626 0.3638
15 0.18175 0.382
16 0.20035 0.40195
17 0.21498 0.42722
18 0.22709 0.44543
19 0.24554 0.46362
20 0.26392 0.48181
21 0.28079 0.5
22 0.29072 0.51819
23 0.30905 0.53638
24 0.32733 0.55457
25 0.34558 0.57278
26 0.3638 0.58682
27 0.382 0.60091
28 0.39909 0.618
29 0.41318 0.6362
30 0.42722 0.65442
31 0.44543 0.67267
32 0.46362 0.69095
33 0.48181 0.70928
34 0.5 0.71921
35 0.51819 0.73608
36 0.53638 0.75446
37 0.55457 0.77291
38 0.57278 0.78502
39 0.59805 0.79965
40 0.618 0.81825
41 0.6362 0.83374
42 0.65442 0.845
43 0.67267 0.8639
44 0.69095 0.87554
45 0.70928 0.89085
46 0.73608 0.90562
47 0.75446 0.91805
48 0.77291 0.93171
49 0.79966 0.94602
50 0.81825 0.95512
51 0.84501 0.9679
52 0.8639 0.9798
53 0.89085 0.99029
54 0.91805 0.99809
55 0.94602 1
