0 0 0.07994
1 0.00284 0.12135
2 0.01447 0.16166
3 0.03016 0.18984
4 0.04799 0.22959
5 0.06722 0.25715
6 0.07994 0.29693
7 0.10356 0.32426
8 0.12135 0.35146
9 0.14494 0.37857
10 0.16166 0.40561
11 0.18984 0.43319
12 0.20557 0.46414
13 0.22959 0.49327
14 0.25715 0.51956
15 0.2804 0.54404
16 0.29693 0.56783
17 0.32426 0.59438
18 0.35146 0.62143
19 0.37857 0.64854
20 0.40562 0.67574
21 0.43217 0.70307
22 0.45596 0.7196
23 0.48044 0.74285
24 0.50673 0.77041
25 0.53586 0.79443
26 0.56681 0.81016
27 0.59439 0.83834
28 0.62143 0.85506
29 0.64854 0.87865
30 0.67574 0.89644
31 0.70307 0.92006
32 0.74285 0.93278
33 0.77041 0.95201
34 0.81016 0.96984
35 0.83834 0.98553
36 0.87865 0.99716
37 0.92006 1
