0 0 0.04126
1 0.00056 0.05866
2 0.00392 0.07538
3 0.00904 0.09188
4 0.01515 0.10827
5 0.0219 0.1246
6 0.0291 0.13608
7 0.03666 0.15233
8 0.04126 0.16367
9 0.05066 0.17991
10 0.05866 0.19117
11 0.06492 0.20741
12 0.07539 0.21862
13 0.08063 0.2298
14 0.09188 0.24606
15 0.09869 0.25721
16 0.10827 0.26835
17 0.11796 0.27946
18 0.1246 0.29186
19 0.13608 0.30686
20 0.14341 0.31795
21 0.15233 0.32903
22 0.16367 0.3401
23 0.17124 0.35116
24 0.17991 0.36319
25 0.19117 0.37858
26 0.20149 0.38964
27 0.20741 0.40069
28 0.21862 0.41174
29 0.22981 0.42278
30 0.24041 0.43382
31 0.24606 0.44485
32 0.25721 0.45588
33 0.26835 0.46691
34 0.27946 0.47794
35 0.29012 0.48897
36 0.29571 0.5
37 0.30686 0.51103
38 0.31795 0.52206
39 0.32903 0.53308
40 0.3401 0.54412
41 0.35116 0.55515
42 0.36171 0.56618
43 0.36929 0.57722
44 0.37858 0.58826
45 0.38964 0.59931
46 0.40069 0.61036
47 0.41174 0.62142
48 0.42278 0.63071
49 0.43382 0.63829
50 0.44485 0.64884
51 0.45588 0.6599
52 0.46692 0.67097
53 0.47794 0.68205
54 0.48897 0.69314
55 0.5 0.70429
56 0.51103 0.70988
57 0.52206 0.72054
58 0.53309 0.73165
59 0.54412 0.74279
60 0.55515 0.75394
61 0.56618 0.75959
62 0.57722 0.77019
63 0.58826 0.78138
64 0.59931 0.79259
65 0.61036 0.79851
66 0.62142 0.80883
67 0.63681 0.82009
68 0.64884 0.82876
69 0.6599 0.83633
70 0.67097 0.84767
71 0.68205 0.85659
72 0.69314 0.86392
73 0.70814 0.8754
74 0.72054 0.88204
75 0.73165 0.89173
76 0.74279 0.90131
77 0.75394 0.90812
78 0.7702 0.91937
79 0.78138 0.92461
80 0.79259 0.93508
81 0.80883 0.94134
82 0.82009 0.94934
83 0.83633 0.95874
84 0.84767 0.96334
85 0.86392 0.9709
86 0.8754 0.9781
87 0.89173 0.98485
88 0.90812 0.99096
89 0.92462 0.99608
90 0.94134 0.99944
91 0.95874 1
