0 0 0.06834
1 0.00014 0.09666
2 0.00208 0.12419
3 0.00612 0.14561
4 0.01161 0.16679
5 0.01811 0.18176
6 0.02537 0.20268
7 0.03323 0.21786
8 0.04157 0.23818
9 0.05032 0.25267
10 0.05943 0.27348
11 0.06834 0.28787
12 0.07307 0.30871
13 0.08674 0.32304
14 0.09666 0.33732
15 0.10391 0.35156
16 0.11779 0.36805
17 0.12419 0.3867
18 0.1386 0.40091
19 0.14561 0.4151
20 0.16056 0.42927
21 0.1668 0.44343
22 0.18176 0.45758
23 0.19155 0.47172
24 0.20268 0.48586
25 0.21722 0.5
26 0.22299 0.51414
27 0.23818 0.52828
28 0.25267 0.54242
29 0.26044 0.55657
30 0.27348 0.57073
31 0.28787 0.5849
32 0.30105 0.59909
33 0.30871 0.6133
34 0.32304 0.62608
35 0.33732 0.63531
36 0.35156 0.64844
37 0.36469 0.66268
38 0.37392 0.67696
39 0.3867 0.69129
40 0.40091 0.69895
41 0.4151 0.71213
42 0.42927 0.72652
43 0.44343 0.73956
44 0.45758 0.74733
45 0.47172 0.76182
46 0.48586 0.77701
47 0.5 0.78278
48 0.51414 0.79732
49 0.52828 0.80845
50 0.54242 0.81824
51 0.55657 0.8332
52 0.57073 0.83944
53 0.5849 0.85439
54 0.59909 0.8614
55 0.6133 0.87581
56 0.63195 0.88221
57 0.64844 0.89609
58 0.66268 0.90334
59 0.67696 0.91326
60 0.69129 0.92693
61 0.71213 0.93166
62 0.72652 0.94057
63 0.74733 0.94968
64 0.76182 0.95843
65 0.78214 0.96677
66 0.79732 0.97463
67 0.81824 0.98189
68 0.83321 0.98839
69 0.85439 0.99388
70 0.87581 0.99792
71 0.90334 0.99986
72 0.93166 1
