0 0 0.05718
1 0.00012 0.08087
2 0.00174 0.10389
3 0.00512 0.1218
4 0.0097 0.13951
5 0.01512 0.1571
6 0.02116 0.16953
7 0.0277 0.18697
8 0.03463 0.2044
9 0.0419 0.21658
10 0.04946 0.23398
11 0.05719 0.24606
12 0.05933 0.25809
13 0.07188 0.27547
14 0.08087 0.28744
15 0.08476 0.29939
16 0.09743 0.3168
17 0.10389 0.32871
18 0.11426 0.3406
19 0.1218 0.35248
20 0.13206 0.36434
21 0.13951 0.38181
22 0.1509 0.39367
23 0.1571 0.40551
24 0.16953 0.41734
25 0.17645 0.42916
26 0.18697 0.44098
27 0.19853 0.45279
28 0.2044 0.4646
29 0.21658 0.4764
30 0.22808 0.4882
31 0.23398 0.5
32 0.24606 0.5118
33 0.25809 0.5236
34 0.26686 0.5354
35 0.27547 0.54721
36 0.28745 0.55902
37 0.29939 0.57084
38 0.30938 0.58266
39 0.3168 0.59449
40 0.32871 0.60633
41 0.34061 0.61819
42 0.35248 0.62685
43 0.36434 0.63566
44 0.37315 0.64752
45 0.38181 0.65939
46 0.39367 0.67129
47 0.40551 0.6832
48 0.41734 0.69062
49 0.42916 0.70061
50 0.44098 0.71255
51 0.45279 0.72453
52 0.4646 0.73314
53 0.4764 0.74191
54 0.4882 0.75394
55 0.5 0.76602
56 0.5118 0.77192
57 0.5236 0.78342
58 0.5354 0.7956
59 0.54721 0.80147
60 0.55902 0.81303
61 0.57084 0.82355
62 0.58266 0.83047
63 0.59449 0.8429
64 0.60633 0.8491
65 0.61819 0.86049
66 0.63566 0.86794
67 0.64752 0.8782
68 0.6594 0.88574
69 0.67129 0.89611
70 0.6832 0.90257
71 0.70061 0.91524
72 0.71256 0.91913
73 0.72453 0.92812
74 0.74191 0.94067
75 0.75394 0.94281
76 0.76602 0.95054
77 0.78342 0.9581
78 0.7956 0.96537
79 0.81303 0.9723
80 0.83047 0.97884
81 0.8429 0.98488
82 0.86049 0.9903
83 0.8782 0.99488
84 0.89611 0.99826
85 0.91913 0.99988
86 0.94282 1
