0 0 0.06715
1 0.00103 0.10652
2 0.00715 0.13691
3 0.01655 0.16692
4 0.02779 0.18798
5 0.04024 0.21766
6 0.05357 0.23832
7 0.06715 0.26797
8 0.07291 0.28843
9 0.09455 0.30879
10 0.10652 0.33852
11 0.12346 0.35882
12 0.13691 0.37907
13 0.15549 0.39928
14 0.16692 0.41946
15 0.18798 0.43961
16 0.20115 0.45975
17 0.21767 0.47988
18 0.23832 0.5
19 0.25368 0.52012
20 0.26797 0.54025
21 0.28843 0.56039
22 0.30879 0.58054
23 0.32653 0.60072
24 0.33852 0.62093
25 0.35882 0.64118
26 0.37907 0.66148
27 0.39928 0.67347
28 0.41946 0.69121
29 0.43961 0.71157
30 0.45975 0.73203
31 0.47988 0.74632
32 0.5 0.76168
33 0.52012 0.78233
34 0.54025 0.79885
35 0.56039 0.81202
36 0.58054 0.83308
37 0.60072 0.84451
38 0.62093 0.86309
39 0.64118 0.87654
40 0.66148 0.89348
41 0.69121 0.90545
42 0.71157 0.92709
43 0.73203 0.93285
44 0.76168 0.94643
45 0.78234 0.95976
46 0.81202 0.97221
47 0.83308 0.98345
48 0.86309 0.99285
49 0.89348 0.99897
50 0.93285 1
