0 0 0.08441
1 1e-05 0.1091
2 0.00053 0.13282
3 0.00224 0.15127
4 0.00506 0.16944
5 0.00876 0.18744
6 0.01318 0.20533
7 0.01816 0.21972
8 0.02362 0.23571
9 0.02948 0.25344
10 0.0357 0.26583
11 0.04223 0.28352
12 0.04904 0.2958
13 0.05609 0.30933
14 0.06337 0.3257
15 0.07086 0.33786
16 0.07854 0.35
17 0.08441 0.36771
18 0.09216 0.37982
19 0.10172 0.3919
20 0.1091 0.40395
21 0.11616 0.416
22 0.12683 0.42991
23 0.13282 0.44587
24 0.14339 0.45791
25 0.15127 0.46994
26 0.16055 0.48197
27 0.16944 0.49399
28 0.17865 0.50601
29 0.18744 0.51803
30 0.19778 0.53006
31 0.20533 0.54209
32 0.21764 0.55412
33 0.22143 0.56353
34 0.23571 0.57325
35 0.24581 0.584
36 0.25344 0.59604
37 0.26583 0.6081
38 0.27564 0.62018
39 0.28352 0.63229
40 0.2958 0.64122
41 0.30753 0.65
42 0.3141 0.66213
43 0.3257 0.6743
44 0.33787 0.6859
45 0.35 0.69247
46 0.35878 0.7042
47 0.36771 0.71648
48 0.37982 0.72436
49 0.3919 0.73417
50 0.40396 0.74656
51 0.416 0.75419
52 0.42675 0.76429
53 0.43647 0.77857
54 0.44588 0.78236
55 0.45791 0.79467
56 0.46994 0.80222
57 0.48197 0.81256
58 0.49399 0.82135
59 0.50601 0.83056
60 0.51803 0.83945
61 0.53006 0.84873
62 0.54209 0.85661
63 0.55413 0.86718
64 0.57009 0.87317
65 0.584 0.88384
66 0.59605 0.8909
67 0.6081 0.89828
68 0.62018 0.90784
69 0.63229 0.91559
70 0.65 0.92146
71 0.66214 0.92914
72 0.6743 0.93663
73 0.69067 0.94391
74 0.7042 0.95096
75 0.71648 0.95777
76 0.73417 0.9643
77 0.74656 0.97052
78 0.76429 0.97638
79 0.78028 0.98184
80 0.79467 0.98682
81 0.81256 0.99124
82 0.83056 0.99494
83 0.84873 0.99776
84 0.86718 0.99947
85 0.8909 0.99999
86 0.91559 1
