0 0 0.12814
1 2e-05 0.16755
2 0.00085 0.19972
3 0.00359 0.23106
4 0.00813 0.25608
5 0.01412 0.28497
6 0.02128 0.31383
7 0.0294 0.33389
8 0.03832 0.35376
9 0.04794 0.38254
10 0.05818 0.40226
11 0.06896 0.4219
12 0.08023 0.44148
13 0.09195 0.46101
14 0.10409 0.48081
15 0.11662 0.50071
16 0.12814 0.51976
17 0.13779 0.53899
18 0.15472 0.55852
19 0.16756 0.5781
20 0.17952 0.59774
21 0.19728 0.61746
22 0.20323 0.63133
23 0.22638 0.64624
24 0.23181 0.66611
25 0.25608 0.68617
26 0.26858 0.6963
27 0.28498 0.71503
28 0.3037 0.73142
29 0.31383 0.74392
30 0.33389 0.76819
31 0.35376 0.77362
32 0.36867 0.79677
33 0.38254 0.80272
34 0.40226 0.82048
35 0.4219 0.83244
36 0.44148 0.84528
37 0.46101 0.86221
38 0.48024 0.87186
39 0.49929 0.88338
40 0.51919 0.89591
41 0.53899 0.90805
42 0.55852 0.91977
43 0.5781 0.93104
44 0.59774 0.94182
45 0.61746 0.95206
46 0.64624 0.96168
47 0.66611 0.9706
48 0.68617 0.97872
49 0.71503 0.98588
50 0.74392 0.99187
51 0.76894 0.99641
52 0.80028 0.99915
53 0.83245 0.99998
54 0.87186 1
