0 0 0.07295
1 0.00112 0.11575
2 0.00778 0.14877
3 0.01801 0.1814
4 0.03025 0.20426
5 0.04382 0.23656
6 0.05836 0.25899
7 0.07295 0.28251
8 0.0803 0.31351
9 0.10327 0.33563
10 0.11575 0.35768
11 0.13518 0.37966
12 0.14878 0.41216
13 0.17047 0.43415
14 0.1814 0.45611
15 0.20426 0.47806
16 0.22229 0.5
17 0.23656 0.52194
18 0.25899 0.54389
19 0.2808 0.56585
20 0.29246 0.58784
21 0.31351 0.60228
22 0.33564 0.62033
23 0.35768 0.64232
24 0.37967 0.66436
25 0.39772 0.68649
26 0.41216 0.70754
27 0.43415 0.7192
28 0.45611 0.74101
29 0.47806 0.76344
30 0.5 0.77771
31 0.52194 0.79574
32 0.54389 0.8186
33 0.56585 0.82953
34 0.58784 0.85122
35 0.62034 0.86482
36 0.64232 0.88425
37 0.66437 0.89673
38 0.68649 0.9197
39 0.71749 0.92705
40 0.74101 0.94164
41 0.76344 0.95618
42 0.79574 0.96975
43 0.8186 0.98199
44 0.85123 0.99222
45 0.88425 0.99888
46 0.92705 1
