0 0 0.20692
1 3e-05 0.26726
2 0.00144 0.3123
3 0.00613 0.36244
4 0.01396 0.39776
5 0.02438 0.44814
6 0.0369 0.48274
7 0.05122 0.51726
8 0.06707 0.55186
9 0.08429 0.57545
10 0.10274 0.60281
11 0.12233 0.63756
12 0.14297 0.6675
13 0.16461 0.68843
14 0.18722 0.72845
15 0.20692 0.74094
16 0.22985 0.77015
17 0.25906 0.79308
18 0.27155 0.81278
19 0.31157 0.83539
20 0.3325 0.85703
21 0.36244 0.87767
22 0.39719 0.89726
23 0.42455 0.91571
24 0.44814 0.93293
25 0.48274 0.94878
26 0.51726 0.9631
27 0.55186 0.97562
28 0.60224 0.98604
29 0.63756 0.99387
30 0.6877 0.99856
31 0.73274 0.99997
32 0.79308 1
