0 0 0.10879
1 2e-05 0.14061
2 0.00068 0.16492
3 0.00288 0.1886
4 0.00652 0.21194
5 0.01131 0.23511
6 0.01702 0.25819
7 0.02349 0.27437
8 0.03058 0.29731
9 0.03822 0.31326
10 0.04632 0.33619
11 0.05485 0.352
12 0.06374 0.36774
13 0.07298 0.38489
14 0.08253 0.40643
15 0.09236 0.42208
16 0.10246 0.4377
17 0.10879 0.45329
18 0.12145 0.46887
19 0.13344 0.48444
20 0.14061 0.5
21 0.15416 0.51556
22 0.16492 0.53113
23 0.17535 0.5467
24 0.1886 0.5623
25 0.19791 0.57792
26 0.21194 0.59357
27 0.22268 0.60607
28 0.23511 0.61741
29 0.24894 0.63225
30 0.25819 0.648
31 0.27437 0.66381
32 0.28592 0.6734
33 0.29731 0.68674
34 0.31326 0.70269
35 0.3266 0.71408
36 0.33619 0.72563
37 0.352 0.74181
38 0.36775 0.75106
39 0.38259 0.76489
40 0.39393 0.77732
41 0.40643 0.78806
42 0.42208 0.80209
43 0.4377 0.8114
44 0.4533 0.82465
45 0.46887 0.83508
46 0.48444 0.84584
47 0.5 0.85939
48 0.51556 0.86656
49 0.53113 0.87855
50 0.54671 0.89121
51 0.5623 0.89754
52 0.57792 0.90764
53 0.59357 0.91747
54 0.61511 0.92702
55 0.63226 0.93626
56 0.648 0.94515
57 0.66381 0.95368
58 0.68674 0.96178
59 0.70269 0.96942
60 0.72563 0.97651
61 0.74181 0.98298
62 0.76489 0.98869
63 0.78806 0.99348
64 0.8114 0.99712
65 0.83508 0.99932
66 0.85939 0.99998
67 0.89121 1
