0 0 0.12576
1 2e-05 0.16444
2 0.00083 0.20182
3 0.00352 0.23084
4 0.00798 0.2513
5 0.01386 0.27964
6 0.02088 0.30792
7 0.02884 0.32761
8 0.03759 0.34983
9 0.04702 0.3753
10 0.05705 0.39465
11 0.06762 0.41391
12 0.07866 0.43399
13 0.09015 0.45682
14 0.10204 0.48079
15 0.1143 0.5
16 0.12576 0.51921
17 0.13475 0.53481
18 0.15154 0.55105
19 0.16444 0.56756
20 0.17549 0.58609
21 0.19315 0.60535
22 0.20182 0.6247
23 0.22152 0.64231
24 0.23084 0.65409
25 0.2513 0.67239
26 0.26162 0.69207
27 0.27964 0.70338
28 0.29662 0.72036
29 0.30793 0.73838
30 0.32761 0.7487
31 0.34591 0.76916
32 0.35769 0.77848
33 0.3753 0.79818
34 0.39465 0.80685
35 0.41391 0.82451
36 0.43244 0.83556
37 0.44895 0.84846
38 0.46519 0.86525
39 0.48079 0.87424
40 0.5 0.8857
41 0.51921 0.89796
42 0.54318 0.90985
43 0.56601 0.92134
44 0.58609 0.93238
45 0.60535 0.94295
46 0.6247 0.95298
47 0.65017 0.96241
48 0.67239 0.97116
49 0.69208 0.97912
50 0.72036 0.98614
51 0.7487 0.99202
52 0.76916 0.99648
53 0.79818 0.99917
54 0.83556 0.99998
55 0.87424 1
