0 0 0.04266
1 0.00058 0.06065
2 0.00405 0.07795
3 0.00936 0.095
4 0.01567 0.11195
5 0.02265 0.12884
6 0.03011 0.1407
7 0.03793 0.15751
8 0.04266 0.16924
9 0.05244 0.18603
10 0.06065 0.19768
11 0.06728 0.20928
12 0.07795 0.22607
13 0.08365 0.23763
14 0.095 0.24916
15 0.10237 0.26598
16 0.11195 0.27749
17 0.1223 0.28898
18 0.12884 0.30046
19 0.1407 0.31732
20 0.14896 0.32879
21 0.15752 0.34024
22 0.16924 0.35169
23 0.17801 0.36313
24 0.18603 0.37456
25 0.19768 0.38598
26 0.20928 0.39951
27 0.21413 0.41438
28 0.22607 0.4258
29 0.23763 0.43722
30 0.24916 0.44864
31 0.25672 0.46006
32 0.26598 0.47147
33 0.27749 0.48288
34 0.28898 0.49429
35 0.30046 0.50571
36 0.31016 0.51712
37 0.31732 0.52853
38 0.32879 0.53994
39 0.34025 0.55136
40 0.35169 0.56278
41 0.36313 0.5742
42 0.37456 0.58562
43 0.38599 0.59556
44 0.39624 0.60376
45 0.40444 0.61401
46 0.41438 0.62544
47 0.4258 0.63687
48 0.43722 0.64831
49 0.44864 0.65975
50 0.46006 0.67121
51 0.47147 0.68268
52 0.48288 0.68984
53 0.49429 0.69954
54 0.50571 0.71102
55 0.51712 0.72251
56 0.52853 0.73402
57 0.53994 0.74328
58 0.55136 0.75084
59 0.56278 0.76237
60 0.5742 0.77393
61 0.58562 0.78587
62 0.60049 0.79072
63 0.61402 0.80232
64 0.62544 0.81397
65 0.63687 0.82199
66 0.64831 0.83076
67 0.65976 0.84248
68 0.67121 0.85104
69 0.68268 0.8593
70 0.69954 0.87116
71 0.71102 0.8777
72 0.72251 0.88805
73 0.73402 0.89763
74 0.75084 0.905
75 0.76237 0.91635
76 0.77393 0.92205
77 0.79072 0.93272
78 0.80232 0.93935
79 0.81397 0.94756
80 0.83076 0.95734
81 0.84249 0.96207
82 0.8593 0.96989
83 0.87116 0.97735
84 0.88805 0.98433
85 0.905 0.99064
86 0.92205 0.99595
87 0.93935 0.99942
88 0.95734 1
