0 0 0.11129
1 2e-05 0.14661
2 0.00074 0.17851
3 0.00312 0.20414
4 0.00706 0.22944
5 0.01225 0.25455
6 0.01844 0.2722
7 0.02546 0.29709
8 0.03316 0.31442
9 0.04145 0.33928
10 0.05026 0.35644
11 0.05953 0.3735
12 0.06921 0.39843
13 0.07927 0.41544
14 0.08967 0.4324
15 0.10039 0.44933
16 0.11129 0.46623
17 0.11573 0.48312
18 0.13243 0.5
19 0.14535 0.51688
20 0.14924 0.53377
21 0.16839 0.55067
22 0.17851 0.5676
23 0.1923 0.58456
24 0.20414 0.60157
25 0.21779 0.61199
26 0.22944 0.6265
27 0.24504 0.64356
28 0.25455 0.66072
29 0.2722 0.67251
30 0.28413 0.68558
31 0.2971 0.7029
32 0.31442 0.71587
33 0.32749 0.7278
34 0.33928 0.74545
35 0.35644 0.75496
36 0.3735 0.77056
37 0.38801 0.78221
38 0.39843 0.79586
39 0.41544 0.8077
40 0.4324 0.82149
41 0.44933 0.83161
42 0.46623 0.85076
43 0.48312 0.85465
44 0.5 0.86757
45 0.51688 0.88427
46 0.53377 0.88871
47 0.55067 0.89961
48 0.5676 0.91033
49 0.58456 0.92073
50 0.60157 0.93079
51 0.6265 0.94047
52 0.64356 0.94974
53 0.66072 0.95855
54 0.68558 0.96684
55 0.70291 0.97454
56 0.7278 0.98156
57 0.74545 0.98775
58 0.77056 0.99294
59 0.79586 0.99688
60 0.82149 0.99926
61 0.85339 0.99998
62 0.88871 1
