0 0 0.06586
1 0.00234 0.09998
2 0.01188 0.13317
3 0.02474 0.1661
4 0.03933 0.18911
5 0.05504 0.22182
6 0.06586 0.24449
7 0.08424 0.26701
8 0.09998 0.29974
9 0.11717 0.32216
10 0.13317 0.34451
11 0.15471 0.36681
12 0.1661 0.38906
13 0.18911 0.41128
14 0.20956 0.43476
15 0.22183 0.46082
16 0.24449 0.48678
17 0.26701 0.50946
18 0.28663 0.52886
19 0.29975 0.54816
20 0.32216 0.56746
21 0.34451 0.58872
22 0.36681 0.61094
23 0.38906 0.63319
24 0.41128 0.65549
25 0.43254 0.67784
26 0.45184 0.70025
27 0.47114 0.71337
28 0.49054 0.73299
29 0.51322 0.75551
30 0.53918 0.77817
31 0.56524 0.79044
32 0.58872 0.81089
33 0.61094 0.8339
34 0.63319 0.84529
35 0.65549 0.86683
36 0.67784 0.88283
37 0.70026 0.90002
38 0.73299 0.91576
39 0.75551 0.93414
40 0.77818 0.94496
41 0.81089 0.96067
42 0.8339 0.97526
43 0.86683 0.98812
44 0.90002 0.99766
45 0.93414 1
