0 0 0.06108
1 0.00093 0.09688
2 0.0065 0.12451
3 0.01503 0.15179
4 0.02522 0.17095
5 0.03651 0.19792
6 0.04859 0.22032
7 0.06108 0.24363
8 0.06516 0.26224
9 0.08553 0.2892
10 0.09688 0.30772
11 0.11135 0.32617
12 0.12451 0.34458
13 0.14002 0.36546
14 0.15179 0.39005
15 0.17095 0.40841
16 0.17802 0.42675
17 0.19792 0.44508
18 0.21616 0.46339
19 0.22111 0.4817
20 0.24363 0.5
21 0.26224 0.5183
22 0.27776 0.53661
23 0.2892 0.55492
24 0.30772 0.57325
25 0.32617 0.59159
26 0.34458 0.60995
27 0.36171 0.62613
28 0.37387 0.63829
29 0.39005 0.65542
30 0.40841 0.67383
31 0.42675 0.69228
32 0.44508 0.7108
33 0.46339 0.72224
34 0.4817 0.73776
35 0.5 0.75637
36 0.5183 0.77889
37 0.53661 0.78384
38 0.55492 0.80208
39 0.57325 0.82198
40 0.59159 0.82905
41 0.60995 0.84821
42 0.63454 0.85998
43 0.65542 0.87549
44 0.67383 0.88865
45 0.69228 0.90312
46 0.7108 0.91447
47 0.73776 0.93484
48 0.75637 0.93892
49 0.77968 0.95141
50 0.80208 0.96349
51 0.82905 0.97478
52 0.84821 0.98497
53 0.87549 0.9935
54 0.90312 0.99907
55 0.93892 1
