0 0 0.0583
1 0.00011 0.07642
2 0.00164 0.09816
3 0.00483 0.11508
4 0.00916 0.13181
5 0.01427 0.14843
6 0.01998 0.16018
7 0.02614 0.17665
8 0.03268 0.19311
9 0.03954 0.20462
10 0.04666 0.22104
11 0.05402 0.23246
12 0.0583 0.24888
13 0.06773 0.26023
14 0.07642 0.27155
15 0.07921 0.28797
16 0.09176 0.29925
17 0.09816 0.31051
18 0.10749 0.32175
19 0.11508 0.3382
20 0.12412 0.34943
21 0.13181 0.36063
22 0.14179 0.37183
23 0.14843 0.38301
24 0.16018 0.39473
25 0.16406 0.41073
26 0.17665 0.4219
27 0.18612 0.43307
28 0.19311 0.44424
29 0.20462 0.45539
30 0.21342 0.46655
31 0.22104 0.4777
32 0.23246 0.48885
33 0.24268 0.5
34 0.24888 0.51115
35 0.26023 0.5223
36 0.27155 0.53345
37 0.28096 0.54461
38 0.28797 0.55576
39 0.29925 0.56693
40 0.31051 0.5781
41 0.32175 0.58927
42 0.33009 0.59753
43 0.33821 0.60616
44 0.34943 0.61699
45 0.36064 0.62817
46 0.37183 0.63936
47 0.38301 0.65057
48 0.39384 0.66179
49 0.40247 0.66991
50 0.41073 0.67825
51 0.4219 0.68949
52 0.43307 0.70075
53 0.44424 0.71203
54 0.45539 0.71904
55 0.46655 0.72845
56 0.4777 0.73977
57 0.48885 0.75112
58 0.5 0.75732
59 0.51115 0.76754
60 0.5223 0.77896
61 0.53345 0.78658
62 0.54461 0.79538
63 0.55576 0.80689
64 0.56693 0.81388
65 0.5781 0.82335
66 0.58927 0.83594
67 0.60527 0.83982
68 0.61699 0.85157
69 0.62817 0.85821
70 0.63937 0.86819
71 0.65057 0.87588
72 0.6618 0.88492
73 0.67825 0.89251
74 0.68949 0.90184
75 0.70075 0.90824
76 0.71203 0.92079
77 0.72845 0.92358
78 0.73977 0.93227
79 0.75112 0.9417
80 0.76754 0.94598
81 0.77896 0.95334
82 0.79538 0.96046
83 0.80689 0.96732
84 0.82335 0.97386
85 0.83982 0.98002
86 0.85157 0.98573
87 0.86819 0.99084
88 0.88492 0.99517
89 0.90184 0.99836
90 0.92358 0.99989
91 0.9417 1
