0 0 0.09477
1 0.00019 0.13408
2 0.00288 0.16423
3 0.00852 0.19381
4 0.01617 0.22315
5 0.02527 0.24372
6 0.03545 0.2728
7 0.04649 0.293
8 0.05824 0.32205
9 0.0706 0.34207
10 0.08348 0.36198
11 0.09477 0.38401
12 0.10555 0.41102
13 0.12298 0.43084
14 0.13408 0.45062
15 0.14992 0.47038
16 0.16423 0.49013
17 0.179 0.50987
18 0.19382 0.52962
19 0.21091 0.54938
20 0.22315 0.56916
21 0.24372 0.58898
22 0.25601 0.60515
23 0.2728 0.61939
24 0.293 0.63802
25 0.30799 0.65793
26 0.32205 0.67795
27 0.34207 0.69201
28 0.36198 0.707
29 0.38061 0.7272
30 0.39485 0.74399
31 0.41102 0.75628
32 0.43084 0.77685
33 0.45062 0.78909
34 0.47038 0.80618
35 0.49013 0.821
36 0.50987 0.83577
37 0.52962 0.85008
38 0.54938 0.86592
39 0.56916 0.87702
40 0.58898 0.89445
41 0.61599 0.90523
42 0.63802 0.91652
43 0.65793 0.9294
44 0.67795 0.94176
45 0.707 0.95351
46 0.7272 0.96455
47 0.75628 0.97473
48 0.77685 0.98383
49 0.80619 0.99148
50 0.83577 0.99712
51 0.86592 0.99981
52 0.90523 1
