0 0 0.03832
1 0.00052 0.05448
2 0.00364 0.07002
3 0.0084 0.08534
4 0.01406 0.10055
5 0.02032 0.11572
6 0.027 0.12638
7 0.034 0.14147
8 0.03832 0.15201
9 0.04693 0.16708
10 0.05448 0.17754
11 0.06 0.19261
12 0.07002 0.20303
13 0.0743 0.21342
14 0.08534 0.2285
15 0.091 0.23886
16 0.10055 0.2492
17 0.10891 0.2643
18 0.11572 0.27463
19 0.12638 0.28494
20 0.1317 0.29524
21 0.14147 0.30553
22 0.15201 0.32068
23 0.15668 0.33097
24 0.16708 0.34125
25 0.17754 0.35152
26 0.18502 0.36178
27 0.19261 0.37204
28 0.20303 0.3823
29 0.21342 0.39254
30 0.21992 0.40778
31 0.2285 0.41804
32 0.23886 0.42829
33 0.2492 0.43854
34 0.25864 0.44878
35 0.2643 0.45903
36 0.27463 0.46927
37 0.28494 0.47952
38 0.29524 0.48976
39 0.30553 0.5
40 0.31411 0.51024
41 0.32068 0.52048
42 0.33097 0.53073
43 0.34125 0.54097
44 0.35152 0.55122
45 0.36178 0.56146
46 0.37204 0.57171
47 0.3823 0.58196
48 0.39255 0.59222
49 0.40066 0.59934
50 0.40778 0.60745
51 0.41804 0.6177
52 0.42829 0.62796
53 0.43854 0.63822
54 0.44878 0.64848
55 0.45903 0.65875
56 0.46927 0.66903
57 0.47952 0.67932
58 0.48976 0.68589
59 0.5 0.69447
60 0.51024 0.70476
61 0.52048 0.71506
62 0.53073 0.72537
63 0.54097 0.7357
64 0.55122 0.74136
65 0.56146 0.7508
66 0.57171 0.76114
67 0.58196 0.7715
68 0.59222 0.78008
69 0.60746 0.78658
70 0.6177 0.79697
71 0.62796 0.80739
72 0.63822 0.81498
73 0.64848 0.82246
74 0.65875 0.83292
75 0.66903 0.84332
76 0.67932 0.84799
77 0.69447 0.85853
78 0.70476 0.8683
79 0.71506 0.87362
80 0.72537 0.88428
81 0.7357 0.89109
82 0.7508 0.89945
83 0.76114 0.909
84 0.7715 0.91466
85 0.78658 0.9257
86 0.79697 0.92998
87 0.80739 0.94
88 0.82246 0.94552
89 0.83292 0.95307
90 0.84799 0.96168
91 0.85853 0.966
92 0.87362 0.973
93 0.88428 0.97968
94 0.89945 0.98594
95 0.91466 0.9916
96 0.92998 0.99636
97 0.94552 0.99948
98 0.96168 1
