0 0 0.10061
1 0.00021 0.14235
2 0.00306 0.17437
3 0.00904 0.2058
4 0.01719 0.23698
5 0.02686 0.25881
6 0.0377 0.28973
7 0.04946 0.31117
8 0.06198 0.33246
9 0.07514 0.36337
10 0.08888 0.38453
11 0.10061 0.40562
12 0.11287 0.42665
13 0.13118 0.44763
14 0.14235 0.46873
15 0.16032 0.49066
16 0.17437 0.51154
17 0.19184 0.53153
18 0.2058 0.55236
19 0.22614 0.57335
20 0.23698 0.59438
21 0.25881 0.61547
22 0.27653 0.63663
23 0.28973 0.65301
24 0.31118 0.66754
25 0.33246 0.68882
26 0.34699 0.71027
27 0.36337 0.72347
28 0.38453 0.74119
29 0.40562 0.76302
30 0.42665 0.77386
31 0.44764 0.7942
32 0.46847 0.80816
33 0.48846 0.82563
34 0.50934 0.83968
35 0.53127 0.85765
36 0.55237 0.86882
37 0.57335 0.88713
38 0.59438 0.89939
39 0.61547 0.91112
40 0.63663 0.92486
41 0.66754 0.93802
42 0.68883 0.95054
43 0.71027 0.9623
44 0.74119 0.97314
45 0.76302 0.98281
46 0.7942 0.99096
47 0.82563 0.99694
48 0.85765 0.99979
49 0.89939 1
