0 0 0.05643
1 0.00011 0.07397
2 0.00159 0.09501
3 0.00468 0.1114
4 0.00886 0.12759
5 0.01381 0.14367
6 0.01933 0.1597
7 0.02529 0.17099
8 0.03161 0.18692
9 0.03824 0.19806
10 0.04513 0.21395
11 0.05224 0.225
12 0.05643 0.24088
13 0.06546 0.25188
14 0.07397 0.26283
15 0.07601 0.27872
16 0.08866 0.28964
17 0.09502 0.30054
18 0.10378 0.31644
19 0.1114 0.32732
20 0.11978 0.33818
21 0.12759 0.34903
22 0.13681 0.35986
23 0.14367 0.37583
24 0.15463 0.38666
25 0.1597 0.39748
26 0.17099 0.40829
27 0.17929 0.4191
28 0.18692 0.4299
29 0.19806 0.44069
30 0.20521 0.45148
31 0.21395 0.46227
32 0.22501 0.47305
33 0.23339 0.48383
34 0.24088 0.49461
35 0.25188 0.50539
36 0.26284 0.51617
37 0.26921 0.52695
38 0.27872 0.53773
39 0.28964 0.54852
40 0.30054 0.55931
41 0.30941 0.5701
42 0.31644 0.5809
43 0.32732 0.5917
44 0.33818 0.60252
45 0.34903 0.61334
46 0.35986 0.62417
47 0.36829 0.63171
48 0.37583 0.64014
49 0.38666 0.65097
50 0.39748 0.66182
51 0.4083 0.67268
52 0.4191 0.68356
53 0.4299 0.69059
54 0.44069 0.69946
55 0.45148 0.71036
56 0.46227 0.72128
57 0.47305 0.73079
58 0.48383 0.73716
59 0.49461 0.74812
60 0.50539 0.75912
61 0.51617 0.76661
62 0.52695 0.77499
63 0.53773 0.78605
64 0.54852 0.79479
65 0.55931 0.80194
66 0.5701 0.81308
67 0.5809 0.82071
68 0.59171 0.82901
69 0.60252 0.8403
70 0.61334 0.84537
71 0.62417 0.85633
72 0.64014 0.86319
73 0.65097 0.87241
74 0.66182 0.88022
75 0.67268 0.8886
76 0.68356 0.89622
77 0.69946 0.90498
78 0.71036 0.91134
79 0.72128 0.92399
80 0.73717 0.92603
81 0.74812 0.93454
82 0.75912 0.94357
83 0.775 0.94776
84 0.78605 0.95487
85 0.80194 0.96176
86 0.81308 0.96839
87 0.82901 0.97471
88 0.8403 0.98067
89 0.85633 0.98619
90 0.87241 0.99114
91 0.8886 0.99532
92 0.90499 0.99841
93 0.92603 0.99989
94 0.94357 1
