0 0 0.06458
1 0.00099 0.10244
2 0.00688 0.13167
3 0.01591 0.16052
4 0.0267 0.18078
5 0.03866 0.20931
6 0.05146 0.22918
7 0.06458 0.25767
8 0.06964 0.27735
9 0.09072 0.29693
10 0.10244 0.32548
11 0.11832 0.345
12 0.13167 0.36447
13 0.14892 0.38389
14 0.16052 0.40329
15 0.18078 0.4242
16 0.19164 0.4515
17 0.20931 0.4709
18 0.22918 0.4903
19 0.24132 0.5097
20 0.25767 0.52909
21 0.27735 0.5485
22 0.29693 0.56227
23 0.30968 0.57842
24 0.32548 0.59671
25 0.345 0.61611
26 0.36447 0.63553
27 0.38389 0.655
28 0.40329 0.67452
29 0.42158 0.69032
30 0.43773 0.70307
31 0.4515 0.72265
32 0.47091 0.74233
33 0.4903 0.75868
34 0.5097 0.77082
35 0.5291 0.79069
36 0.5485 0.80836
37 0.5758 0.81922
38 0.59671 0.83948
39 0.61611 0.85108
40 0.63553 0.86833
41 0.655 0.88168
42 0.67452 0.89756
43 0.70307 0.90928
44 0.72265 0.93036
45 0.74233 0.93542
46 0.77082 0.94854
47 0.79069 0.96134
48 0.81922 0.9733
49 0.83948 0.98409
50 0.86833 0.99312
51 0.89756 0.99901
52 0.93542 1
