0 0 0.07573
1 0.00016 0.10711
2 0.0023 0.1312
3 0.00679 0.15482
4 0.01288 0.1782
5 0.02011 0.20147
6 0.02817 0.22469
7 0.03691 0.24092
8 0.0462 0.26406
9 0.05594 0.28011
10 0.06609 0.29607
11 0.07573 0.3192
12 0.08207 0.33508
13 0.09672 0.35091
14 0.10711 0.36735
15 0.11662 0.38992
16 0.1312 0.4057
17 0.13677 0.42145
18 0.15482 0.43718
19 0.16053 0.4529
20 0.1782 0.4686
21 0.1881 0.4843
22 0.20147 0.5
23 0.21607 0.5157
24 0.22469 0.53139
25 0.24092 0.5471
26 0.2548 0.56282
27 0.26406 0.57855
28 0.28011 0.5943
29 0.29607 0.61008
30 0.30686 0.62234
31 0.3192 0.63366
32 0.33508 0.64909
33 0.35091 0.66492
34 0.36634 0.6808
35 0.37766 0.69314
36 0.38992 0.70393
37 0.4057 0.71989
38 0.42145 0.73594
39 0.43718 0.7452
40 0.4529 0.75908
41 0.46861 0.77531
42 0.4843 0.78393
43 0.5 0.79853
44 0.5157 0.8119
45 0.5314 0.8218
46 0.5471 0.83947
47 0.56282 0.84518
48 0.57855 0.86323
49 0.5943 0.8688
50 0.61008 0.88338
51 0.63265 0.89289
52 0.64909 0.90328
53 0.66492 0.91793
54 0.6808 0.92427
55 0.70393 0.93391
56 0.71989 0.94406
57 0.73594 0.9538
58 0.75908 0.96309
59 0.77531 0.97183
60 0.79853 0.97989
61 0.8218 0.98712
62 0.84518 0.99321
63 0.8688 0.9977
64 0.89289 0.99984
65 0.92427 1
