0 0 0.06649
1 0.00014 0.09403
2 0.00202 0.12082
3 0.00596 0.14165
4 0.01129 0.16226
5 0.01761 0.17683
6 0.02467 0.19717
7 0.0323 0.21749
8 0.04041 0.23169
9 0.04892 0.25196
10 0.05776 0.26603
11 0.06649 0.28003
12 0.07082 0.30029
13 0.08425 0.31422
14 0.09404 0.32811
15 0.10074 0.34279
16 0.11438 0.36228
17 0.12082 0.37612
18 0.13452 0.38994
19 0.14165 0.40373
20 0.15578 0.41751
21 0.16226 0.43128
22 0.17683 0.4459
23 0.18531 0.46172
24 0.19717 0.4781
25 0.21048 0.49311
26 0.21749 0.50689
27 0.2317 0.5199
28 0.24485 0.53139
29 0.25196 0.54346
30 0.26603 0.55564
31 0.28003 0.56872
32 0.2907 0.58249
33 0.30029 0.59627
34 0.31422 0.61006
35 0.32811 0.62388
36 0.34157 0.63772
37 0.35061 0.64939
38 0.36228 0.65843
39 0.37612 0.67189
40 0.38994 0.68578
41 0.40373 0.69971
42 0.41751 0.7093
43 0.43128 0.71997
44 0.44436 0.73397
45 0.45654 0.74804
46 0.46861 0.75515
47 0.4801 0.7683
48 0.49311 0.78251
49 0.50689 0.78952
50 0.5219 0.80283
51 0.53828 0.81469
52 0.5541 0.82317
53 0.56872 0.83774
54 0.58249 0.84422
55 0.59627 0.85835
56 0.61006 0.86548
57 0.62388 0.87918
58 0.63772 0.88562
59 0.65721 0.89926
60 0.67189 0.90596
61 0.68578 0.91575
62 0.69971 0.92918
63 0.71997 0.93351
64 0.73397 0.94224
65 0.74804 0.95108
66 0.76831 0.95959
67 0.78251 0.9677
68 0.80283 0.97533
69 0.82317 0.98239
70 0.83774 0.98871
71 0.85835 0.99404
72 0.87918 0.99798
73 0.90597 0.99986
74 0.93351 1
