0 0 0.11535
1 0.00177 0.16882
2 0.01239 0.22073
3 0.0288 0.27231
4 0.04852 0.30808
5 0.07049 0.3596
6 0.09416 0.39492
7 0.11535 0.43004
8 0.13605 0.46505
9 0.16882 0.5
10 0.18365 0.53495
11 0.22073 0.56996
12 0.24655 0.60508
13 0.27231 0.6404
14 0.30808 0.6609
15 0.3391 0.69192
16 0.3596 0.72769
17 0.39492 0.75345
18 0.43004 0.77927
19 0.46505 0.81635
20 0.5 0.83118
21 0.53495 0.86395
22 0.56996 0.88465
23 0.60508 0.90584
24 0.6404 0.92951
25 0.69192 0.95148
26 0.72769 0.9712
27 0.77927 0.98761
28 0.83118 0.99823
29 0.88465 1
