0 0 0.05766
1 0.00011 0.07558
2 0.00162 0.09709
3 0.00478 0.11383
4 0.00906 0.13037
5 0.01411 0.14681
6 0.01976 0.1591
7 0.02585 0.17472
8 0.03232 0.191
9 0.0391 0.20239
10 0.04614 0.21863
11 0.05341 0.22992
12 0.05766 0.24615
13 0.06695 0.25738
14 0.07559 0.26858
15 0.07814 0.28482
16 0.0907 0.29598
17 0.09709 0.30711
18 0.10622 0.31871
19 0.11383 0.3345
20 0.12264 0.3456
21 0.13037 0.35668
22 0.14009 0.36775
23 0.14681 0.37881
24 0.15833 0.39516
25 0.16125 0.40621
26 0.17472 0.41727
27 0.1838 0.42831
28 0.191 0.43935
29 0.20239 0.45038
30 0.21064 0.46141
31 0.21863 0.47244
32 0.22992 0.48346
33 0.23954 0.49449
34 0.24615 0.50551
35 0.25739 0.51654
36 0.26858 0.52756
37 0.27708 0.53859
38 0.28482 0.54962
39 0.29598 0.56065
40 0.30711 0.57169
41 0.31801 0.58273
42 0.32478 0.59378
43 0.3345 0.60484
44 0.3456 0.61214
45 0.35668 0.62119
46 0.36775 0.63225
47 0.37881 0.64332
48 0.38786 0.6544
49 0.39516 0.6655
50 0.40622 0.67522
51 0.41727 0.68199
52 0.42831 0.69289
53 0.43935 0.70402
54 0.45038 0.71518
55 0.46141 0.72292
56 0.47244 0.73142
57 0.48346 0.74261
58 0.49449 0.75385
59 0.50551 0.76046
60 0.51654 0.77008
61 0.52756 0.78137
62 0.53859 0.78936
63 0.54962 0.79761
64 0.56065 0.809
65 0.57169 0.8162
66 0.58273 0.82528
67 0.59379 0.83875
68 0.60484 0.84167
69 0.62119 0.85319
70 0.63225 0.85991
71 0.64332 0.86963
72 0.6544 0.87736
73 0.6655 0.88617
74 0.68129 0.89378
75 0.69289 0.90291
76 0.70402 0.9093
77 0.71518 0.92186
78 0.73142 0.92441
79 0.74262 0.93305
80 0.75385 0.94234
81 0.77008 0.94659
82 0.78137 0.95386
83 0.79761 0.9609
84 0.809 0.96768
85 0.82528 0.97415
86 0.8409 0.98024
87 0.85319 0.98589
88 0.86963 0.99094
89 0.88617 0.99522
90 0.90291 0.99838
91 0.92442 0.99989
92 0.94234 1
