0 0 0.03911
1 0.00054 0.05561
2 0.00372 0.07147
3 0.00857 0.08711
4 0.01436 0.10264
5 0.02074 0.11812
6 0.02757 0.12901
7 0.03472 0.14441
8 0.03912 0.15517
9 0.04794 0.17055
10 0.05561 0.18124
11 0.06133 0.19662
12 0.07147 0.20725
13 0.07601 0.21786
14 0.08711 0.23325
15 0.09308 0.24383
16 0.10264 0.25438
17 0.11135 0.26492
18 0.11813 0.28035
19 0.12901 0.29088
20 0.13489 0.30139
21 0.14441 0.31189
22 0.15517 0.32239
23 0.16072 0.33787
24 0.17056 0.34836
25 0.18124 0.35884
26 0.18951 0.36932
27 0.19662 0.3798
28 0.20725 0.39026
29 0.21786 0.40073
30 0.22561 0.41119
31 0.23325 0.42224
32 0.24383 0.43723
33 0.25438 0.4477
34 0.26492 0.45816
35 0.2708 0.46862
36 0.28035 0.47908
37 0.29088 0.48954
38 0.30139 0.5
39 0.3119 0.51046
40 0.32239 0.52092
41 0.32921 0.53138
42 0.33787 0.54184
43 0.34836 0.5523
44 0.35885 0.56277
45 0.36932 0.57006
46 0.3798 0.57877
47 0.39027 0.58881
48 0.40073 0.59927
49 0.41119 0.60973
50 0.42123 0.6202
51 0.42994 0.63068
52 0.43723 0.64115
53 0.4477 0.65164
54 0.45816 0.66213
55 0.46862 0.67079
56 0.47908 0.67761
57 0.48954 0.6881
58 0.5 0.69861
59 0.51046 0.70912
60 0.52092 0.71965
61 0.53138 0.7292
62 0.54184 0.73508
63 0.5523 0.74562
64 0.56277 0.75617
65 0.57776 0.76675
66 0.58881 0.77439
67 0.59927 0.78214
68 0.60974 0.79275
69 0.6202 0.80338
70 0.63068 0.81049
71 0.64116 0.81876
72 0.65164 0.82944
73 0.66213 0.83928
74 0.67761 0.84483
75 0.68811 0.85559
76 0.69861 0.86511
77 0.70912 0.87099
78 0.71965 0.88187
79 0.73508 0.88865
80 0.74562 0.89736
81 0.75617 0.90692
82 0.76675 0.91289
83 0.78214 0.92399
84 0.79275 0.92853
85 0.80338 0.93867
86 0.81876 0.94439
87 0.82945 0.95206
88 0.84483 0.96088
89 0.85559 0.96528
90 0.87099 0.97243
91 0.88188 0.97926
92 0.89736 0.98564
93 0.91289 0.99143
94 0.92853 0.99628
95 0.94439 0.99946
96 0.96089 1
