0 0 0.04131
1 0.00146 0.06273
2 0.00741 0.08354
3 0.0154 0.10416
4 0.02445 0.1247
5 0.03416 0.13908
6 0.04131 0.15953
7 0.05164 0.17375
8 0.06273 0.18789
9 0.07076 0.20831
10 0.08354 0.22239
11 0.09312 0.23642
12 0.10416 0.25688
13 0.11761 0.27089
14 0.1247 0.28486
15 0.13908 0.29882
16 0.15152 0.3131
17 0.15953 0.3333
18 0.17375 0.34724
19 0.18789 0.36116
20 0.19532 0.37507
21 0.20832 0.38897
22 0.22239 0.40286
23 0.23642 0.41675
24 0.2465 0.43064
25 0.25688 0.44451
26 0.27089 0.45839
27 0.28486 0.47244
28 0.29882 0.48695
29 0.3126 0.50102
30 0.32119 0.51464
31 0.3333 0.5279
32 0.34724 0.54161
33 0.36116 0.55549
34 0.37507 0.56936
35 0.38897 0.58325
36 0.40287 0.59713
37 0.41675 0.61103
38 0.43064 0.62493
39 0.44451 0.63884
40 0.45839 0.65276
41 0.4721 0.6667
42 0.48536 0.67881
43 0.49898 0.6874
44 0.51305 0.70118
45 0.52756 0.71514
46 0.54161 0.72911
47 0.55549 0.74312
48 0.56936 0.7535
49 0.58325 0.76358
50 0.59714 0.77761
51 0.61103 0.79168
52 0.62493 0.80468
53 0.63884 0.81211
54 0.65276 0.82625
55 0.6667 0.84047
56 0.6869 0.84848
57 0.70118 0.86092
58 0.71514 0.8753
59 0.72911 0.88239
60 0.74312 0.89584
61 0.76358 0.90688
62 0.77761 0.91646
63 0.79169 0.92924
64 0.81211 0.93727
65 0.82625 0.94836
66 0.84047 0.95869
67 0.86092 0.96584
68 0.8753 0.97555
69 0.89584 0.9846
70 0.91646 0.99259
71 0.93727 0.99854
72 0.95869 1
