0 0 0.12345
1 0.00025 0.16648
2 0.00376 0.21411
3 0.01112 0.24166
4 0.02117 0.27985
5 0.03313 0.30722
6 0.04655 0.34449
7 0.06115 0.37069
8 0.07672 0.39673
9 0.09314 0.42755
10 0.1103 0.46106
11 0.12346 0.48703
12 0.14203 0.51297
13 0.16394 0.53893
14 0.17055 0.56005
15 0.20191 0.58047
16 0.21411 0.60327
17 0.24166 0.62931
18 0.25755 0.65551
19 0.27986 0.67838
20 0.30611 0.69389
21 0.32162 0.72014
22 0.34449 0.74245
23 0.37069 0.75834
24 0.39673 0.78589
25 0.41953 0.79809
26 0.43995 0.82945
27 0.46107 0.83606
28 0.48703 0.85797
29 0.51297 0.87654
30 0.53894 0.8897
31 0.57245 0.90686
32 0.60327 0.92328
33 0.62931 0.93885
34 0.65551 0.95345
35 0.69278 0.96687
36 0.72015 0.97883
37 0.75834 0.98888
38 0.78589 0.99624
39 0.83352 0.99975
40 0.87655 1
