0 0 0.08207
1 0.00017 0.11609
2 0.00249 0.1422
3 0.00736 0.16779
4 0.01398 0.19315
5 0.02182 0.2184
6 0.03059 0.23609
7 0.04009 0.26119
8 0.05019 0.27863
9 0.0608 0.30371
10 0.07185 0.32102
11 0.08207 0.33824
12 0.08984 0.36339
13 0.10538 0.38057
14 0.11609 0.3977
15 0.12762 0.4148
16 0.1422 0.43187
17 0.15112 0.44892
18 0.16779 0.46595
19 0.17782 0.48298
20 0.19315 0.5
21 0.20702 0.51702
22 0.2184 0.53405
23 0.23609 0.55108
24 0.24668 0.56813
25 0.26119 0.5852
26 0.27863 0.6023
27 0.29178 0.61943
28 0.30372 0.63661
29 0.32102 0.64674
30 0.33824 0.66176
31 0.35326 0.67898
32 0.36339 0.69628
33 0.38057 0.70822
34 0.3977 0.72137
35 0.4148 0.73881
36 0.43187 0.75332
37 0.44892 0.76391
38 0.46595 0.7816
39 0.48298 0.79298
40 0.5 0.80685
41 0.51702 0.82218
42 0.53405 0.83221
43 0.55108 0.84888
44 0.56813 0.8578
45 0.5852 0.87238
46 0.6023 0.88391
47 0.61943 0.89462
48 0.63661 0.91016
49 0.66176 0.91793
50 0.67898 0.92815
51 0.69629 0.9392
52 0.72137 0.94981
53 0.73881 0.95991
54 0.76391 0.96941
55 0.7816 0.97818
56 0.80685 0.98602
57 0.83221 0.99264
58 0.8578 0.99751
59 0.88391 0.99983
60 0.91793 1
