0 0 0.18845
1 3e-05 0.24996
2 0.00132 0.29696
3 0.00559 0.33415
4 0.01272 0.37536
5 0.02218 0.4069
6 0.03354 0.44289
7 0.04651 0.48034
8 0.06084 0.51235
9 0.07638 0.53902
10 0.09301 0.5653
11 0.11062 0.59309
12 0.12915 0.62464
13 0.14854 0.65449
14 0.16875 0.6722
15 0.18846 0.70304
16 0.20395 0.72262
17 0.23201 0.75004
18 0.24996 0.76799
19 0.27738 0.79605
20 0.29696 0.81154
21 0.3278 0.83125
22 0.34551 0.85146
23 0.37536 0.87085
24 0.40691 0.88938
25 0.4347 0.90699
26 0.46098 0.92362
27 0.48765 0.93916
28 0.51966 0.95349
29 0.55711 0.96646
30 0.5931 0.97782
31 0.62464 0.98728
32 0.66585 0.99441
33 0.70304 0.99868
34 0.75004 0.99997
35 0.81155 1
