0 0 0.1095
1 2e-05 0.14973
2 0.00073 0.17562
3 0.00307 0.20083
4 0.00695 0.22571
5 0.01205 0.25041
6 0.01814 0.26777
7 0.02504 0.29225
8 0.03261 0.3093
9 0.04076 0.33373
10 0.04942 0.3506
11 0.05853 0.36842
12 0.06804 0.39188
13 0.07793 0.4086
14 0.08814 0.42528
15 0.09867 0.44192
16 0.10949 0.45853
17 0.11307 0.47513
18 0.13008 0.49171
19 0.1428 0.50829
20 0.14973 0.52487
21 0.16534 0.54147
22 0.17562 0.55808
23 0.18869 0.57472
24 0.20083 0.5914
25 0.21359 0.60812
26 0.22571 0.62143
27 0.24031 0.63317
28 0.25041 0.64939
29 0.26777 0.66627
30 0.27785 0.68002
31 0.29225 0.6907
32 0.3093 0.70775
33 0.31998 0.72215
34 0.33373 0.73223
35 0.35061 0.74959
36 0.36683 0.75969
37 0.37857 0.77429
38 0.39188 0.78641
39 0.4086 0.79917
40 0.42528 0.81131
41 0.44192 0.82438
42 0.45853 0.83466
43 0.47513 0.85027
44 0.49171 0.8572
45 0.50829 0.86992
46 0.52487 0.88693
47 0.54147 0.89051
48 0.55808 0.90133
49 0.57472 0.91186
50 0.5914 0.92207
51 0.60812 0.93196
52 0.63158 0.94147
53 0.6494 0.95058
54 0.66627 0.95924
55 0.6907 0.96739
56 0.70775 0.97496
57 0.73223 0.98186
58 0.74959 0.98795
59 0.77429 0.99305
60 0.79917 0.99693
61 0.82438 0.99927
62 0.85027 0.99998
63 0.8905 1
