0 0 0.0957
1 0.00146 0.15197
2 0.01025 0.18763
3 0.02377 0.22572
4 0.03999 0.26831
5 0.05802 0.29783
6 0.0774 0.32708
7 0.0957 0.36968
8 0.10977 0.39877
9 0.13825 0.42776
10 0.15198 0.45668
11 0.18249 0.48556
12 0.18924 0.51444
13 0.22572 0.54332
14 0.25008 0.57224
15 0.26831 0.60123
16 0.29783 0.63032
17 0.32708 0.65134
18 0.34866 0.67292
19 0.36968 0.70217
20 0.39877 0.73169
21 0.42776 0.74992
22 0.45668 0.77428
23 0.48556 0.81076
24 0.51444 0.81751
25 0.54332 0.84802
26 0.57224 0.86175
27 0.60123 0.89023
28 0.63032 0.9043
29 0.67292 0.9226
30 0.70217 0.94198
31 0.73169 0.96001
32 0.77428 0.97623
33 0.81237 0.98975
34 0.84803 0.99854
35 0.9043 1
