0 0 0.11706
1 2e-05 0.15305
2 0.00078 0.1878
3 0.00328 0.21478
4 0.00743 0.24141
5 0.01289 0.26017
6 0.01942 0.28642
7 0.0268 0.31267
8 0.03492 0.3309
9 0.04367 0.34899
10 0.05296 0.3752
11 0.06275 0.39317
12 0.07297 0.41107
13 0.08359 0.42892
14 0.09458 0.44672
15 0.10591 0.46621
16 0.11706 0.4853
17 0.12353 0.50339
18 0.14001 0.52048
19 0.15305 0.53694
20 0.1605 0.55327
21 0.1782 0.57108
22 0.1878 0.58892
23 0.20391 0.60683
24 0.21478 0.6248
25 0.23125 0.63704
26 0.24141 0.65101
27 0.26017 0.6691
28 0.26947 0.68733
29 0.28642 0.69677
30 0.30323 0.71358
31 0.31267 0.73053
32 0.3309 0.73983
33 0.34899 0.75859
34 0.36296 0.76875
35 0.3752 0.78522
36 0.39317 0.79609
37 0.41108 0.8122
38 0.42892 0.8218
39 0.44673 0.8395
40 0.46306 0.84695
41 0.47952 0.85999
42 0.49661 0.87647
43 0.5147 0.88294
44 0.53379 0.89409
45 0.55328 0.90542
46 0.57108 0.91641
47 0.58893 0.92703
48 0.60683 0.93725
49 0.6248 0.94704
50 0.65101 0.95633
51 0.6691 0.96508
52 0.68733 0.9732
53 0.71358 0.98058
54 0.73983 0.98711
55 0.75859 0.99257
56 0.78522 0.99672
57 0.8122 0.99922
58 0.84695 0.99998
59 0.88294 1
