0 0 0.04248
1 0.0015 0.06451
2 0.00762 0.08591
3 0.01585 0.10711
4 0.02515 0.12824
5 0.03515 0.14303
6 0.04248 0.16406
7 0.05317 0.17868
8 0.06451 0.19322
9 0.07292 0.21424
10 0.08591 0.22871
11 0.09598 0.24314
12 0.10711 0.26419
13 0.12119 0.27859
14 0.12824 0.29296
15 0.14303 0.30732
16 0.15627 0.32165
17 0.16406 0.34279
18 0.17868 0.35712
19 0.19322 0.37144
20 0.20232 0.38575
21 0.21424 0.40005
22 0.22871 0.41434
23 0.24314 0.42863
24 0.25518 0.44291
25 0.26419 0.45718
26 0.27859 0.47146
27 0.29296 0.48573
28 0.30732 0.5
29 0.32165 0.51427
30 0.33404 0.52854
31 0.34279 0.54282
32 0.35712 0.55709
33 0.37144 0.57137
34 0.38575 0.58566
35 0.40005 0.59995
36 0.41434 0.61425
37 0.42863 0.62856
38 0.44291 0.64288
39 0.45718 0.65721
40 0.47146 0.66596
41 0.48573 0.67835
42 0.5 0.69268
43 0.51427 0.70704
44 0.52854 0.72141
45 0.54282 0.73581
46 0.55709 0.74482
47 0.57137 0.75686
48 0.58566 0.77129
49 0.59995 0.78576
50 0.61425 0.79768
51 0.62856 0.80678
52 0.64288 0.82132
53 0.65721 0.83594
54 0.67835 0.84373
55 0.69268 0.85697
56 0.70704 0.87176
57 0.72141 0.87881
58 0.73581 0.89289
59 0.75686 0.90402
60 0.77129 0.91409
61 0.78576 0.92708
62 0.80678 0.93549
63 0.82132 0.94683
64 0.83594 0.95752
65 0.85697 0.96485
66 0.87176 0.97485
67 0.89289 0.98415
68 0.91409 0.99238
69 0.93549 0.9985
70 0.95752 1
