0 0 0.074
1 0.00263 0.11234
2 0.01338 0.14965
3 0.02787 0.17575
4 0.04433 0.21252
5 0.06207 0.23805
6 0.074 0.27481
7 0.09537 0.30011
8 0.11234 0.32528
9 0.13314 0.35145
10 0.14965 0.38736
11 0.17576 0.41244
12 0.18541 0.43748
13 0.21252 0.4625
14 0.23805 0.4875
15 0.25406 0.5125
16 0.27481 0.5375
17 0.30011 0.56252
18 0.32528 0.58756
19 0.34982 0.61264
20 0.36715 0.63285
21 0.38736 0.65018
22 0.41244 0.67472
23 0.43748 0.69989
24 0.4625 0.72519
25 0.4875 0.74594
26 0.5125 0.76195
27 0.5375 0.78748
28 0.56252 0.81459
29 0.58756 0.82424
30 0.61264 0.85035
31 0.64855 0.86686
32 0.67472 0.88766
33 0.69989 0.90463
34 0.72519 0.926
35 0.76195 0.93793
36 0.78748 0.95567
37 0.82425 0.97213
38 0.85035 0.98662
39 0.88766 0.99737
40 0.926 1
