0 0 0.10716
1 2e-05 0.1385
2 0.00067 0.16245
3 0.00284 0.18577
4 0.00642 0.20876
5 0.01114 0.23158
6 0.01677 0.2543
7 0.02313 0.27024
8 0.03012 0.29283
9 0.03763 0.30854
10 0.04561 0.3311
11 0.054 0.34668
12 0.06275 0.36218
13 0.07184 0.3848
14 0.08124 0.40025
15 0.09091 0.41566
16 0.10084 0.43103
17 0.10716 0.44638
18 0.11946 0.46172
19 0.13129 0.47704
20 0.13851 0.49235
21 0.15159 0.50765
22 0.16245 0.52296
23 0.17225 0.53828
24 0.18577 0.55361
25 0.1942 0.56896
26 0.20876 0.58434
27 0.21852 0.59975
28 0.23158 0.6152
29 0.24444 0.62536
30 0.2543 0.63782
31 0.27024 0.65332
32 0.28018 0.6689
33 0.29283 0.67996
34 0.30854 0.69146
35 0.32004 0.70717
36 0.3311 0.71982
37 0.34668 0.72976
38 0.36218 0.7457
39 0.37464 0.75556
40 0.3848 0.76842
41 0.40025 0.78148
42 0.41566 0.79124
43 0.43104 0.8058
44 0.44639 0.81423
45 0.46172 0.82775
46 0.47704 0.83755
47 0.49235 0.84841
48 0.50765 0.86149
49 0.52296 0.86871
50 0.53828 0.88054
51 0.55362 0.89284
52 0.56897 0.89916
53 0.58434 0.90909
54 0.59975 0.91876
55 0.6152 0.92816
56 0.63782 0.93725
57 0.65332 0.946
58 0.6689 0.95439
59 0.69146 0.96237
60 0.70717 0.96988
61 0.72976 0.97687
62 0.7457 0.98323
63 0.76842 0.98886
64 0.79124 0.99358
65 0.81423 0.99716
66 0.83755 0.99933
67 0.8615 0.99998
68 0.89284 1
