0 0 0.10722
1 0.00022 0.15172
2 0.00326 0.18586
3 0.00965 0.21938
4 0.01834 0.2429
5 0.02867 0.2759
6 0.04025 0.29886
7 0.05282 0.3318
8 0.06622 0.35449
9 0.08032 0.37706
10 0.09503 0.40672
11 0.10722 0.43268
12 0.12122 0.45515
13 0.14055 0.47758
14 0.15173 0.5
15 0.17221 0.52242
16 0.18586 0.54485
17 0.20648 0.56732
18 0.21938 0.58957
19 0.2429 0.60375
20 0.25542 0.62294
21 0.2759 0.64551
22 0.29886 0.6682
23 0.31284 0.68716
24 0.3318 0.70114
25 0.35449 0.7241
26 0.37706 0.74458
27 0.39625 0.7571
28 0.41043 0.78062
29 0.43268 0.79352
30 0.45515 0.81414
31 0.47758 0.82779
32 0.5 0.84827
33 0.52242 0.85945
34 0.54485 0.87878
35 0.56732 0.89278
36 0.59328 0.90497
37 0.62294 0.91968
38 0.64551 0.93378
39 0.6682 0.94718
40 0.70114 0.95975
41 0.7241 0.97133
42 0.7571 0.98166
43 0.78062 0.99035
44 0.81414 0.99674
45 0.84828 0.99978
46 0.89278 1
