0 0 0.05468
1 1e-04 0.07583
2 0.00154 0.09206
3 0.00453 0.10794
4 0.00859 0.12363
5 0.01338 0.13921
6 0.01872 0.15474
7 0.02449 0.16568
8 0.03062 0.18111
9 0.03703 0.19191
10 0.0437 0.2073
11 0.05058 0.21801
12 0.05468 0.23339
13 0.06334 0.24404
14 0.07164 0.25943
15 0.07583 0.27004
16 0.08576 0.28062
17 0.09207 0.29363
18 0.10032 0.30658
19 0.10794 0.31712
20 0.11572 0.32765
21 0.12363 0.33827
22 0.13215 0.3536
23 0.13921 0.3641
24 0.14938 0.37459
25 0.15474 0.38508
26 0.16568 0.39555
27 0.17284 0.40601
28 0.18111 0.41693
29 0.19191 0.43202
30 0.19721 0.44248
31 0.2073 0.45295
32 0.21802 0.46341
33 0.2244 0.47386
34 0.23339 0.48432
35 0.24405 0.49477
36 0.25344 0.50523
37 0.25943 0.51568
38 0.27004 0.52614
39 0.28062 0.53659
40 0.29056 0.54705
41 0.29484 0.55752
42 0.30658 0.56798
43 0.31713 0.57522
44 0.32765 0.58384
45 0.3381 0.59399
46 0.34514 0.60445
47 0.3536 0.61492
48 0.3641 0.6254
49 0.3746 0.6359
50 0.38508 0.6464
51 0.39555 0.65486
52 0.40601 0.6619
53 0.41616 0.67235
54 0.42478 0.68287
55 0.43202 0.69342
56 0.44248 0.70516
57 0.45295 0.70944
58 0.46341 0.71938
59 0.47386 0.72996
60 0.48432 0.74057
61 0.49477 0.74656
62 0.50523 0.75595
63 0.51568 0.76661
64 0.52614 0.7756
65 0.53659 0.78198
66 0.54705 0.7927
67 0.55752 0.80279
68 0.56798 0.80809
69 0.58307 0.81889
70 0.59399 0.82716
71 0.60445 0.83432
72 0.61492 0.84526
73 0.62541 0.85062
74 0.6359 0.86079
75 0.6464 0.86785
76 0.66173 0.87637
77 0.67235 0.88428
78 0.68288 0.89206
79 0.69342 0.89968
80 0.70637 0.90793
81 0.71938 0.91424
82 0.72996 0.92417
83 0.74057 0.92836
84 0.75596 0.93666
85 0.76661 0.94532
86 0.78199 0.94942
87 0.7927 0.9563
88 0.80809 0.96297
89 0.81889 0.96938
90 0.83432 0.97551
91 0.84526 0.98128
92 0.86079 0.98662
93 0.87637 0.99141
94 0.89206 0.99547
95 0.90794 0.99846
96 0.92417 0.9999
97 0.94532 1
