0 0 0.056
1 0.00077 0.07958
2 0.00533 0.10228
3 0.01231 0.12468
4 0.02065 0.14694
5 0.02986 0.16257
6 0.03972 0.18468
7 0.05007 0.20008
8 0.056 0.22216
9 0.06958 0.23745
10 0.07959 0.25266
11 0.09003 0.27476
12 0.10228 0.28992
13 0.11278 0.30504
14 0.12468 0.32154
15 0.13787 0.34231
16 0.14694 0.35739
17 0.16257 0.37245
18 0.17212 0.38749
19 0.18468 0.40252
20 0.20008 0.41753
21 0.21056 0.43254
22 0.22217 0.44816
23 0.23745 0.46502
24 0.25266 0.48161
25 0.26063 0.49744
26 0.27476 0.51204
27 0.28992 0.5259
28 0.30505 0.53948
29 0.31956 0.55295
30 0.32843 0.56746
31 0.34231 0.58246
32 0.35739 0.59748
33 0.37245 0.61251
34 0.38749 0.62755
35 0.40252 0.64261
36 0.41754 0.65769
37 0.43254 0.67157
38 0.44705 0.68044
39 0.46052 0.69495
40 0.4741 0.71008
41 0.48796 0.72524
42 0.50256 0.73937
43 0.51839 0.74734
44 0.53498 0.76255
45 0.55184 0.77783
46 0.56746 0.78944
47 0.58247 0.79992
48 0.59748 0.81532
49 0.61251 0.82788
50 0.62755 0.83743
51 0.64261 0.85306
52 0.65769 0.86213
53 0.67846 0.87532
54 0.69496 0.88722
55 0.71008 0.89772
56 0.72524 0.90997
57 0.74734 0.92041
58 0.76255 0.93042
59 0.77784 0.944
60 0.79992 0.94993
61 0.81532 0.96028
62 0.83743 0.97014
63 0.85306 0.97935
64 0.87532 0.98769
65 0.89772 0.99467
66 0.92042 0.99923
67 0.944 1
