0 0 0.22144
1 3e-05 0.27889
2 0.00154 0.33389
3 0.00655 0.38847
4 0.01494 0.42605
5 0.0261 0.46313
6 0.03955 0.5
7 0.05493 0.53687
8 0.07199 0.57395
9 0.09055 0.61153
10 0.11046 0.63335
11 0.13163 0.66611
12 0.15397 0.69667
13 0.17744 0.72111
14 0.202 0.74992
15 0.22144 0.77856
16 0.25008 0.798
17 0.27889 0.82256
18 0.30333 0.84603
19 0.33389 0.86837
20 0.36665 0.88954
21 0.38847 0.90945
22 0.42605 0.92801
23 0.46313 0.94507
24 0.5 0.96045
25 0.53687 0.9739
26 0.57395 0.98506
27 0.61153 0.99345
28 0.66611 0.99846
29 0.72111 0.99997
30 0.77856 1
