0 0 0.03237
1 0.00114 0.04917
2 0.0058 0.06547
3 0.01204 0.08162
4 0.0191 0.09771
5 0.02667 0.109
6 0.03237 0.125
7 0.04012 0.13616
8 0.04917 0.15214
9 0.05455 0.16322
10 0.06548 0.17922
11 0.07162 0.19025
12 0.08162 0.20126
13 0.09067 0.21224
14 0.09771 0.22825
15 0.109 0.23921
16 0.11562 0.25016
17 0.125 0.26109
18 0.13616 0.27714
19 0.14357 0.28807
20 0.15214 0.29898
21 0.16323 0.30989
22 0.174 0.32079
23 0.17922 0.33168
24 0.19025 0.34453
25 0.20126 0.35869
26 0.21224 0.36958
27 0.2189 0.38046
28 0.22825 0.39134
29 0.23922 0.40222
30 0.25016 0.41309
31 0.26109 0.42396
32 0.26985 0.43483
33 0.27714 0.44569
34 0.28807 0.45656
35 0.29899 0.46742
36 0.30989 0.47828
37 0.32079 0.48914
38 0.33168 0.5
39 0.34177 0.51086
40 0.34811 0.52172
41 0.35869 0.53258
42 0.36958 0.54344
43 0.38046 0.55431
44 0.39134 0.56517
45 0.40222 0.57604
46 0.41309 0.58691
47 0.42396 0.59778
48 0.43483 0.60866
49 0.44569 0.61954
50 0.45656 0.63042
51 0.46742 0.64131
52 0.47828 0.65189
53 0.48914 0.65823
54 0.5 0.66832
55 0.51086 0.67921
56 0.52172 0.69011
57 0.53258 0.70101
58 0.54344 0.71193
59 0.55431 0.72286
60 0.56517 0.73015
61 0.57604 0.73891
62 0.58691 0.74984
63 0.59778 0.76078
64 0.60866 0.77175
65 0.61954 0.7811
66 0.63042 0.78776
67 0.64131 0.79874
68 0.65547 0.80975
69 0.66832 0.82078
70 0.67921 0.826
71 0.69011 0.83677
72 0.70102 0.84786
73 0.71193 0.85643
74 0.72286 0.86384
75 0.73891 0.875
76 0.74984 0.88438
77 0.76079 0.891
78 0.77175 0.90229
79 0.78776 0.90933
80 0.79874 0.91838
81 0.80975 0.92838
82 0.82078 0.93452
83 0.83678 0.94545
84 0.84786 0.95083
85 0.86384 0.95988
86 0.875 0.96763
87 0.891 0.97333
88 0.90229 0.9809
89 0.91838 0.98796
90 0.93453 0.9942
91 0.95083 0.99886
92 0.96763 1
