0 0 0.16192
1 2e-05 0.21186
2 0.00107 0.24998
3 0.00453 0.2873
4 0.01028 0.3134
5 0.01788 0.35012
6 0.02699 0.37552
7 0.03735 0.40067
8 0.04877 0.43268
9 0.06111 0.46253
10 0.07427 0.48752
11 0.08816 0.51248
12 0.10274 0.53747
13 0.11793 0.55999
14 0.1337 0.57842
15 0.15003 0.59933
16 0.16193 0.62448
17 0.18101 0.64988
18 0.20097 0.66594
19 0.21186 0.6866
20 0.23668 0.71269
21 0.24998 0.72491
22 0.27509 0.75002
23 0.28731 0.76332
24 0.3134 0.78814
25 0.33406 0.79903
26 0.35012 0.81899
27 0.37552 0.83807
28 0.40067 0.84997
29 0.42158 0.8663
30 0.44001 0.88207
31 0.46253 0.89726
32 0.48752 0.91184
33 0.51248 0.92573
34 0.53747 0.93889
35 0.56732 0.95123
36 0.59933 0.96265
37 0.62448 0.97301
38 0.64988 0.98212
39 0.6866 0.98972
40 0.7127 0.99547
41 0.75002 0.99893
42 0.78814 0.99998
43 0.83808 1
