0 0 0.05071
1 0.00069 0.07208
2 0.00482 0.09264
3 0.01114 0.11292
4 0.01867 0.13307
5 0.027 0.14724
6 0.0359 0.16725
7 0.04524 0.18726
8 0.05071 0.20118
9 0.06274 0.21503
10 0.07208 0.23501
11 0.08094 0.24879
12 0.09264 0.26253
13 0.10115 0.28254
14 0.11292 0.29624
15 0.12369 0.30992
16 0.13307 0.32357
17 0.14724 0.33721
18 0.15225 0.3573
19 0.16725 0.37094
20 0.18079 0.38455
21 0.18726 0.39816
22 0.20118 0.41176
23 0.21503 0.42534
24 0.22456 0.43893
25 0.23501 0.4525
26 0.24879 0.46608
27 0.26253 0.47965
28 0.27349 0.49322
29 0.28254 0.50678
30 0.29625 0.52035
31 0.30992 0.53392
32 0.32358 0.5475
33 0.33721 0.56107
34 0.34658 0.57466
35 0.35731 0.58824
36 0.37094 0.60184
37 0.38455 0.61545
38 0.39816 0.62906
39 0.41176 0.64269
40 0.42534 0.65342
41 0.43893 0.66279
42 0.4525 0.67642
43 0.46608 0.69008
44 0.47965 0.70375
45 0.49322 0.71746
46 0.50678 0.72651
47 0.52035 0.73747
48 0.53392 0.75121
49 0.5475 0.76499
50 0.56107 0.77544
51 0.57466 0.78497
52 0.58824 0.79882
53 0.60184 0.81274
54 0.61545 0.81921
55 0.62906 0.83275
56 0.6427 0.84775
57 0.66279 0.85276
58 0.67643 0.86693
59 0.69008 0.87631
60 0.70376 0.88708
61 0.71746 0.89885
62 0.73747 0.90736
63 0.75121 0.91906
64 0.76499 0.92792
65 0.78497 0.93726
66 0.79882 0.94929
67 0.81274 0.95476
68 0.83275 0.9641
69 0.85276 0.973
70 0.86693 0.98133
71 0.88708 0.98886
72 0.90736 0.99518
73 0.92792 0.99931
74 0.94929 1
