0 0 0.06851
1 0.00105 0.10869
2 0.0073 0.1397
3 0.01689 0.17032
4 0.02836 0.1918
5 0.04108 0.2221
6 0.05469 0.24317
7 0.06851 0.27344
8 0.07465 0.29431
9 0.09659 0.31509
10 0.10869 0.33734
11 0.1262 0.36616
12 0.1397 0.38682
13 0.15899 0.40745
14 0.17032 0.42805
15 0.1918 0.44862
16 0.20614 0.46918
17 0.2221 0.48973
18 0.24317 0.51027
19 0.2601 0.53082
20 0.27344 0.55138
21 0.29431 0.57195
22 0.31509 0.59255
23 0.33507 0.61317
24 0.34822 0.63384
25 0.36616 0.65178
26 0.38683 0.66493
27 0.40745 0.68491
28 0.42805 0.70569
29 0.44862 0.72656
30 0.46918 0.7399
31 0.48973 0.75683
32 0.51027 0.7779
33 0.53082 0.79386
34 0.55138 0.8082
35 0.57195 0.82968
36 0.59255 0.84101
37 0.61318 0.8603
38 0.63384 0.8738
39 0.66266 0.89131
40 0.68491 0.90341
41 0.70569 0.92535
42 0.72656 0.93149
43 0.75683 0.94531
44 0.7779 0.95892
45 0.8082 0.97164
46 0.82968 0.98311
47 0.8603 0.9927
48 0.89131 0.99895
49 0.93149 1
