0 0 0.09297
1 0.00019 0.13153
2 0.00283 0.16111
3 0.00835 0.19012
4 0.01586 0.2189
5 0.02478 0.23908
6 0.03476 0.26759
7 0.04558 0.28741
8 0.0571 0.31589
9 0.0692 0.33552
10 0.08182 0.35505
11 0.09297 0.38363
12 0.10331 0.40311
13 0.12046 0.42254
14 0.13153 0.44194
15 0.14674 0.4613
16 0.16111 0.48066
17 0.17505 0.5
18 0.19013 0.51934
19 0.20624 0.53869
20 0.2189 0.55806
21 0.23908 0.57746
22 0.24929 0.59689
23 0.26759 0.61637
24 0.28741 0.62939
25 0.29993 0.64495
26 0.31589 0.66448
27 0.33552 0.68411
28 0.35505 0.70007
29 0.37061 0.71259
30 0.38363 0.73241
31 0.40311 0.75071
32 0.42254 0.76092
33 0.44194 0.7811
34 0.46131 0.79376
35 0.48066 0.80987
36 0.5 0.82495
37 0.51934 0.83889
38 0.5387 0.85326
39 0.55806 0.86847
40 0.57746 0.87954
41 0.59689 0.89669
42 0.61637 0.90703
43 0.64495 0.91818
44 0.66448 0.9308
45 0.68411 0.9429
46 0.71259 0.95442
47 0.73241 0.96524
48 0.76092 0.97522
49 0.7811 0.98414
50 0.80988 0.99165
51 0.83889 0.99717
52 0.86847 0.99981
53 0.90703 1
