0 0 0.07132
1 0.00015 0.10088
2 0.00217 0.12962
3 0.00639 0.15198
4 0.01212 0.16781
5 0.01892 0.18971
6 0.0265 0.21156
7 0.03471 0.22686
8 0.04343 0.24862
9 0.05259 0.26374
10 0.06211 0.28548
11 0.07132 0.3005
12 0.0767 0.31546
13 0.09076 0.33724
14 0.10088 0.35215
15 0.10903 0.36702
16 0.1233 0.38186
17 0.12963 0.39668
18 0.14519 0.41374
19 0.15198 0.43342
20 0.16781 0.44823
21 0.1745 0.46303
22 0.18971 0.47782
23 0.20148 0.49261
24 0.21156 0.50739
25 0.22686 0.52218
26 0.23656 0.53697
27 0.24862 0.55177
28 0.26374 0.56658
29 0.27566 0.57852
30 0.28549 0.58992
31 0.3005 0.60332
32 0.31546 0.61813
33 0.32795 0.63298
34 0.33724 0.64785
35 0.35215 0.66276
36 0.36702 0.67205
37 0.38187 0.68454
38 0.39668 0.6995
39 0.41008 0.71451
40 0.42148 0.72434
41 0.43342 0.73626
42 0.44823 0.75138
43 0.46303 0.76344
44 0.47782 0.77314
45 0.49261 0.78844
46 0.50739 0.79852
47 0.52218 0.81029
48 0.53697 0.8255
49 0.55177 0.83219
50 0.56658 0.84802
51 0.58626 0.85481
52 0.60332 0.87037
53 0.61814 0.8767
54 0.63298 0.89097
55 0.64785 0.89912
56 0.66276 0.90924
57 0.68454 0.9233
58 0.6995 0.92868
59 0.71452 0.93789
60 0.73626 0.94741
61 0.75138 0.95657
62 0.77314 0.96529
63 0.78844 0.9735
64 0.81029 0.98108
65 0.83219 0.98788
66 0.84802 0.99361
67 0.87038 0.99783
68 0.89912 0.99985
69 0.92868 1
