0 0 0.05525
1 0.00011 0.07814
2 0.00168 0.10037
3 0.00494 0.11768
4 0.00937 0.13478
5 0.0146 0.15178
6 0.02043 0.16379
7 0.02674 0.18064
8 0.03344 0.19747
9 0.04045 0.20924
10 0.04774 0.22604
11 0.05525 0.23772
12 0.05676 0.24999
13 0.06933 0.26612
14 0.07814 0.27769
15 0.08138 0.29051
16 0.09395 0.30603
17 0.10037 0.31754
18 0.1101 0.32903
19 0.11768 0.34158
20 0.12719 0.35735
21 0.13478 0.36881
22 0.1453 0.38026
23 0.15178 0.3917
24 0.16379 0.40312
25 0.16905 0.41454
26 0.18064 0.427
27 0.19092 0.44293
28 0.19747 0.45435
29 0.20924 0.46576
30 0.21911 0.47718
31 0.22604 0.48859
32 0.23772 0.5
33 0.24914 0.51141
34 0.25438 0.52282
35 0.26612 0.53424
36 0.27769 0.54565
37 0.2888 0.55707
38 0.29456 0.56532
39 0.30603 0.57479
40 0.31754 0.58546
41 0.32903 0.59688
42 0.34001 0.6083
43 0.34722 0.61974
44 0.35735 0.63118
45 0.36882 0.64265
46 0.38026 0.65278
47 0.3917 0.65999
48 0.40312 0.67097
49 0.41454 0.68246
50 0.42521 0.69397
51 0.43468 0.70544
52 0.44293 0.7112
53 0.45435 0.72231
54 0.46576 0.73388
55 0.47718 0.74562
56 0.48859 0.75086
57 0.5 0.76228
58 0.51141 0.77396
59 0.52282 0.78089
60 0.53424 0.79076
61 0.54565 0.80253
62 0.55707 0.80908
63 0.573 0.81936
64 0.58546 0.83095
65 0.59688 0.83621
66 0.6083 0.84822
67 0.61974 0.8547
68 0.63119 0.86522
69 0.64265 0.87281
70 0.65842 0.88232
71 0.67097 0.8899
72 0.68246 0.89963
73 0.69397 0.90605
74 0.70949 0.91862
75 0.72231 0.92186
76 0.73388 0.93067
77 0.75001 0.94324
78 0.76228 0.94475
79 0.77396 0.95226
80 0.79076 0.95955
81 0.80253 0.96656
82 0.81936 0.97326
83 0.83621 0.97957
84 0.84822 0.9854
85 0.86522 0.99063
86 0.88232 0.99506
87 0.89963 0.99832
88 0.92186 0.99989
89 0.94475 1
