0 0 0.12125
1 2e-05 0.15854
2 8e-04 0.19456
3 0.0034 0.22251
4 0.00769 0.25012
5 0.01336 0.26954
6 0.02012 0.29678
7 0.02778 0.31575
8 0.03621 0.34291
9 0.04528 0.36165
10 0.05493 0.38029
11 0.06509 0.40753
12 0.07571 0.4261
13 0.08674 0.44461
14 0.09817 0.4631
15 0.10995 0.48155
16 0.12125 0.5
17 0.12897 0.51845
18 0.14555 0.5369
19 0.15854 0.55538
20 0.16781 0.5739
21 0.18538 0.59247
22 0.19456 0.6048
23 0.21238 0.61971
24 0.22251 0.63834
25 0.24103 0.65709
26 0.25012 0.67069
27 0.26954 0.68425
28 0.28298 0.70322
29 0.29678 0.71702
30 0.31575 0.73046
31 0.32931 0.74988
32 0.34291 0.75897
33 0.36166 0.77749
34 0.38029 0.78762
35 0.3952 0.80544
36 0.40753 0.81462
37 0.4261 0.83219
38 0.44462 0.84146
39 0.4631 0.85445
40 0.48155 0.87103
41 0.5 0.87875
42 0.51845 0.89005
43 0.5369 0.90183
44 0.55539 0.91326
45 0.5739 0.92429
46 0.59247 0.93491
47 0.61971 0.94507
48 0.63835 0.95472
49 0.65709 0.96379
50 0.68425 0.97222
51 0.70322 0.97988
52 0.73046 0.98664
53 0.74988 0.99231
54 0.77749 0.9966
55 0.80544 0.9992
56 0.84146 0.99998
57 0.87875 1
