0 0 0.08951
1 0.00319 0.13588
2 0.01623 0.18104
3 0.03387 0.21256
4 0.05393 0.25715
5 0.07558 0.288
6 0.08951 0.3186
7 0.11695 0.36332
8 0.13588 0.3938
9 0.16426 0.4242
10 0.18104 0.45454
11 0.21256 0.48485
12 0.2365 0.51515
13 0.25716 0.54546
14 0.288 0.5758
15 0.3186 0.6062
16 0.34439 0.63668
17 0.36332 0.65561
18 0.3938 0.6814
19 0.4242 0.712
20 0.45454 0.74284
21 0.48485 0.7635
22 0.51515 0.78744
23 0.54546 0.81896
24 0.5758 0.83574
25 0.6062 0.86412
26 0.63668 0.88305
27 0.6814 0.91049
28 0.712 0.92442
29 0.74285 0.94607
30 0.78744 0.96613
31 0.81896 0.98377
32 0.86412 0.99681
33 0.91049 1
