0 0 0.07396
1 1e-05 0.09559
2 0.00047 0.11636
3 0.00196 0.13252
4 0.00443 0.14843
5 0.00767 0.16418
6 0.01153 0.17984
7 0.01588 0.19544
8 0.02065 0.21099
9 0.02576 0.22194
10 0.03119 0.23742
11 0.03687 0.24836
12 0.0428 0.2637
13 0.04894 0.27444
14 0.05527 0.28989
15 0.06178 0.30057
16 0.06845 0.31234
17 0.07396 0.32668
18 0.07986 0.33729
19 0.08842 0.34788
20 0.09559 0.36337
21 0.09998 0.37395
22 0.11004 0.3845
23 0.11636 0.39505
24 0.1239 0.40558
25 0.13252 0.41612
26 0.13785 0.42969
27 0.14843 0.44221
28 0.15239 0.45272
29 0.16419 0.46324
30 0.16883 0.47374
31 0.17984 0.48425
32 0.18652 0.49475
33 0.19544 0.50525
34 0.2045 0.51575
35 0.21099 0.52626
36 0.22194 0.53676
37 0.22827 0.54727
38 0.23742 0.55779
39 0.24821 0.56748
40 0.25332 0.57516
41 0.2637 0.58392
42 0.27444 0.59442
43 0.28148 0.60495
44 0.28989 0.61549
45 0.30057 0.62605
46 0.31079 0.63662
47 0.31663 0.64323
48 0.32668 0.65212
49 0.33729 0.66271
50 0.34788 0.67332
51 0.35677 0.68337
52 0.36338 0.68921
53 0.37395 0.69943
54 0.38451 0.71011
55 0.39505 0.71852
56 0.40558 0.72556
57 0.41608 0.7363
58 0.42484 0.74668
59 0.43252 0.75179
60 0.44221 0.76258
61 0.45273 0.77173
62 0.46324 0.77806
63 0.47374 0.78901
64 0.48425 0.7955
65 0.49475 0.80456
66 0.50525 0.81348
67 0.51575 0.82016
68 0.52626 0.83117
69 0.53676 0.83581
70 0.54728 0.84761
71 0.55779 0.85157
72 0.57031 0.86215
73 0.58388 0.86748
74 0.59442 0.8761
75 0.60495 0.88364
76 0.6155 0.88996
77 0.62605 0.90002
78 0.63663 0.90441
79 0.65212 0.91158
80 0.66271 0.92014
81 0.67332 0.92604
82 0.68766 0.93155
83 0.69943 0.93822
84 0.71011 0.94473
85 0.72556 0.95106
86 0.7363 0.9572
87 0.75164 0.96313
88 0.76258 0.96881
89 0.77806 0.97424
90 0.78901 0.97935
91 0.80456 0.98412
92 0.82016 0.98847
93 0.83582 0.99233
94 0.85157 0.99557
95 0.86748 0.99804
96 0.88364 0.99953
97 0.90441 0.99999
98 0.92604 1
