0 0 0.09521
1 0.00339 0.14453
2 0.01729 0.1926
3 0.03609 0.2261
4 0.05748 0.2736
5 0.08059 0.3064
6 0.09522 0.33895
7 0.12502 0.37133
8 0.14453 0.41272
9 0.17595 0.4515
10 0.1926 0.48384
11 0.2261 0.51616
12 0.25484 0.54849
13 0.2736 0.57886
14 0.3064 0.601
15 0.33895 0.62867
16 0.37133 0.66105
17 0.399 0.6936
18 0.42114 0.7264
19 0.45151 0.74516
20 0.48384 0.7739
21 0.51616 0.8074
22 0.5485 0.82405
23 0.58728 0.85547
24 0.62867 0.87498
25 0.66105 0.90478
26 0.6936 0.91941
27 0.7264 0.94252
28 0.7739 0.96391
29 0.8074 0.98271
30 0.85547 0.99661
31 0.90479 1
