0 0 0.11047
1 2e-05 0.14279
2 0.00069 0.16747
3 0.00293 0.19151
4 0.00662 0.21522
5 0.01149 0.23876
6 0.01729 0.2622
7 0.02386 0.27863
8 0.03107 0.30194
9 0.03882 0.31814
10 0.04706 0.33686
11 0.05572 0.3575
12 0.06477 0.37349
13 0.07416 0.38942
14 0.08386 0.40891
15 0.09386 0.42871
16 0.10414 0.44458
17 0.11047 0.46043
18 0.1235 0.47626
19 0.13566 0.49209
20 0.14279 0.50791
21 0.15682 0.52373
22 0.16747 0.53957
23 0.17853 0.55542
24 0.19151 0.57129
25 0.20168 0.58544
26 0.21522 0.59668
27 0.22692 0.61058
28 0.23876 0.62651
29 0.25356 0.6425
30 0.2622 0.65785
31 0.27863 0.66682
32 0.29166 0.68186
33 0.30194 0.69806
34 0.31814 0.70834
35 0.33318 0.72137
36 0.34215 0.7378
37 0.3575 0.74644
38 0.37349 0.76124
39 0.38942 0.77308
40 0.40332 0.78478
41 0.41456 0.79832
42 0.42871 0.80849
43 0.44458 0.82147
44 0.46043 0.83253
45 0.47627 0.84318
46 0.49209 0.85721
47 0.50791 0.86434
48 0.52374 0.8765
49 0.53957 0.88953
50 0.55542 0.89586
51 0.57129 0.90614
52 0.59109 0.91614
53 0.61058 0.92584
54 0.62651 0.93523
55 0.6425 0.94428
56 0.66314 0.95294
57 0.68186 0.96118
58 0.69806 0.96893
59 0.72137 0.97614
60 0.7378 0.98271
61 0.76124 0.98851
62 0.78478 0.99338
63 0.80849 0.99707
64 0.83253 0.99931
65 0.85721 0.99998
66 0.88953 1
