0 0 0.03967
1 0.0014 0.06024
2 0.00711 0.08022
3 0.01478 0.10001
4 0.02346 0.11973
5 0.03278 0.13355
6 0.03967 0.15318
7 0.04951 0.16684
8 0.06024 0.18127
9 0.06775 0.20002
10 0.08022 0.21354
11 0.08913 0.22701
12 0.10002 0.24665
13 0.11261 0.2601
14 0.11974 0.27352
15 0.13355 0.28692
16 0.14488 0.30662
17 0.15318 0.32001
18 0.16684 0.33339
19 0.18026 0.34676
20 0.18441 0.36012
21 0.20002 0.37346
22 0.21354 0.3868
23 0.22701 0.40132
24 0.23358 0.41998
25 0.24665 0.43332
26 0.2601 0.44666
27 0.27352 0.46
28 0.28692 0.47333
29 0.29688 0.48667
30 0.30662 0.5
31 0.32002 0.51333
32 0.33339 0.52666
33 0.34676 0.54
34 0.36012 0.55334
35 0.37346 0.56668
36 0.3868 0.58002
37 0.3994 0.59027
38 0.40973 0.6006
39 0.41998 0.6132
40 0.43332 0.62654
41 0.44666 0.63988
42 0.46 0.65324
43 0.47334 0.66661
44 0.48667 0.67998
45 0.5 0.69338
46 0.51333 0.70312
47 0.52667 0.71308
48 0.54 0.72648
49 0.55334 0.7399
50 0.56668 0.75335
51 0.58002 0.76642
52 0.59868 0.77299
53 0.6132 0.78646
54 0.62654 0.79998
55 0.63988 0.81559
56 0.65324 0.81974
57 0.66661 0.83316
58 0.67999 0.84682
59 0.69338 0.85512
60 0.71308 0.86645
61 0.72648 0.88026
62 0.7399 0.88739
63 0.75335 0.89998
64 0.77299 0.91087
65 0.78646 0.91978
66 0.79998 0.93225
67 0.81873 0.93976
68 0.83316 0.95049
69 0.84682 0.96033
70 0.86645 0.96722
71 0.88027 0.97654
72 0.89999 0.98522
73 0.91978 0.99289
74 0.93976 0.9986
75 0.96033 1
