0 0 0.03502
1 0.00124 0.05319
2 0.00627 0.07083
3 0.01304 0.08831
4 0.02068 0.10572
5 0.02889 0.11792
6 0.03502 0.13525
7 0.04352 0.14731
8 0.05319 0.16462
9 0.05932 0.1766
10 0.07083 0.18854
11 0.07795 0.20585
12 0.08831 0.21776
13 0.0986 0.22963
14 0.10572 0.24698
15 0.11792 0.25883
16 0.12623 0.27068
17 0.13525 0.2825
18 0.14731 0.29431
19 0.1569 0.31171
20 0.16462 0.32352
21 0.1766 0.33533
22 0.18854 0.34712
23 0.1964 0.3589
24 0.20585 0.37068
25 0.21776 0.38245
26 0.22963 0.39422
27 0.24078 0.40598
28 0.24698 0.41866
29 0.25883 0.43528
30 0.27068 0.44705
31 0.2825 0.45882
32 0.29432 0.47059
33 0.30524 0.48235
34 0.31172 0.49412
35 0.32353 0.50588
36 0.33533 0.51765
37 0.34712 0.52941
38 0.3589 0.54118
39 0.37068 0.55295
40 0.38245 0.56472
41 0.39422 0.57324
42 0.40598 0.58288
43 0.41712 0.59402
44 0.42676 0.60578
45 0.43528 0.61755
46 0.44705 0.62932
47 0.45882 0.6411
48 0.47059 0.65288
49 0.48235 0.66467
50 0.49412 0.67647
51 0.50588 0.68828
52 0.51765 0.69476
53 0.52941 0.70568
54 0.54118 0.7175
55 0.55295 0.72932
56 0.56472 0.74117
57 0.58134 0.75302
58 0.59402 0.75922
59 0.60578 0.77037
60 0.61755 0.78224
61 0.62932 0.79415
62 0.6411 0.8036
63 0.65288 0.81146
64 0.66467 0.8234
65 0.67648 0.83538
66 0.68829 0.8431
67 0.70569 0.85269
68 0.7175 0.86475
69 0.72932 0.87377
70 0.74117 0.88208
71 0.75302 0.89428
72 0.77037 0.9014
73 0.78224 0.91169
74 0.79415 0.92205
75 0.81146 0.92917
76 0.8234 0.94068
77 0.83538 0.94681
78 0.85269 0.95648
79 0.86475 0.96498
80 0.88208 0.97111
81 0.89428 0.97932
82 0.91169 0.98696
83 0.92917 0.99373
84 0.94681 0.99876
85 0.96498 1
