0 0 0.04523
1 0.00062 0.06429
2 0.0043 0.08263
3 0.00992 0.10071
4 0.01663 0.11868
5 0.02404 0.13659
6 0.03195 0.14916
7 0.04025 0.16698
8 0.04523 0.17941
9 0.05571 0.19722
10 0.06429 0.20956
11 0.0716 0.22186
12 0.08263 0.23967
13 0.0892 0.25192
14 0.10071 0.26415
15 0.10913 0.27733
16 0.11868 0.2942
17 0.13026 0.30638
18 0.13659 0.31854
19 0.14916 0.3307
20 0.15908 0.34298
21 0.16699 0.36076
22 0.17941 0.3729
23 0.1903 0.38503
24 0.19722 0.39715
25 0.20956 0.40926
26 0.22186 0.42137
27 0.23103 0.43348
28 0.23967 0.44558
29 0.25192 0.45767
30 0.26415 0.46977
31 0.27602 0.48186
32 0.28209 0.49395
33 0.2942 0.50605
34 0.30638 0.51814
35 0.31855 0.53023
36 0.3307 0.54232
37 0.34276 0.55442
38 0.35106 0.56652
39 0.36076 0.57863
40 0.3729 0.59074
41 0.38503 0.60285
42 0.39715 0.61497
43 0.40926 0.6271
44 0.42137 0.63924
45 0.43348 0.64894
46 0.44558 0.65724
47 0.45768 0.6693
48 0.46977 0.68145
49 0.48186 0.69362
50 0.49395 0.7058
51 0.50605 0.71791
52 0.51814 0.72398
53 0.53023 0.73585
54 0.54233 0.74808
55 0.55442 0.76033
56 0.56652 0.76897
57 0.57863 0.77814
58 0.59074 0.79044
59 0.60285 0.80278
60 0.61497 0.8097
61 0.6271 0.82059
62 0.63924 0.83301
63 0.65702 0.84092
64 0.6693 0.85084
65 0.68146 0.86341
66 0.69362 0.86974
67 0.7058 0.88132
68 0.72267 0.89087
69 0.73585 0.89929
70 0.74808 0.9108
71 0.76033 0.91737
72 0.77814 0.9284
73 0.79044 0.93571
74 0.80278 0.94429
75 0.82059 0.95477
76 0.83302 0.95975
77 0.85084 0.96805
78 0.86341 0.97596
79 0.88132 0.98337
80 0.89929 0.99008
81 0.91737 0.9957
82 0.93571 0.99938
83 0.95477 1
