0 0 0.05817
1 0.00206 0.08832
2 0.01048 0.11763
3 0.0218 0.1467
4 0.03465 0.16704
5 0.04846 0.1959
6 0.05817 0.21593
7 0.07389 0.24479
8 0.08832 0.26468
9 0.10236 0.28448
10 0.11763 0.30422
11 0.13505 0.33317
12 0.1467 0.35288
13 0.16705 0.37256
14 0.18155 0.39221
15 0.1959 0.41183
16 0.21594 0.43144
17 0.23473 0.45104
18 0.24479 0.47063
19 0.26468 0.49021
20 0.28448 0.50979
21 0.30422 0.52937
22 0.3216 0.54896
23 0.33317 0.56856
24 0.35288 0.58817
25 0.37256 0.60779
26 0.39221 0.62744
27 0.41183 0.64712
28 0.43144 0.66683
29 0.45104 0.6784
30 0.47063 0.69578
31 0.49021 0.71552
32 0.50979 0.73532
33 0.52937 0.75521
34 0.54896 0.76527
35 0.56856 0.78406
36 0.58817 0.8041
37 0.60779 0.81845
38 0.62744 0.83295
39 0.64712 0.8533
40 0.66683 0.86495
41 0.69578 0.88237
42 0.71552 0.89764
43 0.73532 0.91168
44 0.75521 0.92611
45 0.78407 0.94183
46 0.8041 0.95154
47 0.83296 0.96535
48 0.8533 0.9782
49 0.88237 0.98952
50 0.91168 0.99794
51 0.94183 1
