0 0 0.07714
1 1e-05 0.09971
2 0.00049 0.12137
3 0.00205 0.13823
4 0.00462 0.15483
5 0.00801 0.17126
6 0.01203 0.1876
7 0.01657 0.20387
8 0.02155 0.22011
9 0.0269 0.23152
10 0.03256 0.24769
11 0.0385 0.25898
12 0.04469 0.27511
13 0.05111 0.28632
14 0.05773 0.29864
15 0.06453 0.3136
16 0.07151 0.3247
17 0.07714 0.33602
18 0.08359 0.35193
19 0.09245 0.36299
20 0.09971 0.37402
21 0.10492 0.38503
22 0.11512 0.39855
23 0.12137 0.41225
24 0.12982 0.42325
25 0.13823 0.43423
26 0.14482 0.4452
27 0.15483 0.45617
28 0.16068 0.46713
29 0.17126 0.47809
30 0.17791 0.48905
31 0.1876 0.5
32 0.1961 0.51095
33 0.20388 0.52191
34 0.2147 0.53287
35 0.22011 0.54383
36 0.23153 0.55479
37 0.24059 0.56577
38 0.24769 0.57675
39 0.25898 0.58775
40 0.26797 0.5978
41 0.27511 0.60528
42 0.28632 0.61497
43 0.29705 0.62598
44 0.3028 0.63701
45 0.3136 0.64806
46 0.32471 0.65711
47 0.33566 0.66434
48 0.34289 0.67529
49 0.35194 0.6864
50 0.36299 0.6972
51 0.37402 0.70295
52 0.38503 0.71368
53 0.39472 0.72489
54 0.4022 0.73203
55 0.41225 0.74102
56 0.42325 0.75231
57 0.43423 0.75941
58 0.44521 0.76847
59 0.45617 0.77989
60 0.46713 0.7853
61 0.47809 0.79612
62 0.48905 0.8039
63 0.5 0.8124
64 0.51095 0.82209
65 0.52191 0.82874
66 0.53287 0.83932
67 0.54383 0.84517
68 0.5548 0.85518
69 0.56577 0.86177
70 0.57675 0.87018
71 0.58775 0.87863
72 0.60145 0.88488
73 0.61497 0.89508
74 0.62598 0.90029
75 0.63701 0.90755
76 0.64807 0.91641
77 0.66398 0.92286
78 0.6753 0.92849
79 0.6864 0.93547
80 0.70136 0.94227
81 0.71368 0.94889
82 0.72489 0.95531
83 0.74102 0.9615
84 0.75231 0.96744
85 0.76848 0.9731
86 0.77989 0.97845
87 0.79613 0.98343
88 0.8124 0.98797
89 0.82874 0.99199
90 0.84517 0.99538
91 0.86177 0.99795
92 0.87863 0.99951
93 0.90029 0.99999
94 0.92286 1
