0 0 0.2382
1 4e-05 0.30009
2 0.00165 0.35957
3 0.00704 0.40053
4 0.01606 0.44338
5 0.02808 0.48768
6 0.0426 0.52633
7 0.05922 0.56149
8 0.07769 0.59947
9 0.09781 0.64043
10 0.11944 0.66516
11 0.14247 0.69991
12 0.16684 0.72634
13 0.19248 0.7618
14 0.21937 0.78063
15 0.2382 0.80752
16 0.27366 0.83316
17 0.30009 0.85753
18 0.33484 0.88056
19 0.35957 0.90219
20 0.40053 0.92231
21 0.43851 0.94078
22 0.47367 0.9574
23 0.51232 0.97192
24 0.55662 0.98394
25 0.59947 0.99296
26 0.64043 0.99835
27 0.69991 0.99996
28 0.7618 1
