0 0 0.04644
1 0.00164 0.07051
2 0.00834 0.0939
3 0.01734 0.11709
4 0.02754 0.13337
5 0.03849 0.15635
6 0.04644 0.17236
7 0.05834 0.19533
8 0.07051 0.21122
9 0.08024 0.23421
10 0.09391 0.25003
11 0.10569 0.2658
12 0.11709 0.28153
13 0.13335 0.30459
14 0.13755 0.3203
15 0.15635 0.33599
16 0.17236 0.35166
17 0.17798 0.36732
18 0.19533 0.38295
19 0.21122 0.39858
20 0.22507 0.41612
21 0.23421 0.43747
22 0.25003 0.45311
23 0.2658 0.46874
24 0.28153 0.48437
25 0.29453 0.5
26 0.30459 0.51563
27 0.3203 0.53126
28 0.33599 0.54689
29 0.35166 0.56253
30 0.36732 0.57461
31 0.38296 0.58704
32 0.39858 0.60142
33 0.41296 0.61704
34 0.42539 0.63268
35 0.43747 0.64834
36 0.45311 0.66401
37 0.46874 0.6797
38 0.48437 0.69541
39 0.5 0.70547
40 0.51563 0.71847
41 0.53126 0.7342
42 0.54689 0.74997
43 0.56253 0.76579
44 0.58388 0.77493
45 0.60142 0.78878
46 0.61705 0.80467
47 0.63268 0.82202
48 0.64834 0.82764
49 0.66401 0.84365
50 0.6797 0.86245
51 0.69541 0.86665
52 0.71847 0.88291
53 0.7342 0.89431
54 0.74997 0.90609
55 0.76579 0.91976
56 0.78878 0.92949
57 0.80467 0.94166
58 0.82764 0.95356
59 0.84365 0.96151
60 0.86663 0.97246
61 0.88291 0.98266
62 0.9061 0.99166
63 0.92949 0.99836
64 0.95356 1
