0 0 0.0985
1 0.00151 0.15643
2 0.01055 0.18843
3 0.02448 0.23234
4 0.0412 0.2762
5 0.05979 0.30659
6 0.07976 0.33669
7 0.0985 0.38061
8 0.11346 0.41057
9 0.14264 0.44043
10 0.15643 0.47023
11 0.18843 0.5
12 0.19987 0.52977
13 0.23234 0.55957
14 0.25898 0.58943
15 0.2762 0.61939
16 0.30659 0.63705
17 0.33669 0.66331
18 0.36295 0.69341
19 0.38061 0.7238
20 0.41057 0.74102
21 0.44043 0.76766
22 0.47023 0.80013
23 0.5 0.81157
24 0.52977 0.84357
25 0.55957 0.85736
26 0.58943 0.88654
27 0.61939 0.9015
28 0.66331 0.92024
29 0.69341 0.94021
30 0.7238 0.9588
31 0.76766 0.97552
32 0.81157 0.98945
33 0.84357 0.99849
34 0.9015 1
