0 0 0.05525
1 1e-04 0.07268
2 0.00156 0.09303
3 0.00458 0.10907
4 0.00868 0.12492
5 0.01352 0.14067
6 0.01892 0.15635
7 0.02475 0.16741
8 0.03094 0.183
9 0.03743 0.19392
10 0.04416 0.20947
11 0.05112 0.2203
12 0.05525 0.23584
13 0.06403 0.2466
14 0.07241 0.26215
15 0.07371 0.27287
16 0.0867 0.28356
17 0.09303 0.29424
18 0.10145 0.3098
19 0.10907 0.32045
20 0.11705 0.33109
21 0.12492 0.3417
22 0.13367 0.35732
23 0.14067 0.36793
24 0.1511 0.37853
25 0.15636 0.38912
26 0.16742 0.39971
27 0.17495 0.41028
28 0.183 0.42085
29 0.19392 0.43155
30 0.19988 0.44415
31 0.20947 0.45772
32 0.2203 0.4683
33 0.22738 0.47886
34 0.23584 0.48943
35 0.2466 0.5
36 0.25661 0.51057
37 0.26215 0.52113
38 0.27287 0.5317
39 0.28357 0.54228
40 0.29424 0.55079
41 0.30053 0.55954
42 0.3098 0.56868
43 0.32045 0.57915
44 0.33109 0.58972
45 0.3417 0.60029
46 0.35035 0.61088
47 0.35732 0.62147
48 0.36793 0.63207
49 0.37853 0.64268
50 0.38912 0.64965
51 0.39971 0.6583
52 0.41028 0.66891
53 0.42085 0.67955
54 0.43132 0.6902
55 0.44046 0.69947
56 0.44921 0.70576
57 0.45772 0.71643
58 0.4683 0.72713
59 0.47887 0.73785
60 0.48943 0.74339
61 0.5 0.7534
62 0.51057 0.76416
63 0.52114 0.77262
64 0.5317 0.7797
65 0.54228 0.79053
66 0.55585 0.80012
67 0.56845 0.80608
68 0.57915 0.817
69 0.58972 0.82505
70 0.60029 0.83258
71 0.61088 0.84364
72 0.62147 0.8489
73 0.63207 0.85933
74 0.64268 0.86633
75 0.6583 0.87508
76 0.66891 0.88295
77 0.67955 0.89093
78 0.6902 0.89855
79 0.70576 0.90697
80 0.71644 0.9133
81 0.72713 0.92629
82 0.73785 0.92759
83 0.7534 0.93597
84 0.76416 0.94475
85 0.7797 0.94888
86 0.79053 0.95584
87 0.80608 0.96257
88 0.817 0.96906
89 0.83259 0.97525
90 0.84365 0.98108
91 0.85933 0.98648
92 0.87508 0.99132
93 0.89093 0.99542
94 0.90697 0.99844
95 0.92732 0.9999
96 0.94475 1
