0 0 0.06178
1 0.00219 0.09379
2 0.01114 0.12492
3 0.02318 0.15579
4 0.03684 0.17739
5 0.05154 0.20806
6 0.06178 0.22932
7 0.07873 0.25045
8 0.09379 0.28111
9 0.10928 0.30214
10 0.12492 0.3231
11 0.14423 0.34401
12 0.15579 0.36926
13 0.17739 0.39576
14 0.19466 0.41664
15 0.20806 0.43749
16 0.22932 0.45834
17 0.25045 0.47917
18 0.26407 0.5
19 0.28112 0.52083
20 0.30214 0.54166
21 0.3231 0.5625
22 0.34401 0.58336
23 0.36294 0.60424
24 0.37594 0.62406
25 0.39576 0.63706
26 0.41664 0.65599
27 0.4375 0.6769
28 0.45834 0.69786
29 0.47917 0.71888
30 0.5 0.73593
31 0.52083 0.74955
32 0.54166 0.77068
33 0.56251 0.79194
34 0.58336 0.80534
35 0.60424 0.82261
36 0.63074 0.84421
37 0.65599 0.85577
38 0.6769 0.87508
39 0.69786 0.89072
40 0.71889 0.90621
41 0.74955 0.92127
42 0.77068 0.93822
43 0.79194 0.94846
44 0.82261 0.96316
45 0.84421 0.97682
46 0.87508 0.98886
47 0.90621 0.99781
48 0.93822 1
