0 0 0.11752
1 0.00024 0.16634
2 0.00357 0.20377
3 0.01058 0.23197
4 0.02013 0.26633
5 0.0315 0.30262
6 0.04424 0.32778
7 0.0581 0.3527
8 0.07287 0.38899
9 0.08843 0.41377
10 0.10469 0.43847
11 0.11752 0.4631
12 0.13437 0.4877
13 0.15533 0.51229
14 0.16634 0.5369
15 0.19097 0.56153
16 0.20377 0.58623
17 0.22953 0.61101
18 0.23941 0.62799
19 0.26633 0.64729
20 0.28795 0.67222
21 0.30262 0.69738
22 0.32778 0.71205
23 0.35271 0.73367
24 0.37201 0.76059
25 0.38899 0.77047
26 0.41377 0.79623
27 0.43847 0.80903
28 0.4631 0.83366
29 0.48771 0.84467
30 0.5123 0.86563
31 0.5369 0.88248
32 0.56153 0.89531
33 0.58623 0.91157
34 0.61101 0.92713
35 0.6473 0.9419
36 0.67222 0.95576
37 0.69738 0.9685
38 0.73367 0.97987
39 0.76803 0.98942
40 0.79623 0.99643
41 0.83366 0.99976
42 0.88248 1
