0 0 0.05862
1 8e-04 0.0833
2 0.00558 0.10706
3 0.0129 0.1305
4 0.02163 0.15381
5 0.03129 0.17016
6 0.04162 0.19332
7 0.05247 0.20944
8 0.05862 0.23256
9 0.07298 0.24856
10 0.0833 0.26448
11 0.09457 0.28763
12 0.10706 0.30351
13 0.11858 0.31934
14 0.1305 0.33513
15 0.14495 0.35223
16 0.15381 0.37417
17 0.17016 0.38994
18 0.18162 0.40569
19 0.19332 0.42143
20 0.20944 0.43716
21 0.22242 0.45287
22 0.23257 0.46858
23 0.24856 0.48429
24 0.26448 0.5
25 0.27707 0.51571
26 0.28763 0.53141
27 0.30351 0.54713
28 0.31934 0.56284
29 0.33514 0.57857
30 0.35025 0.59431
31 0.36072 0.61006
32 0.37417 0.62583
33 0.38994 0.63928
34 0.40569 0.64975
35 0.42143 0.66486
36 0.43716 0.68066
37 0.45287 0.69649
38 0.46859 0.71237
39 0.48429 0.72293
40 0.5 0.73552
41 0.51571 0.75144
42 0.53142 0.76743
43 0.54713 0.77758
44 0.56284 0.79056
45 0.57857 0.80668
46 0.59431 0.81838
47 0.61006 0.82984
48 0.62583 0.84619
49 0.64777 0.85505
50 0.66487 0.8695
51 0.68066 0.88142
52 0.69649 0.89294
53 0.71237 0.90543
54 0.73552 0.9167
55 0.75144 0.92702
56 0.76744 0.94138
57 0.79056 0.94753
58 0.80668 0.95838
59 0.82984 0.96871
60 0.84619 0.97837
61 0.8695 0.9871
62 0.89294 0.99442
63 0.9167 0.9992
64 0.94138 1
