0 0 0.05704
1 0.00011 0.07477
2 0.0016 0.09604
3 0.00473 0.1126
4 0.00896 0.12896
5 0.01396 0.14522
6 0.01954 0.16142
7 0.02557 0.17284
8 0.03196 0.18894
9 0.03866 0.2002
10 0.04563 0.21626
11 0.05282 0.22744
12 0.05704 0.24349
13 0.0662 0.2546
14 0.07477 0.26568
15 0.07708 0.28173
16 0.08967 0.29277
17 0.09604 0.30379
18 0.10499 0.31987
19 0.1126 0.33087
20 0.1212 0.34185
21 0.12897 0.35281
22 0.13843 0.36376
23 0.14523 0.37642
24 0.15646 0.39086
25 0.16142 0.4018
26 0.17284 0.41273
27 0.18152 0.42365
28 0.18894 0.43457
29 0.2002 0.44548
30 0.20791 0.45639
31 0.21626 0.4673
32 0.22744 0.4782
33 0.23644 0.4891
34 0.24349 0.5
35 0.2546 0.5109
36 0.26568 0.5218
37 0.27319 0.5327
38 0.28173 0.54361
39 0.29277 0.55452
40 0.30379 0.56543
41 0.31371 0.57634
42 0.31988 0.58727
43 0.33087 0.5982
44 0.34185 0.60914
45 0.35281 0.6188
46 0.36376 0.62617
47 0.37383 0.63624
48 0.3812 0.64719
49 0.39086 0.65815
50 0.4018 0.66913
51 0.41273 0.68012
52 0.42366 0.68629
53 0.43457 0.69621
54 0.44548 0.70723
55 0.45639 0.71827
56 0.4673 0.72681
57 0.4782 0.73432
58 0.4891 0.7454
59 0.5 0.75651
60 0.5109 0.76356
61 0.5218 0.77256
62 0.5327 0.78374
63 0.54361 0.79209
64 0.55452 0.7998
65 0.56543 0.81106
66 0.57635 0.81848
67 0.58727 0.82716
68 0.5982 0.83858
69 0.60914 0.84354
70 0.62358 0.85477
71 0.63624 0.86157
72 0.64719 0.87103
73 0.65815 0.8788
74 0.66913 0.8874
75 0.68013 0.89501
76 0.69621 0.90396
77 0.70723 0.91033
78 0.71827 0.92292
79 0.73432 0.92523
80 0.7454 0.9338
81 0.75651 0.94296
82 0.77256 0.94718
83 0.78374 0.95437
84 0.7998 0.96134
85 0.81106 0.96804
86 0.82716 0.97443
87 0.83858 0.98046
88 0.85478 0.98604
89 0.87104 0.99104
90 0.8874 0.99527
91 0.90396 0.9984
92 0.92523 0.99989
93 0.94296 1
