0 0 0.0363
1 0.00128 0.05512
2 0.0065 0.07341
3 0.01352 0.09152
4 0.02144 0.10956
5 0.02996 0.12221
6 0.0363 0.14017
7 0.04516 0.15267
8 0.05513 0.17061
9 0.06162 0.18303
10 0.07341 0.1954
11 0.081 0.21335
12 0.09152 0.22569
13 0.10243 0.23799
14 0.10956 0.25028
15 0.12222 0.26827
16 0.13133 0.28054
17 0.14017 0.2928
18 0.15267 0.30504
19 0.1633 0.31727
20 0.17061 0.33533
21 0.18303 0.34756
22 0.1954 0.35978
23 0.20496 0.37199
24 0.21335 0.3842
25 0.22569 0.39641
26 0.238 0.4086
27 0.25028 0.4208
28 0.25821 0.43299
29 0.26827 0.44518
30 0.28054 0.45736
31 0.2928 0.46954
32 0.30504 0.48173
33 0.31727 0.49391
34 0.32783 0.50609
35 0.33533 0.51827
36 0.34756 0.53045
37 0.35978 0.54264
38 0.372 0.55482
39 0.3842 0.56701
40 0.39641 0.5792
41 0.4086 0.5914
42 0.4208 0.60359
43 0.43299 0.6158
44 0.44518 0.628
45 0.45736 0.64022
46 0.46955 0.65244
47 0.48173 0.66467
48 0.49391 0.67217
49 0.50609 0.68273
50 0.51827 0.69496
51 0.53046 0.7072
52 0.54264 0.71946
53 0.55482 0.73173
54 0.56701 0.74179
55 0.5792 0.74972
56 0.5914 0.762
57 0.60359 0.77431
58 0.6158 0.78665
59 0.62801 0.79504
60 0.64022 0.8046
61 0.65244 0.81697
62 0.66467 0.82939
63 0.68273 0.8367
64 0.69496 0.84733
65 0.7072 0.85983
66 0.71946 0.86867
67 0.73173 0.87778
68 0.74972 0.89044
69 0.76201 0.89757
70 0.77431 0.90848
71 0.78665 0.919
72 0.8046 0.92659
73 0.81697 0.93838
74 0.82939 0.94487
75 0.84733 0.95484
76 0.85983 0.9637
77 0.87779 0.97004
78 0.89044 0.97856
79 0.90848 0.98648
80 0.92659 0.9935
81 0.94488 0.99872
82 0.9637 1
