0 0 0.11399
1 2e-05 0.14734
2 0.00072 0.17281
3 0.00302 0.19762
4 0.00684 0.2221
5 0.01186 0.2464
6 0.01785 0.26429
7 0.02463 0.28756
8 0.03208 0.30715
9 0.0401 0.32836
10 0.04861 0.34496
11 0.05756 0.36904
12 0.06692 0.38554
13 0.07663 0.40199
14 0.08667 0.41839
15 0.09702 0.43476
16 0.10765 0.45258
17 0.11399 0.47105
18 0.12782 0.489
19 0.14034 0.50558
20 0.14734 0.5208
21 0.1624 0.53552
22 0.17282 0.55008
23 0.1852 0.56524
24 0.19762 0.58161
25 0.20952 0.59801
26 0.2221 0.61446
27 0.23572 0.63096
28 0.2464 0.64101
29 0.26322 0.65504
30 0.27123 0.67164
31 0.28756 0.68856
32 0.30342 0.69658
33 0.31144 0.71244
34 0.32836 0.72877
35 0.34496 0.73678
36 0.35899 0.7536
37 0.36904 0.76428
38 0.38554 0.7779
39 0.40199 0.79048
40 0.41839 0.80238
41 0.43476 0.8148
42 0.44992 0.82718
43 0.46448 0.8376
44 0.4792 0.85266
45 0.49442 0.85966
46 0.511 0.87218
47 0.52895 0.88601
48 0.54742 0.89235
49 0.56524 0.90298
50 0.58161 0.91333
51 0.59801 0.92337
52 0.61446 0.93308
53 0.63096 0.94244
54 0.65504 0.95139
55 0.67164 0.9599
56 0.69285 0.96792
57 0.71244 0.97537
58 0.73571 0.98215
59 0.7536 0.98814
60 0.7779 0.99316
61 0.80238 0.99698
62 0.82719 0.99928
63 0.85266 0.99998
64 0.88601 1
