0 0 0.03586
1 0.00127 0.05446
2 0.00643 0.07253
3 0.01335 0.09043
4 0.02118 0.10825
5 0.02959 0.12075
6 0.03586 0.13849
7 0.0446 0.15084
8 0.05447 0.16856
9 0.06083 0.18083
10 0.07253 0.19306
11 0.07996 0.21079
12 0.09043 0.22298
13 0.10112 0.23514
14 0.10825 0.24728
15 0.12075 0.26505
16 0.12959 0.27717
17 0.13849 0.28928
18 0.15084 0.30138
19 0.16111 0.31346
20 0.16856 0.3313
21 0.18084 0.34338
22 0.19306 0.35546
23 0.20205 0.36752
24 0.21079 0.37959
25 0.22298 0.39164
26 0.23514 0.40369
27 0.24728 0.41574
28 0.25398 0.42778
29 0.26505 0.43982
30 0.27717 0.45186
31 0.28928 0.46429
32 0.30138 0.47721
33 0.31346 0.48981
34 0.32259 0.50199
35 0.3313 0.51376
36 0.34338 0.5252
37 0.35546 0.53644
38 0.36753 0.54814
39 0.37959 0.56018
40 0.39164 0.57221
41 0.40369 0.58426
42 0.41574 0.59631
43 0.42779 0.60836
44 0.43982 0.62041
45 0.45186 0.63247
46 0.46356 0.64454
47 0.4748 0.65662
48 0.48624 0.6687
49 0.49801 0.67741
50 0.51019 0.68654
51 0.52279 0.69862
52 0.53571 0.71072
53 0.54814 0.72283
54 0.56018 0.73495
55 0.57222 0.74602
56 0.58426 0.75272
57 0.59631 0.76486
58 0.60836 0.77702
59 0.62041 0.78921
60 0.63248 0.79795
61 0.64454 0.80694
62 0.65662 0.81916
63 0.6687 0.83144
64 0.68654 0.83889
65 0.69862 0.84916
66 0.71072 0.86151
67 0.72283 0.87041
68 0.73495 0.87925
69 0.75272 0.89175
70 0.76486 0.89888
71 0.77702 0.90957
72 0.78921 0.92004
73 0.80694 0.92747
74 0.81917 0.93917
75 0.83144 0.94553
76 0.84916 0.9554
77 0.86151 0.96414
78 0.87925 0.97041
79 0.89175 0.97882
80 0.90957 0.98665
81 0.92747 0.99357
82 0.94554 0.99873
83 0.96414 1
