0 0 0.07692
1 0.00016 0.1088
2 0.00234 0.13326
3 0.0069 0.15725
4 0.01309 0.181
5 0.02043 0.20464
6 0.02863 0.22823
7 0.03751 0.24472
8 0.04694 0.26822
9 0.05685 0.28453
10 0.06716 0.30074
11 0.07692 0.32424
12 0.08352 0.34038
13 0.09834 0.35646
14 0.1088 0.3725
15 0.11868 0.39304
16 0.13326 0.41214
17 0.13954 0.42814
18 0.15725 0.44413
19 0.16393 0.4601
20 0.181 0.47606
21 0.19167 0.49202
22 0.20464 0.50798
23 0.22 0.52393
24 0.22823 0.5399
25 0.24472 0.55587
26 0.25963 0.57186
27 0.26823 0.58786
28 0.28453 0.60353
29 0.30074 0.61354
30 0.31345 0.6275
31 0.32424 0.64354
32 0.34038 0.65962
33 0.35646 0.67576
34 0.3725 0.68655
35 0.38646 0.69926
36 0.39647 0.71547
37 0.41214 0.73177
38 0.42814 0.74037
39 0.44413 0.75528
40 0.4601 0.77177
41 0.47607 0.78
42 0.49202 0.79536
43 0.50798 0.80833
44 0.52394 0.819
45 0.5399 0.83607
46 0.55587 0.84275
47 0.57186 0.86046
48 0.58786 0.86674
49 0.60696 0.88132
50 0.6275 0.8912
51 0.64354 0.90166
52 0.65962 0.91648
53 0.67576 0.92308
54 0.69926 0.93284
55 0.71547 0.94315
56 0.73178 0.95306
57 0.75528 0.96249
58 0.77177 0.97137
59 0.79536 0.97957
60 0.819 0.98691
61 0.84275 0.9931
62 0.86674 0.99766
63 0.8912 0.99984
64 0.92308 1
