0 0 0.092
1 1e-05 0.11891
2 0.00058 0.14478
3 0.00244 0.1649
4 0.00552 0.1847
5 0.00956 0.20434
6 0.01437 0.21823
7 0.01981 0.23763
8 0.02578 0.257
9 0.03219 0.27055
10 0.039 0.28987
11 0.04614 0.30328
12 0.05359 0.31939
13 0.06132 0.33593
14 0.06929 0.3492
15 0.0775 0.36244
16 0.08593 0.38179
17 0.092 0.395
18 0.10119 0.40818
19 0.11149 0.42133
20 0.11892 0.43447
21 0.1279 0.44759
22 0.13918 0.4614
23 0.14478 0.47567
24 0.1577 0.48953
25 0.1649 0.5028
26 0.17696 0.5155
27 0.18471 0.52781
28 0.19719 0.53988
29 0.20434 0.55241
30 0.21823 0.56553
31 0.22422 0.57867
32 0.23763 0.59182
33 0.24874 0.605
34 0.257 0.61821
35 0.27055 0.62776
36 0.28097 0.63756
37 0.28987 0.6508
38 0.30328 0.66407
39 0.31573 0.67784
40 0.32216 0.68427
41 0.33593 0.69672
42 0.3492 0.71013
43 0.36244 0.71903
44 0.37224 0.72945
45 0.38179 0.743
46 0.395 0.75126
47 0.40818 0.76237
48 0.42133 0.77578
49 0.43447 0.78177
50 0.44759 0.79566
51 0.46012 0.80281
52 0.47219 0.81529
53 0.4845 0.82304
54 0.4972 0.8351
55 0.51047 0.8423
56 0.52433 0.85522
57 0.5386 0.86082
58 0.55241 0.8721
59 0.56553 0.88108
60 0.57867 0.88851
61 0.59182 0.89881
62 0.605 0.908
63 0.61821 0.91407
64 0.63756 0.9225
65 0.6508 0.93071
66 0.66407 0.93868
67 0.68061 0.94641
68 0.69672 0.95386
69 0.71013 0.961
70 0.72945 0.96781
71 0.743 0.97422
72 0.76237 0.98019
73 0.78177 0.98563
74 0.79566 0.99044
75 0.8153 0.99448
76 0.8351 0.99756
77 0.85522 0.99942
78 0.88109 0.99999
79 0.908 1
