0 0 0.2295
1 3e-05 0.28908
2 0.00159 0.34623
3 0.00678 0.38676
4 0.01548 0.44213
5 0.02705 0.48076
6 0.04101 0.51924
7 0.05699 0.55787
8 0.07473 0.58579
9 0.09404 0.61504
10 0.11477 0.65377
11 0.13683 0.68139
12 0.16014 0.71092
13 0.18465 0.73861
14 0.21032 0.77049
15 0.22951 0.78968
16 0.26139 0.81535
17 0.28908 0.83986
18 0.31861 0.86317
19 0.34623 0.88523
20 0.38496 0.90596
21 0.41421 0.92527
22 0.44213 0.94301
23 0.48076 0.95899
24 0.51924 0.97295
25 0.55787 0.98452
26 0.61324 0.99322
27 0.65377 0.99841
28 0.71092 0.99997
29 0.7705 1
