0 0 0.05706
1 0.00202 0.08664
2 0.01027 0.11539
3 0.02138 0.1439
4 0.03397 0.16386
5 0.04751 0.19216
6 0.05706 0.21181
7 0.07241 0.24011
8 0.08664 0.25962
9 0.10025 0.27904
10 0.11539 0.2984
11 0.13224 0.32679
12 0.1439 0.34612
13 0.16386 0.36542
14 0.17751 0.38469
15 0.19216 0.40394
16 0.21181 0.42317
17 0.22952 0.44239
18 0.24011 0.4616
19 0.25962 0.4808
20 0.27904 0.5
21 0.29841 0.5192
22 0.3136 0.5384
23 0.32679 0.55761
24 0.34613 0.57682
25 0.36542 0.59606
26 0.3847 0.6153
27 0.40394 0.63458
28 0.42318 0.65387
29 0.44239 0.67321
30 0.4616 0.6864
31 0.4808 0.70159
32 0.5 0.72096
33 0.5192 0.74038
34 0.5384 0.75989
35 0.55761 0.77048
36 0.57683 0.78819
37 0.59606 0.80784
38 0.61531 0.82249
39 0.63458 0.83614
40 0.65388 0.8561
41 0.67321 0.86776
42 0.7016 0.88461
43 0.72096 0.89975
44 0.74038 0.91336
45 0.75989 0.92759
46 0.78819 0.94294
47 0.80784 0.95249
48 0.83614 0.96603
49 0.8561 0.97862
50 0.88461 0.98973
51 0.91336 0.99798
52 0.94294 1
