0 0 0.05518
1 0.00076 0.07842
2 0.00525 0.10078
3 0.01213 0.12285
4 0.02034 0.14478
5 0.02942 0.16018
6 0.03913 0.18197
7 0.04932 0.19715
8 0.05518 0.2189
9 0.06851 0.23396
10 0.07842 0.25111
11 0.08861 0.27072
12 0.10078 0.28566
13 0.11096 0.30056
14 0.12285 0.32239
15 0.13566 0.33727
16 0.14478 0.35213
17 0.16019 0.36697
18 0.16912 0.38179
19 0.18197 0.39659
20 0.19715 0.41138
21 0.20678 0.42817
22 0.2189 0.4482
23 0.23396 0.463
24 0.24844 0.4778
25 0.25422 0.4926
26 0.27072 0.5074
27 0.28566 0.52219
28 0.30056 0.53699
29 0.31365 0.5518
30 0.32239 0.56308
31 0.33727 0.57519
32 0.35213 0.58862
33 0.36697 0.60341
34 0.38179 0.61821
35 0.39659 0.63303
36 0.41138 0.64787
37 0.42481 0.66273
38 0.43692 0.67761
39 0.4482 0.68635
40 0.46301 0.69944
41 0.47781 0.71434
42 0.4926 0.72928
43 0.5074 0.74578
44 0.5222 0.75156
45 0.537 0.76604
46 0.5518 0.7811
47 0.57183 0.79322
48 0.58862 0.80285
49 0.60341 0.81803
50 0.61821 0.83088
51 0.63303 0.83981
52 0.64787 0.85522
53 0.66273 0.86434
54 0.67761 0.87715
55 0.69944 0.88904
56 0.71434 0.89922
57 0.72928 0.91139
58 0.74889 0.92158
59 0.76604 0.93149
60 0.7811 0.94482
61 0.80285 0.95068
62 0.81803 0.96087
63 0.83982 0.97058
64 0.85522 0.97966
65 0.87715 0.98787
66 0.89922 0.99475
67 0.92158 0.99924
68 0.94482 1
