0 0 0.09569
1 1e-05 0.12368
2 6e-04 0.14508
3 0.00254 0.17152
4 0.00574 0.19213
5 0.00994 0.21256
6 0.01496 0.227
7 0.02062 0.2472
8 0.02683 0.26376
9 0.03352 0.28146
10 0.0406 0.29638
11 0.04805 0.31553
12 0.05581 0.32941
13 0.06387 0.34953
14 0.07219 0.36334
15 0.08075 0.37711
16 0.08954 0.39085
17 0.09569 0.40527
18 0.10561 0.42478
19 0.11627 0.43848
20 0.12368 0.45217
21 0.13364 0.46584
22 0.14508 0.47951
23 0.14977 0.49317
24 0.1647 0.50683
25 0.17152 0.52049
26 0.18498 0.53415
27 0.19213 0.54783
28 0.20622 0.56151
29 0.21256 0.57522
30 0.227 0.58507
31 0.2363 0.59591
32 0.2472 0.60915
33 0.26077 0.62288
34 0.26606 0.63666
35 0.28146 0.65047
36 0.29509 0.65824
37 0.30255 0.67059
38 0.31553 0.68447
39 0.32941 0.69745
40 0.34176 0.70491
41 0.34953 0.71854
42 0.36334 0.73394
43 0.37712 0.73923
44 0.39085 0.7528
45 0.40409 0.7637
46 0.41493 0.773
47 0.42478 0.78744
48 0.43849 0.79378
49 0.45217 0.80787
50 0.46585 0.81502
51 0.47951 0.82848
52 0.49317 0.8353
53 0.50683 0.85023
54 0.52049 0.85492
55 0.53416 0.86636
56 0.54783 0.87632
57 0.56152 0.88373
58 0.57522 0.89439
59 0.59473 0.90431
60 0.60915 0.91046
61 0.62289 0.91925
62 0.63666 0.92781
63 0.65047 0.93613
64 0.67059 0.94419
65 0.68447 0.95195
66 0.70362 0.9594
67 0.71854 0.96648
68 0.73624 0.97317
69 0.7528 0.97938
70 0.773 0.98504
71 0.78744 0.99006
72 0.80787 0.99426
73 0.82848 0.99746
74 0.85492 0.9994
75 0.87632 0.99999
76 0.90431 1
