0 0 0.17916
1 3e-05 0.22328
2 0.00118 0.26515
3 0.005 0.30626
4 0.01137 0.34717
5 0.0198 0.3755
6 0.02991 0.40348
7 0.04143 0.43867
8 0.05414 0.47223
9 0.06789 0.5
10 0.08258 0.52777
11 0.09812 0.55212
12 0.11443 0.57334
13 0.13146 0.59652
14 0.14918 0.6245
15 0.16754 0.65283
16 0.17916 0.66919
17 0.20349 0.69374
18 0.22329 0.7171
19 0.24063 0.73484
20 0.26516 0.75937
21 0.2829 0.77671
22 0.30626 0.79651
23 0.33081 0.82084
24 0.34717 0.83246
25 0.3755 0.85082
26 0.40348 0.86854
27 0.42666 0.88557
28 0.44788 0.90188
29 0.47223 0.91742
30 0.5 0.93211
31 0.52777 0.94586
32 0.56133 0.95857
33 0.59652 0.97009
34 0.6245 0.9802
35 0.65283 0.98863
36 0.69374 0.995
37 0.73485 0.99882
38 0.77672 0.99997
39 0.82084 1
