0 0 0.17789
1 3e-05 0.23585
2 0.00124 0.28013
3 0.00528 0.32367
4 0.01201 0.35393
5 0.02092 0.39706
6 0.03162 0.42669
7 0.04382 0.4561
8 0.05729 0.48538
9 0.07189 0.51462
10 0.08748 0.5439
11 0.10399 0.57331
12 0.12134 0.60294
13 0.13948 0.62335
14 0.15835 0.64607
15 0.1779 0.67633
16 0.18827 0.69571
17 0.21685 0.71987
18 0.23585 0.74198
19 0.25802 0.76415
20 0.28013 0.78315
21 0.30429 0.81173
22 0.32367 0.8221
23 0.35393 0.84165
24 0.37665 0.86052
25 0.39706 0.87866
26 0.42669 0.89601
27 0.4561 0.91252
28 0.48538 0.92811
29 0.51462 0.94271
30 0.5439 0.95618
31 0.57331 0.96838
32 0.60294 0.97908
33 0.64607 0.98799
34 0.67633 0.99472
35 0.71987 0.99876
36 0.76415 0.99997
37 0.82211 1
