0 0 0.03071
1 0.00109 0.04664
2 0.0055 0.06212
3 0.01142 0.07744
4 0.01811 0.0927
5 0.02529 0.10341
6 0.03071 0.11859
7 0.038 0.12917
8 0.04664 0.14434
9 0.05158 0.15485
10 0.06212 0.17002
11 0.06768 0.18049
12 0.07744 0.19093
13 0.08574 0.20611
14 0.0927 0.21653
15 0.10341 0.22693
16 0.10898 0.23732
17 0.11859 0.25253
18 0.12917 0.2629
19 0.13519 0.27327
20 0.14434 0.28362
21 0.15485 0.29397
22 0.16411 0.30431
23 0.17002 0.31958
24 0.18049 0.32992
25 0.19093 0.34025
26 0.20067 0.35058
27 0.20611 0.3609
28 0.21653 0.37122
29 0.22693 0.38153
30 0.23732 0.39184
31 0.24697 0.40215
32 0.25253 0.41279
33 0.2629 0.42783
34 0.27327 0.43814
35 0.28363 0.44845
36 0.29397 0.45876
37 0.30431 0.46907
38 0.31205 0.47938
39 0.31958 0.48969
40 0.32992 0.5
41 0.34025 0.51031
42 0.35058 0.52062
43 0.3609 0.53092
44 0.37122 0.54123
45 0.38153 0.55154
46 0.39185 0.56186
47 0.40215 0.57217
48 0.41223 0.57929
49 0.42071 0.58777
50 0.42783 0.59785
51 0.43814 0.60815
52 0.44846 0.61847
53 0.45877 0.62878
54 0.46908 0.6391
55 0.47938 0.64942
56 0.48969 0.65975
57 0.5 0.67008
58 0.51031 0.68042
59 0.52062 0.68795
60 0.53093 0.69569
61 0.54124 0.70603
62 0.55155 0.71637
63 0.56186 0.72673
64 0.57217 0.7371
65 0.58721 0.74747
66 0.59785 0.75303
67 0.60816 0.76268
68 0.61847 0.77307
69 0.62878 0.78347
70 0.6391 0.79389
71 0.64942 0.79933
72 0.65975 0.80907
73 0.67008 0.81951
74 0.68042 0.82998
75 0.69569 0.83589
76 0.70603 0.84515
77 0.71638 0.85566
78 0.72673 0.86481
79 0.7371 0.87083
80 0.74747 0.88141
81 0.76268 0.89102
82 0.77307 0.89659
83 0.78347 0.9073
84 0.79389 0.91426
85 0.80907 0.92256
86 0.81951 0.93232
87 0.82998 0.93788
88 0.84515 0.94842
89 0.85566 0.95336
90 0.87083 0.962
91 0.88141 0.96929
92 0.89659 0.97471
93 0.9073 0.98189
94 0.92256 0.98858
95 0.93788 0.9945
96 0.95336 0.99891
97 0.96929 1
