0 0 0.07801
1 0.00119 0.12379
2 0.00833 0.15912
3 0.01928 0.18498
4 0.0324 0.21847
5 0.04695 0.25305
6 0.06256 0.27703
7 0.07801 0.30083
8 0.08677 0.33541
9 0.11093 0.35908
10 0.12379 0.38268
11 0.14551 0.40621
12 0.15912 0.42969
13 0.18368 0.45314
14 0.19152 0.47658
15 0.21847 0.5
16 0.24065 0.52342
17 0.25305 0.54685
18 0.27703 0.57031
19 0.30083 0.59379
20 0.32129 0.61732
21 0.33541 0.64091
22 0.35909 0.66459
23 0.38268 0.67871
24 0.40621 0.69917
25 0.42969 0.72297
26 0.45315 0.74695
27 0.47658 0.75935
28 0.5 0.78153
29 0.52342 0.80848
30 0.54686 0.81632
31 0.57031 0.84088
32 0.59379 0.85449
33 0.61732 0.87621
34 0.64092 0.88907
35 0.66459 0.91323
36 0.69917 0.92199
37 0.72297 0.93744
38 0.74695 0.95305
39 0.78153 0.9676
40 0.81502 0.98072
41 0.84088 0.99167
42 0.87621 0.99881
43 0.92199 1
