0 0 0.21393
1 3e-05 0.26941
2 0.00149 0.32245
3 0.00633 0.37497
4 0.01443 0.41119
5 0.02521 0.44729
6 0.03818 0.48604
7 0.05301 0.52107
8 0.06944 0.55342
9 0.08731 0.58881
10 0.10646 0.62503
11 0.1268 0.65061
12 0.14826 0.67755
13 0.17078 0.71149
14 0.19432 0.73059
15 0.21393 0.7604
16 0.2396 0.78607
17 0.26941 0.80568
18 0.28851 0.82922
19 0.32245 0.85174
20 0.34939 0.8732
21 0.37497 0.89354
22 0.41119 0.91269
23 0.44658 0.93056
24 0.47893 0.94699
25 0.51396 0.96182
26 0.55271 0.97479
27 0.58881 0.98557
28 0.62503 0.99367
29 0.67755 0.99851
30 0.73059 0.99997
31 0.78607 1
