0 0 0.06993
1 0.00107 0.11094
2 0.00745 0.1426
3 0.01725 0.17386
4 0.02897 0.19578
5 0.04195 0.22672
6 0.05586 0.24822
7 0.06993 0.27913
8 0.07645 0.30044
9 0.09872 0.32165
10 0.11095 0.34278
11 0.12906 0.37381
12 0.1426 0.39491
13 0.16265 0.41597
14 0.17386 0.437
15 0.19578 0.45801
16 0.21131 0.47901
17 0.22672 0.5
18 0.24822 0.52099
19 0.26674 0.54199
20 0.27913 0.563
21 0.30044 0.58403
22 0.32165 0.60509
23 0.34278 0.62619
24 0.35926 0.64074
25 0.37381 0.65722
26 0.39491 0.67835
27 0.41597 0.69956
28 0.437 0.72087
29 0.45801 0.73326
30 0.47901 0.75178
31 0.5 0.77328
32 0.52099 0.78869
33 0.54199 0.80422
34 0.563 0.82614
35 0.58403 0.83735
36 0.60509 0.8574
37 0.62619 0.87094
38 0.65722 0.88905
39 0.67835 0.90128
40 0.69956 0.92355
41 0.72087 0.93007
42 0.75178 0.94414
43 0.77328 0.95805
44 0.80422 0.97103
45 0.82614 0.98275
46 0.8574 0.99255
47 0.88906 0.99893
48 0.93007 1
