0 0 0.15983
1 0.00032 0.21262
2 0.00486 0.26325
3 0.01444 0.31332
4 0.02754 0.34803
5 0.04321 0.38222
6 0.06085 0.42543
7 0.08011 0.4661
8 0.10072 0.5
9 0.12254 0.5339
10 0.14541 0.56466
11 0.15983 0.58905
12 0.19032 0.61778
13 0.21262 0.65197
14 0.23946 0.68668
15 0.26325 0.70451
16 0.29549 0.73675
17 0.31332 0.76054
18 0.34803 0.78738
19 0.38222 0.80968
20 0.41095 0.84017
21 0.43534 0.85459
22 0.4661 0.87746
23 0.5 0.89928
24 0.5339 0.91989
25 0.57457 0.93915
26 0.61778 0.95679
27 0.65197 0.97246
28 0.68668 0.98556
29 0.73675 0.99514
30 0.78738 0.99968
31 0.84017 1
