0 0 0.0521
1 0.00185 0.0791
2 0.00937 0.10535
3 0.01949 0.13136
4 0.03096 0.1496
5 0.04328 0.17542
6 0.0521 0.19337
7 0.0658 0.21917
8 0.0791 0.23698
9 0.09083 0.25472
10 0.10535 0.28057
11 0.11975 0.29826
12 0.13136 0.3159
13 0.1496 0.33352
14 0.15938 0.3511
15 0.17542 0.37352
16 0.19337 0.39469
17 0.20609 0.41226
18 0.21917 0.42983
19 0.23698 0.44738
20 0.25472 0.46492
21 0.26876 0.48246
22 0.28057 0.5
23 0.29826 0.51754
24 0.3159 0.53508
25 0.33352 0.55262
26 0.3511 0.57017
27 0.36672 0.58774
28 0.37692 0.60531
29 0.39469 0.62308
30 0.41226 0.63328
31 0.42983 0.6489
32 0.44738 0.66648
33 0.46492 0.6841
34 0.48246 0.70174
35 0.5 0.71943
36 0.51754 0.73124
37 0.53508 0.74528
38 0.55262 0.76302
39 0.57017 0.78083
40 0.58774 0.79391
41 0.60531 0.80663
42 0.62648 0.82458
43 0.6489 0.84062
44 0.66648 0.8504
45 0.6841 0.86864
46 0.70174 0.88025
47 0.71943 0.89465
48 0.74528 0.90917
49 0.76302 0.9209
50 0.78083 0.9342
51 0.80663 0.9479
52 0.82458 0.95672
53 0.8504 0.96904
54 0.86864 0.98051
55 0.89465 0.99063
56 0.9209 0.99815
57 0.9479 1
