0 0 0.13586
1 2e-05 0.17767
2 9e-04 0.20959
3 0.0038 0.24077
4 0.00862 0.27161
5 0.01498 0.30232
6 0.02258 0.32373
7 0.03121 0.3543
8 0.0407 0.3754
9 0.05094 0.39635
10 0.06183 0.41765
11 0.07331 0.44412
12 0.08532 0.46879
13 0.09782 0.4896
14 0.11077 0.5104
15 0.12415 0.53121
16 0.13586 0.54984
17 0.14762 0.56583
18 0.16511 0.58313
19 0.17767 0.60365
20 0.19251 0.6246
21 0.20959 0.6457
22 0.22142 0.65823
23 0.24077 0.67627
24 0.25414 0.69768
25 0.27161 0.71023
26 0.28977 0.72839
27 0.30232 0.74586
28 0.32373 0.75923
29 0.34177 0.77858
30 0.3543 0.79041
31 0.3754 0.80749
32 0.39635 0.82233
33 0.41687 0.83489
34 0.43417 0.85238
35 0.45016 0.86414
36 0.46879 0.87585
37 0.4896 0.88923
38 0.5104 0.90218
39 0.53121 0.91468
40 0.55588 0.92669
41 0.58235 0.93817
42 0.60365 0.94906
43 0.6246 0.9593
44 0.6457 0.96879
45 0.67627 0.97742
46 0.69768 0.98502
47 0.72839 0.99138
48 0.75923 0.9962
49 0.79041 0.9991
50 0.82233 0.99998
51 0.86414 1
