0 0 0.13865
1 2e-05 0.18132
2 0.00092 0.2139
3 0.00388 0.24573
4 0.0088 0.27723
5 0.01529 0.3086
6 0.02306 0.33045
7 0.03186 0.35406
8 0.04156 0.38323
9 0.05202 0.40463
10 0.06315 0.42592
11 0.07489 0.44714
12 0.08717 0.47003
13 0.09995 0.49232
14 0.1132 0.51328
15 0.12688 0.53318
16 0.13865 0.55286
17 0.15117 0.57408
18 0.16888 0.59537
19 0.18132 0.61676
20 0.1972 0.63505
21 0.2139 0.64893
22 0.22729 0.66955
23 0.24573 0.6914
24 0.26095 0.70276
25 0.27723 0.72277
26 0.29724 0.73905
27 0.3086 0.75427
28 0.33045 0.77271
29 0.35107 0.7861
30 0.36495 0.8028
31 0.38324 0.81868
32 0.40463 0.83112
33 0.42592 0.84883
34 0.44714 0.86135
35 0.46682 0.87312
36 0.48672 0.8868
37 0.50768 0.90005
38 0.52997 0.91283
39 0.55286 0.92511
40 0.57408 0.93685
41 0.59537 0.94798
42 0.61677 0.95844
43 0.64594 0.96814
44 0.66955 0.97694
45 0.6914 0.98471
46 0.72277 0.9912
47 0.75427 0.99612
48 0.7861 0.99908
49 0.81868 0.99998
50 0.86135 1
