0 0 0.05954
1 0.00081 0.08462
2 0.00567 0.10875
3 0.0131 0.13257
4 0.02198 0.15624
5 0.03179 0.17286
6 0.04229 0.19638
7 0.05332 0.21275
8 0.05954 0.23625
9 0.07419 0.2525
10 0.08462 0.26867
11 0.09618 0.2922
12 0.10875 0.30832
13 0.12064 0.3244
14 0.13257 0.34045
15 0.14747 0.35647
16 0.15624 0.38012
17 0.17286 0.39614
18 0.18497 0.41215
19 0.19638 0.42814
20 0.21275 0.44412
21 0.2266 0.46009
22 0.23625 0.47606
23 0.2525 0.49202
24 0.26867 0.50798
25 0.28258 0.52394
26 0.2922 0.53991
27 0.30832 0.55588
28 0.32441 0.57186
29 0.34045 0.58785
30 0.35648 0.60386
31 0.36943 0.61988
32 0.38012 0.63057
33 0.39614 0.64352
34 0.41215 0.65955
35 0.42814 0.67559
36 0.44412 0.69168
37 0.46009 0.7078
38 0.47606 0.71742
39 0.49202 0.73133
40 0.50798 0.7475
41 0.52394 0.76375
42 0.53991 0.7734
43 0.55588 0.78725
44 0.57186 0.80362
45 0.58785 0.81503
46 0.60386 0.82714
47 0.61988 0.84376
48 0.64353 0.85253
49 0.65955 0.86743
50 0.6756 0.87936
51 0.69168 0.89125
52 0.7078 0.90382
53 0.73133 0.91538
54 0.7475 0.92581
55 0.76375 0.94046
56 0.78725 0.94668
57 0.80362 0.95771
58 0.82714 0.96821
59 0.84376 0.97802
60 0.86743 0.9869
61 0.89125 0.99433
62 0.91538 0.99919
63 0.94046 1
