0 0 0.03346
1 0.00118 0.05081
2 0.00599 0.06767
3 0.01245 0.08436
4 0.01974 0.10099
5 0.02758 0.11265
6 0.03346 0.1292
7 0.04151 0.14072
8 0.05082 0.15725
9 0.0565 0.1687
10 0.06767 0.18011
11 0.07421 0.19664
12 0.08436 0.20801
13 0.09391 0.21936
14 0.10099 0.23592
15 0.11265 0.24724
16 0.11996 0.25856
17 0.1292 0.26986
18 0.14072 0.28163
19 0.14903 0.29775
20 0.15725 0.30903
21 0.1687 0.3203
22 0.18011 0.33156
23 0.18548 0.34282
24 0.19664 0.35407
25 0.20801 0.3655
26 0.21936 0.38201
27 0.22804 0.39326
28 0.23592 0.40451
29 0.24725 0.41575
30 0.25856 0.42699
31 0.26986 0.43822
32 0.28096 0.44946
33 0.28702 0.46069
34 0.29775 0.47192
35 0.30903 0.48315
36 0.3203 0.49438
37 0.33157 0.50561
38 0.34282 0.51684
39 0.35407 0.52808
40 0.36521 0.53931
41 0.37341 0.55054
42 0.38201 0.56178
43 0.39326 0.57301
44 0.40451 0.58425
45 0.41575 0.59549
46 0.42699 0.60674
47 0.43822 0.61799
48 0.44946 0.62659
49 0.46069 0.63479
50 0.47192 0.64593
51 0.48316 0.65718
52 0.49439 0.66843
53 0.50562 0.6797
54 0.51685 0.69097
55 0.52808 0.70225
56 0.53931 0.71298
57 0.55054 0.71904
58 0.56178 0.73014
59 0.57301 0.74144
60 0.58425 0.75275
61 0.59549 0.76408
62 0.60674 0.77196
63 0.61799 0.78064
64 0.6345 0.79199
65 0.64593 0.80336
66 0.65718 0.81452
67 0.66844 0.81989
68 0.6797 0.8313
69 0.69097 0.84275
70 0.70225 0.85097
71 0.71837 0.85928
72 0.73014 0.8708
73 0.74144 0.88004
74 0.75276 0.88735
75 0.76408 0.89901
76 0.78064 0.90609
77 0.79199 0.91564
78 0.80336 0.92579
79 0.81989 0.93233
80 0.8313 0.9435
81 0.84275 0.94918
82 0.85928 0.95849
83 0.8708 0.96654
84 0.88735 0.97242
85 0.89901 0.98026
86 0.91564 0.98755
87 0.93233 0.99401
88 0.94919 0.99882
89 0.96654 1
