0 0 0.05357
1 1e-04 0.07429
2 0.00151 0.0902
3 0.00444 0.10575
4 0.00841 0.12112
5 0.0131 0.13639
6 0.01833 0.1516
7 0.02399 0.16232
8 0.02998 0.17743
9 0.03627 0.1883
10 0.04279 0.20309
11 0.04953 0.21359
12 0.05357 0.22865
13 0.062 0.23909
14 0.07013 0.25416
15 0.07429 0.26455
16 0.08393 0.27492
17 0.0902 0.29
18 0.09814 0.30035
19 0.10575 0.31067
20 0.11316 0.32098
21 0.12112 0.3361
22 0.12921 0.3464
23 0.13639 0.35669
24 0.14607 0.36696
25 0.1516 0.37723
26 0.16232 0.38749
27 0.16873 0.40268
28 0.17743 0.41294
29 0.18796 0.4232
30 0.19159 0.43345
31 0.20309 0.44369
32 0.21359 0.45393
33 0.21827 0.46417
34 0.22865 0.47441
35 0.23909 0.48465
36 0.24722 0.49488
37 0.25416 0.50512
38 0.26455 0.51535
39 0.27492 0.52559
40 0.28324 0.53582
41 0.29 0.54606
42 0.30035 0.55631
43 0.31068 0.56655
44 0.32099 0.5768
45 0.32922 0.58706
46 0.3361 0.59732
47 0.3464 0.60398
48 0.35669 0.61251
49 0.36696 0.62277
50 0.37723 0.63304
51 0.38749 0.64331
52 0.39602 0.6536
53 0.40268 0.6639
54 0.41294 0.67078
55 0.4232 0.67901
56 0.43345 0.68932
57 0.44369 0.69965
58 0.45394 0.71
59 0.46418 0.71676
60 0.47441 0.72508
61 0.48465 0.73545
62 0.49488 0.74584
63 0.50512 0.75278
64 0.51535 0.76091
65 0.52559 0.77135
66 0.53583 0.78173
67 0.54607 0.78641
68 0.55631 0.79691
69 0.56655 0.80841
70 0.5768 0.81204
71 0.58706 0.82257
72 0.59732 0.83127
73 0.61251 0.83768
74 0.62277 0.8484
75 0.63304 0.85393
76 0.64331 0.86361
77 0.6536 0.87079
78 0.6639 0.87888
79 0.67902 0.88684
80 0.68933 0.89425
81 0.69965 0.90186
82 0.71 0.9098
83 0.72508 0.91607
84 0.73545 0.92571
85 0.74584 0.92987
86 0.76091 0.938
87 0.77135 0.94643
88 0.78641 0.95047
89 0.79691 0.95721
90 0.8117 0.96373
91 0.82257 0.97002
92 0.83768 0.97601
93 0.8484 0.98167
94 0.86361 0.9869
95 0.87888 0.99159
96 0.89425 0.99556
97 0.9098 0.99849
98 0.92571 0.9999
99 0.94643 1
