0 0 0.03544
1 0.00125 0.05382
2 0.00635 0.07167
3 0.01319 0.08936
4 0.02093 0.10697
5 0.02924 0.11932
6 0.03544 0.13685
7 0.04406 0.14905
8 0.05382 0.16657
9 0.06007 0.17869
10 0.07167 0.19077
11 0.07894 0.20829
12 0.08936 0.22034
13 0.09984 0.23235
14 0.10697 0.24515
15 0.11932 0.2619
16 0.12789 0.27388
17 0.13685 0.28585
18 0.14906 0.2978
19 0.15898 0.3098
20 0.16657 0.32736
21 0.17869 0.3393
22 0.19077 0.35124
23 0.1992 0.36316
24 0.20829 0.37508
25 0.22034 0.38699
26 0.23235 0.3989
27 0.24412 0.4108
28 0.2494 0.4227
29 0.2619 0.43497
30 0.27389 0.44905
31 0.28585 0.46428
32 0.2978 0.47619
33 0.30972 0.48809
34 0.31713 0.5
35 0.32737 0.51191
36 0.33931 0.52381
37 0.35124 0.53572
38 0.36316 0.54532
39 0.37508 0.55532
40 0.38699 0.56568
41 0.3989 0.5773
42 0.4108 0.5892
43 0.4227 0.6011
44 0.43432 0.61301
45 0.44468 0.62492
46 0.45468 0.63684
47 0.46428 0.64876
48 0.47619 0.66069
49 0.48809 0.67263
50 0.5 0.68287
51 0.51191 0.69028
52 0.52381 0.7022
53 0.53572 0.71415
54 0.55095 0.72611
55 0.56503 0.7381
56 0.5773 0.7506
57 0.5892 0.75588
58 0.6011 0.76765
59 0.61301 0.77966
60 0.62492 0.79171
61 0.63684 0.8008
62 0.64876 0.80923
63 0.6607 0.82131
64 0.67264 0.83343
65 0.6902 0.84102
66 0.7022 0.85094
67 0.71415 0.86315
68 0.72612 0.87211
69 0.7381 0.88068
70 0.75485 0.89303
71 0.76765 0.90016
72 0.77966 0.91064
73 0.79171 0.92106
74 0.80923 0.92833
75 0.82131 0.93993
76 0.83343 0.94618
77 0.85095 0.95594
78 0.86315 0.96456
79 0.88068 0.97076
80 0.89303 0.97907
81 0.91064 0.98681
82 0.92833 0.99365
83 0.94618 0.99875
84 0.96456 1
