0 0 0.09443
1 1e-05 0.12205
2 0.00059 0.14319
3 0.0025 0.16925
4 0.00566 0.18959
5 0.00981 0.20975
6 0.01476 0.224
7 0.02034 0.24392
8 0.02647 0.26382
9 0.03306 0.27772
10 0.04005 0.29757
11 0.04739 0.31134
12 0.05505 0.32503
13 0.06299 0.34487
14 0.0712 0.3585
15 0.07964 0.37209
16 0.0883 0.38564
17 0.09443 0.40556
18 0.10409 0.41909
19 0.11463 0.43261
20 0.12205 0.44611
21 0.13168 0.45959
22 0.14316 0.47307
23 0.14696 0.48653
24 0.1623 0.5
25 0.16926 0.51347
26 0.18223 0.52693
27 0.18959 0.54041
28 0.20313 0.55389
29 0.20975 0.56739
30 0.224 0.5809
31 0.23231 0.59444
32 0.24392 0.6035
33 0.25667 0.61436
34 0.26382 0.62791
35 0.27772 0.6415
36 0.29031 0.65513
37 0.29757 0.66428
38 0.31134 0.67497
39 0.32503 0.68866
40 0.33572 0.70243
41 0.34487 0.70969
42 0.3585 0.72228
43 0.37209 0.73618
44 0.38564 0.74333
45 0.3965 0.75608
46 0.40556 0.76769
47 0.4191 0.776
48 0.43261 0.79025
49 0.44611 0.79687
50 0.45959 0.81041
51 0.47307 0.81777
52 0.48653 0.83074
53 0.5 0.8377
54 0.51347 0.85304
55 0.52693 0.85684
56 0.54041 0.86832
57 0.55389 0.87795
58 0.56739 0.88537
59 0.58091 0.89591
60 0.59444 0.90557
61 0.61436 0.9117
62 0.62791 0.92036
63 0.6415 0.9288
64 0.65513 0.93701
65 0.67497 0.94495
66 0.68866 0.95261
67 0.70243 0.95995
68 0.72228 0.96694
69 0.73618 0.97353
70 0.75608 0.97966
71 0.776 0.98524
72 0.79025 0.99019
73 0.81041 0.99434
74 0.83075 0.9975
75 0.85681 0.99941
76 0.87795 0.99999
77 0.90557 1
