0 0 0.06584
1 0.00101 0.10444
2 0.00701 0.13424
3 0.01622 0.16366
4 0.02723 0.18431
5 0.03943 0.21341
6 0.0525 0.23366
7 0.06584 0.26272
8 0.07125 0.28278
9 0.0926 0.30274
10 0.10444 0.33187
11 0.12084 0.35177
12 0.13424 0.37162
13 0.15214 0.39143
14 0.16366 0.41121
15 0.18431 0.43097
16 0.19632 0.45071
17 0.21341 0.47231
18 0.23366 0.49299
19 0.24744 0.51255
20 0.26272 0.5312
21 0.28278 0.54931
22 0.30274 0.56903
23 0.31812 0.58879
24 0.33187 0.60857
25 0.35177 0.62838
26 0.37162 0.64823
27 0.39143 0.66813
28 0.41121 0.68188
29 0.43097 0.69726
30 0.45069 0.71722
31 0.4688 0.73728
32 0.48745 0.75256
33 0.50701 0.76634
34 0.52769 0.78659
35 0.54929 0.80368
36 0.56903 0.81569
37 0.58879 0.83634
38 0.60857 0.84786
39 0.62838 0.86576
40 0.64823 0.87916
41 0.66813 0.89556
42 0.69726 0.9074
43 0.71722 0.92875
44 0.73728 0.93416
45 0.76634 0.9475
46 0.78659 0.96057
47 0.81569 0.97277
48 0.83634 0.98378
49 0.86576 0.99299
50 0.89556 0.99899
51 0.93416 1
