0 0 0.06444
1 0.00229 0.09783
2 0.01162 0.1303
3 0.0242 0.16251
4 0.03847 0.18504
5 0.05382 0.21704
6 0.06444 0.23922
7 0.08232 0.26125
8 0.09783 0.29326
9 0.11442 0.3152
10 0.1303 0.33707
11 0.15106 0.35888
12 0.16251 0.38065
13 0.18504 0.40399
14 0.20437 0.43471
15 0.21704 0.45648
16 0.23922 0.47824
17 0.26125 0.5
18 0.27891 0.52176
19 0.29326 0.54352
20 0.3152 0.56529
21 0.33707 0.5814
22 0.35888 0.59863
23 0.38065 0.61935
24 0.40137 0.64112
25 0.4186 0.66293
26 0.43471 0.6848
27 0.45648 0.70674
28 0.47824 0.72109
29 0.5 0.73875
30 0.52176 0.76078
31 0.54352 0.78296
32 0.56529 0.79563
33 0.59601 0.81496
34 0.61935 0.83749
35 0.64112 0.84894
36 0.66293 0.8697
37 0.6848 0.88558
38 0.70674 0.90217
39 0.73875 0.91768
40 0.76078 0.93556
41 0.78296 0.94618
42 0.81496 0.96153
43 0.83749 0.9758
44 0.8697 0.98838
45 0.90217 0.99771
46 0.93556 1
