0 0 0.07458
1 0.00015 0.10548
2 0.00227 0.12921
3 0.00669 0.15265
4 0.01268 0.17548
5 0.01979 0.19839
6 0.02774 0.22125
7 0.03634 0.23724
8 0.04547 0.26002
9 0.05506 0.27583
10 0.06505 0.29219
11 0.07458 0.3143
12 0.08067 0.32995
13 0.09516 0.34554
14 0.10548 0.36837
15 0.11464 0.38393
16 0.12921 0.39946
17 0.134 0.41497
18 0.15243 0.43045
19 0.15698 0.44592
20 0.17548 0.46138
21 0.18461 0.47683
22 0.1984 0.49228
23 0.21226 0.50772
24 0.22125 0.52317
25 0.23725 0.53862
26 0.2501 0.55408
27 0.26002 0.56955
28 0.27583 0.58503
29 0.2913 0.60054
30 0.29995 0.61607
31 0.31431 0.63163
32 0.32995 0.64107
33 0.34554 0.65446
34 0.35893 0.67005
35 0.36837 0.68569
36 0.38393 0.70005
37 0.39946 0.7087
38 0.41497 0.72417
39 0.43045 0.73998
40 0.44592 0.7499
41 0.46138 0.76275
42 0.47683 0.77875
43 0.49228 0.78774
44 0.50772 0.8016
45 0.52317 0.81539
46 0.53862 0.82452
47 0.55408 0.84302
48 0.56955 0.84757
49 0.58503 0.866
50 0.60054 0.87079
51 0.61607 0.88536
52 0.63163 0.89452
53 0.65446 0.90484
54 0.67005 0.91933
55 0.6857 0.92542
56 0.70781 0.93495
57 0.72417 0.94494
58 0.73998 0.95453
59 0.76276 0.96366
60 0.77875 0.97226
61 0.80161 0.98021
62 0.82452 0.98732
63 0.84735 0.99331
64 0.87079 0.99773
65 0.89452 0.99985
66 0.92542 1
