0 0 0.05034
1 0.00178 0.07644
2 0.00905 0.1018
3 0.01883 0.12694
4 0.0299 0.14457
5 0.0418 0.16951
6 0.05034 0.18686
7 0.06348 0.21178
8 0.07644 0.229
9 0.08753 0.24614
10 0.1018 0.2711
11 0.11537 0.2882
12 0.12694 0.30525
13 0.14457 0.32227
14 0.1529 0.34189
15 0.16951 0.36436
16 0.18686 0.38135
17 0.19771 0.39833
18 0.21178 0.41529
19 0.229 0.43224
20 0.24614 0.44919
21 0.25718 0.46613
22 0.2711 0.48307
23 0.2882 0.5
24 0.30525 0.51693
25 0.32227 0.53387
26 0.33817 0.55081
27 0.34828 0.56775
28 0.36436 0.58471
29 0.38135 0.60167
30 0.39833 0.61865
31 0.41529 0.63564
32 0.43225 0.65172
33 0.44919 0.66183
34 0.46613 0.67773
35 0.48307 0.69475
36 0.5 0.7118
37 0.51693 0.7289
38 0.53387 0.74282
39 0.55081 0.75386
40 0.56776 0.771
41 0.58471 0.78822
42 0.60167 0.80229
43 0.61865 0.81314
44 0.63564 0.83049
45 0.65811 0.8471
46 0.67773 0.85543
47 0.69475 0.87306
48 0.7118 0.88463
49 0.7289 0.8982
50 0.75386 0.91247
51 0.771 0.92356
52 0.78822 0.93652
53 0.81314 0.94966
54 0.83049 0.9582
55 0.85543 0.9701
56 0.87306 0.98117
57 0.8982 0.99095
58 0.92356 0.99822
59 0.94966 1
