0 0 0.12041
1 0.00025 0.17045
2 0.00366 0.20881
3 0.01084 0.23569
4 0.02064 0.27292
5 0.03229 0.31014
6 0.04537 0.33592
7 0.05958 0.36147
8 0.07475 0.39024
9 0.09073 0.42414
10 0.10742 0.44947
11 0.12042 0.47475
12 0.1381 0.5
13 0.15952 0.52525
14 0.17045 0.55053
15 0.19629 0.57586
16 0.20881 0.59679
17 0.23569 0.61503
18 0.24874 0.63853
19 0.27292 0.66408
20 0.29681 0.68986
21 0.31014 0.70319
22 0.33592 0.72708
23 0.36147 0.75126
24 0.38497 0.76431
25 0.40321 0.79119
26 0.42414 0.80371
27 0.44947 0.82955
28 0.47475 0.84048
29 0.5 0.8619
30 0.52525 0.87958
31 0.55053 0.89258
32 0.57586 0.90927
33 0.60976 0.92525
34 0.63853 0.94042
35 0.66408 0.95463
36 0.68986 0.96771
37 0.72708 0.97936
38 0.76431 0.98916
39 0.79119 0.99634
40 0.82955 0.99975
41 0.87959 1
