0 0 0.07346
1 0.00015 0.1039
2 0.00223 0.12728
3 0.00659 0.15655
4 0.01249 0.17285
5 0.01949 0.19541
6 0.02731 0.21792
7 0.03578 0.23368
8 0.04477 0.2561
9 0.05421 0.27168
10 0.06404 0.2941
11 0.07346 0.30956
12 0.0793 0.32497
13 0.09365 0.34032
14 0.1039 0.3628
15 0.11271 0.37812
16 0.12727 0.39341
17 0.13113 0.40868
18 0.14994 0.42393
19 0.15655 0.43916
20 0.17285 0.45449
21 0.18119 0.47114
22 0.19541 0.48728
23 0.20856 0.50272
24 0.21792 0.51747
25 0.23368 0.53173
26 0.2455 0.54571
27 0.2561 0.56084
28 0.27168 0.57607
29 0.28598 0.59132
30 0.2941 0.60658
31 0.30956 0.62188
32 0.32497 0.6372
33 0.34032 0.64864
34 0.35136 0.65968
35 0.3628 0.67503
36 0.37812 0.69044
37 0.39342 0.7059
38 0.40868 0.71402
39 0.42393 0.72832
40 0.43916 0.7439
41 0.45429 0.7545
42 0.46827 0.76632
43 0.48253 0.78208
44 0.49728 0.79144
45 0.51272 0.80459
46 0.52886 0.81881
47 0.54551 0.82715
48 0.56084 0.84345
49 0.57607 0.85006
50 0.59132 0.86887
51 0.60659 0.87273
52 0.62188 0.88729
53 0.6372 0.8961
54 0.65968 0.90635
55 0.67503 0.9207
56 0.69044 0.92654
57 0.7059 0.93596
58 0.72832 0.94579
59 0.7439 0.95523
60 0.76632 0.96422
61 0.78208 0.97269
62 0.80459 0.98051
63 0.82715 0.98751
64 0.84345 0.99341
65 0.87272 0.99777
66 0.8961 0.99985
67 0.92654 1
