0 0 0.05696
1 0.00087 0.09033
2 0.00606 0.1161
3 0.014 0.14153
4 0.02349 0.16681
5 0.03399 0.18454
6 0.04522 0.20967
7 0.05696 0.22714
8 0.05976 0.2445
9 0.07946 0.2696
10 0.09033 0.28686
11 0.10322 0.30407
12 0.1161 0.32924
13 0.12963 0.34641
14 0.14153 0.36355
15 0.15845 0.38066
16 0.16681 0.39775
17 0.18454 0.41481
18 0.1995 0.43187
19 0.20967 0.45069
20 0.22714 0.47013
21 0.2445 0.48918
22 0.25323 0.50651
23 0.2696 0.52212
24 0.28686 0.53734
25 0.30407 0.55247
26 0.31803 0.56813
27 0.32924 0.58519
28 0.34641 0.60225
29 0.36355 0.61934
30 0.38066 0.63645
31 0.39775 0.65359
32 0.41481 0.67076
33 0.43187 0.68197
34 0.44753 0.69593
35 0.46266 0.71314
36 0.47788 0.7304
37 0.49349 0.74677
38 0.51082 0.7555
39 0.52987 0.77286
40 0.54931 0.79033
41 0.56813 0.8005
42 0.58519 0.81546
43 0.60225 0.83319
44 0.61934 0.84155
45 0.63645 0.85847
46 0.65359 0.87037
47 0.67076 0.8839
48 0.69593 0.89678
49 0.71314 0.90967
50 0.7304 0.92054
51 0.7555 0.94024
52 0.77286 0.94304
53 0.79033 0.95478
54 0.81546 0.96601
55 0.83319 0.97651
56 0.85847 0.986
57 0.8839 0.99394
58 0.90967 0.99913
59 0.94304 1
