0 0 0.03674
1 0.0013 0.0558
2 0.00658 0.07431
3 0.01368 0.09265
4 0.02171 0.11091
5 0.03033 0.12371
6 0.03674 0.14189
7 0.04574 0.15454
8 0.0558 0.17271
9 0.06243 0.18528
10 0.07431 0.1978
11 0.08208 0.21597
12 0.09265 0.22846
13 0.10377 0.24092
14 0.11091 0.25335
15 0.12372 0.27157
16 0.13312 0.28399
17 0.14189 0.2964
18 0.15454 0.30879
19 0.16554 0.32117
20 0.17271 0.33472
21 0.18528 0.35184
22 0.1978 0.36421
23 0.20792 0.37657
24 0.21597 0.38893
25 0.22846 0.40129
26 0.24092 0.41364
27 0.25335 0.42598
28 0.26235 0.43832
29 0.27157 0.45066
30 0.28399 0.463
31 0.2964 0.47533
32 0.30879 0.48767
33 0.32117 0.5
34 0.33302 0.51233
35 0.34066 0.52467
36 0.35184 0.537
37 0.36421 0.54934
38 0.37658 0.56168
39 0.38893 0.57402
40 0.40129 0.58636
41 0.41364 0.59871
42 0.42598 0.61107
43 0.43832 0.62342
44 0.45066 0.63579
45 0.463 0.64816
46 0.47533 0.65934
47 0.48767 0.66698
48 0.5 0.67883
49 0.51233 0.69121
50 0.52467 0.7036
51 0.537 0.71601
52 0.54934 0.72843
53 0.56168 0.73765
54 0.57402 0.74665
55 0.58636 0.75908
56 0.59871 0.77154
57 0.61107 0.78403
58 0.62343 0.79208
59 0.63579 0.8022
60 0.64816 0.81472
61 0.66528 0.82729
62 0.67883 0.83446
63 0.69121 0.84546
64 0.7036 0.85811
65 0.71601 0.86688
66 0.72843 0.87628
67 0.74665 0.88909
68 0.75908 0.89623
69 0.77154 0.90735
70 0.78403 0.91792
71 0.8022 0.92569
72 0.81472 0.93757
73 0.82729 0.9442
74 0.84546 0.95426
75 0.85811 0.96326
76 0.87629 0.96967
77 0.88909 0.97829
78 0.90735 0.98632
79 0.92569 0.99342
80 0.9442 0.9987
81 0.96326 1
