0 0 0.04172
1 0.00057 0.0593
2 0.00396 0.07622
3 0.00915 0.0929
4 0.01532 0.10947
5 0.02214 0.12598
6 0.02943 0.13758
7 0.03707 0.15402
8 0.04172 0.16549
9 0.05124 0.1819
10 0.05931 0.19329
11 0.06569 0.20971
12 0.07622 0.22105
13 0.08161 0.23235
14 0.0929 0.244
15 0.09989 0.26007
16 0.10947 0.27132
17 0.11937 0.28256
18 0.12599 0.29379
19 0.13758 0.31026
20 0.14522 0.32148
21 0.15402 0.33268
22 0.16549 0.34388
23 0.17345 0.35506
24 0.1819 0.36624
25 0.19329 0.38279
26 0.20403 0.39398
27 0.20971 0.40515
28 0.22105 0.41632
29 0.23236 0.42748
30 0.24352 0.43865
31 0.24873 0.4498
32 0.26007 0.46096
33 0.27133 0.47212
34 0.28256 0.48327
35 0.29379 0.49442
36 0.30092 0.50558
37 0.31026 0.51673
38 0.32148 0.52788
39 0.33268 0.53904
40 0.34388 0.55019
41 0.35506 0.56135
42 0.36624 0.57252
43 0.3755 0.58368
44 0.3828 0.59485
45 0.39398 0.60602
46 0.40515 0.6172
47 0.41632 0.6245
48 0.42748 0.63376
49 0.43865 0.64494
50 0.44981 0.65612
51 0.46096 0.66732
52 0.47212 0.67852
53 0.48327 0.68974
54 0.49442 0.69908
55 0.50558 0.70621
56 0.51673 0.71744
57 0.52788 0.72867
58 0.53904 0.73993
59 0.5502 0.75127
60 0.56135 0.75648
61 0.57252 0.76764
62 0.58368 0.77895
63 0.59485 0.79029
64 0.60602 0.79597
65 0.61721 0.80671
66 0.63376 0.8181
67 0.64494 0.82655
68 0.65612 0.83451
69 0.66732 0.84598
70 0.67852 0.85478
71 0.68974 0.86242
72 0.70621 0.87401
73 0.71744 0.88063
74 0.72868 0.89053
75 0.73993 0.90011
76 0.756 0.9071
77 0.76765 0.91839
78 0.77895 0.92378
79 0.79029 0.93431
80 0.80671 0.94069
81 0.8181 0.94876
82 0.83451 0.95828
83 0.84598 0.96293
84 0.86242 0.97057
85 0.87402 0.97786
86 0.89053 0.98468
87 0.9071 0.99085
88 0.92378 0.99604
89 0.9407 0.99943
90 0.95828 1
