0 0 0.04309
1 0.00153 0.06544
2 0.00773 0.08715
3 0.01608 0.10866
4 0.02552 0.13009
5 0.03567 0.14509
6 0.04309 0.16643
7 0.05397 0.18126
8 0.06544 0.196
9 0.07404 0.21732
10 0.08715 0.232
11 0.09748 0.24664
12 0.10866 0.268
13 0.12306 0.28261
14 0.13009 0.29719
15 0.14509 0.31175
16 0.15876 0.32629
17 0.16643 0.34195
18 0.18126 0.36228
19 0.196 0.37681
20 0.2059 0.39133
21 0.21732 0.40583
22 0.232 0.42033
23 0.24664 0.43482
24 0.25964 0.44931
25 0.268 0.4638
26 0.28261 0.47828
27 0.29719 0.49276
28 0.31175 0.50724
29 0.32629 0.52172
30 0.34028 0.5362
31 0.34966 0.55069
32 0.36228 0.56517
33 0.37681 0.57967
34 0.39133 0.59417
35 0.40583 0.60867
36 0.42033 0.62319
37 0.43483 0.63772
38 0.44931 0.65034
39 0.4638 0.65972
40 0.47828 0.67371
41 0.49276 0.68825
42 0.50724 0.70281
43 0.52172 0.71739
44 0.5362 0.732
45 0.55069 0.74036
46 0.56518 0.75336
47 0.57967 0.768
48 0.59417 0.78268
49 0.60867 0.7941
50 0.62319 0.804
51 0.63772 0.81874
52 0.65805 0.83357
53 0.67371 0.84124
54 0.68825 0.85491
55 0.70281 0.86991
56 0.71739 0.87694
57 0.732 0.89134
58 0.75336 0.90252
59 0.768 0.91285
60 0.78268 0.92596
61 0.804 0.93456
62 0.81874 0.94603
63 0.83357 0.95691
64 0.85491 0.96433
65 0.86991 0.97448
66 0.89134 0.98392
67 0.91285 0.99227
68 0.93456 0.99847
69 0.95691 1
