0 0 0.07884
1 1e-05 0.1019
2 5e-04 0.12404
3 0.00209 0.14128
4 0.00472 0.15824
5 0.00818 0.17504
6 0.0123 0.19174
7 0.01694 0.20837
8 0.02203 0.2201
9 0.0275 0.23664
10 0.03329 0.25316
11 0.03937 0.2647
12 0.0457 0.2812
13 0.05227 0.29265
14 0.05904 0.30405
15 0.06601 0.32055
16 0.07315 0.3319
17 0.07884 0.34322
18 0.08558 0.35685
19 0.0946 0.37105
20 0.1019 0.38233
21 0.10755 0.39358
22 0.11784 0.40482
23 0.12404 0.41605
24 0.13298 0.43038
25 0.14128 0.44392
26 0.1485 0.45514
27 0.15824 0.46636
28 0.16493 0.47758
29 0.17504 0.48879
30 0.1826 0.5
31 0.19174 0.51121
32 0.20115 0.52242
33 0.20838 0.53364
34 0.2201 0.54485
35 0.22507 0.55608
36 0.23664 0.56622
37 0.24696 0.57456
38 0.25317 0.58395
39 0.2647 0.59517
40 0.27525 0.60641
41 0.2812 0.61767
42 0.29265 0.62895
43 0.30405 0.63986
44 0.3127 0.64645
45 0.32055 0.65678
46 0.3319 0.6681
47 0.34322 0.67945
48 0.35355 0.6873
49 0.36014 0.69595
50 0.37105 0.70735
51 0.38233 0.7188
52 0.39359 0.72475
53 0.40483 0.7353
54 0.41605 0.74683
55 0.42544 0.75304
56 0.43378 0.76336
57 0.44392 0.77493
58 0.45515 0.7799
59 0.46636 0.79162
60 0.47758 0.79885
61 0.48879 0.80826
62 0.5 0.8174
63 0.51121 0.82496
64 0.52242 0.83507
65 0.53364 0.84176
66 0.54486 0.8515
67 0.55608 0.85872
68 0.56962 0.86702
69 0.58395 0.87596
70 0.59518 0.88216
71 0.60642 0.89245
72 0.61767 0.8981
73 0.62895 0.9054
74 0.64315 0.91442
75 0.65678 0.92116
76 0.6681 0.92685
77 0.67945 0.93399
78 0.69595 0.94096
79 0.70735 0.94773
80 0.7188 0.9543
81 0.7353 0.96063
82 0.74684 0.96671
83 0.76336 0.9725
84 0.7799 0.97797
85 0.79163 0.98306
86 0.80826 0.9877
87 0.82496 0.99182
88 0.84176 0.99528
89 0.85872 0.99791
90 0.87596 0.9995
91 0.8981 0.99999
92 0.92116 1
