0 0 0.11507
1 2e-05 0.15045
2 0.00076 0.1846
3 0.00322 0.21111
4 0.0073 0.23728
5 0.01267 0.25913
6 0.01908 0.28151
7 0.02634 0.3073
8 0.03432 0.32521
9 0.0429 0.34443
10 0.05203 0.36872
11 0.06164 0.38638
12 0.07167 0.40397
13 0.0821 0.42222
14 0.09288 0.44462
15 0.104 0.46497
16 0.11507 0.48249
17 0.1209 0.5
18 0.13739 0.51751
19 0.15045 0.53503
20 0.15692 0.55118
21 0.17481 0.56439
22 0.1846 0.57901
23 0.1999 0.59603
24 0.21111 0.61362
25 0.22661 0.63128
26 0.23728 0.64646
27 0.25498 0.65768
28 0.2612 0.67478
29 0.28152 0.6927
30 0.29674 0.70326
31 0.3073 0.71848
32 0.32522 0.7388
33 0.34232 0.74502
34 0.35354 0.76272
35 0.36872 0.77339
36 0.38638 0.78889
37 0.40397 0.8001
38 0.42099 0.8154
39 0.43561 0.82519
40 0.44882 0.84308
41 0.46497 0.84955
42 0.48249 0.86261
43 0.5 0.8791
44 0.51751 0.88493
45 0.53503 0.896
46 0.55538 0.90712
47 0.57778 0.9179
48 0.59603 0.92833
49 0.61362 0.93836
50 0.63128 0.94797
51 0.65557 0.9571
52 0.67479 0.96568
53 0.6927 0.97366
54 0.71849 0.98092
55 0.74087 0.98733
56 0.76272 0.9927
57 0.78889 0.99678
58 0.8154 0.99924
59 0.84955 0.99998
60 0.88493 1
