0 0 0.1545
1 2e-05 0.20212
2 0.00102 0.23846
3 0.00432 0.27403
4 0.00981 0.29951
5 0.01706 0.33386
6 0.02574 0.35808
7 0.0356 0.39299
8 0.04646 0.41694
9 0.0582 0.44076
10 0.07071 0.46449
11 0.08391 0.48817
12 0.09774 0.51183
13 0.11216 0.53551
14 0.12712 0.55924
15 0.14259 0.58306
16 0.15451 0.60701
17 0.17144 0.62452
18 0.19063 0.64192
19 0.20212 0.66614
20 0.22401 0.68757
21 0.23846 0.7013
22 0.25989 0.72597
23 0.27403 0.74011
24 0.2987 0.76154
25 0.31243 0.77599
26 0.33386 0.79788
27 0.35808 0.80937
28 0.37548 0.82856
29 0.39299 0.84549
30 0.41694 0.85741
31 0.44076 0.87288
32 0.46449 0.88784
33 0.48817 0.90226
34 0.51183 0.91609
35 0.53551 0.92929
36 0.55924 0.9418
37 0.58306 0.95354
38 0.60701 0.9644
39 0.64192 0.97426
40 0.66614 0.98294
41 0.70049 0.99019
42 0.72597 0.99568
43 0.76154 0.99898
44 0.79788 0.99998
45 0.8455 1
