0 0 0.10255
1 2e-05 0.13255
2 0.00064 0.15547
3 0.00272 0.17778
4 0.00615 0.19978
5 0.01066 0.2216
6 0.01604 0.24332
7 0.02212 0.265
8 0.0288 0.28016
9 0.03598 0.30176
10 0.04359 0.31675
11 0.0516 0.33165
12 0.05996 0.35323
13 0.06863 0.36805
14 0.07759 0.38282
15 0.08681 0.39765
16 0.09628 0.41924
17 0.10255 0.43396
18 0.11387 0.44866
19 0.12522 0.46334
20 0.13255 0.47801
21 0.14435 0.49267
22 0.15547 0.50733
23 0.16344 0.52199
24 0.17778 0.53666
25 0.18311 0.55134
26 0.19978 0.56604
27 0.20624 0.58076
28 0.2216 0.59086
29 0.23156 0.60251
30 0.24332 0.61718
31 0.25718 0.63195
32 0.265 0.64677
33 0.28016 0.65775
34 0.2933 0.66835
35 0.30176 0.68325
36 0.31675 0.69824
37 0.33165 0.7067
38 0.34225 0.71984
39 0.35323 0.735
40 0.36805 0.74282
41 0.38282 0.75668
42 0.39749 0.76844
43 0.40914 0.7784
44 0.41924 0.79376
45 0.43396 0.80022
46 0.44866 0.81689
47 0.46334 0.82222
48 0.47801 0.83656
49 0.49267 0.84453
50 0.50733 0.85565
51 0.52199 0.86745
52 0.53666 0.87478
53 0.55134 0.88613
54 0.56604 0.89745
55 0.58076 0.90372
56 0.60235 0.91319
57 0.61718 0.92241
58 0.63195 0.93137
59 0.64677 0.94004
60 0.66835 0.9484
61 0.68325 0.95641
62 0.69824 0.96402
63 0.71984 0.9712
64 0.735 0.97788
65 0.75668 0.98396
66 0.7784 0.98934
67 0.80022 0.99385
68 0.82222 0.99728
69 0.84453 0.99936
70 0.86745 0.99998
71 0.89745 1
