0 0 0.03309
1 0.00117 0.05025
2 0.00592 0.06692
3 0.01231 0.08343
4 0.01952 0.09987
5 0.02727 0.11141
6 0.03309 0.12777
7 0.04104 0.13917
8 0.05025 0.15551
9 0.05583 0.16684
10 0.06692 0.17812
11 0.07332 0.19446
12 0.08343 0.20571
13 0.09281 0.21693
14 0.09987 0.2333
15 0.11141 0.24451
16 0.11848 0.2557
17 0.12777 0.26687
18 0.13917 0.28328
19 0.14717 0.29445
20 0.15551 0.30561
21 0.16684 0.31675
22 0.17812 0.32789
23 0.18271 0.33902
24 0.19446 0.35015
25 0.20571 0.36664
26 0.21693 0.37777
27 0.22497 0.3889
28 0.2333 0.40002
29 0.24451 0.41114
30 0.2557 0.42225
31 0.26687 0.43336
32 0.27722 0.44447
33 0.28328 0.45558
34 0.29445 0.46669
35 0.30561 0.47779
36 0.31676 0.4889
37 0.3279 0.5
38 0.33903 0.5111
39 0.35015 0.52221
40 0.3599 0.53331
41 0.36664 0.54442
42 0.37778 0.55553
43 0.3889 0.56664
44 0.40002 0.57775
45 0.41114 0.58886
46 0.42225 0.59998
47 0.43336 0.6111
48 0.44447 0.62222
49 0.45558 0.63336
50 0.46669 0.6401
51 0.47779 0.64985
52 0.4889 0.66097
53 0.5 0.6721
54 0.5111 0.68324
55 0.52221 0.69439
56 0.53331 0.70555
57 0.54442 0.71672
58 0.55553 0.72278
59 0.56664 0.73313
60 0.57775 0.7443
61 0.58886 0.75549
62 0.59998 0.7667
63 0.6111 0.77503
64 0.62223 0.78307
65 0.63336 0.79429
66 0.64985 0.80554
67 0.66098 0.81729
68 0.67211 0.82188
69 0.68325 0.83316
70 0.69439 0.84449
71 0.70555 0.85283
72 0.71672 0.86083
73 0.73313 0.87223
74 0.7443 0.88152
75 0.75549 0.88859
76 0.7667 0.90013
77 0.78307 0.90719
78 0.79429 0.91657
79 0.80554 0.92668
80 0.82188 0.93308
81 0.83316 0.94417
82 0.84449 0.94975
83 0.86083 0.95896
84 0.87223 0.96691
85 0.88859 0.97273
86 0.90013 0.98048
87 0.91657 0.98769
88 0.93308 0.99408
89 0.94975 0.99883
90 0.96691 1
