0 0 0.08859
1 1e-05 0.1145
2 0.00056 0.1394
3 0.00235 0.15877
4 0.00531 0.17784
5 0.0092 0.19673
6 0.01383 0.21552
7 0.01907 0.22878
8 0.02481 0.24742
9 0.03097 0.26062
10 0.03751 0.27905
11 0.04438 0.29196
12 0.05154 0.31053
13 0.05896 0.32336
14 0.06662 0.33664
15 0.07451 0.35473
16 0.0826 0.36747
17 0.08859 0.38017
18 0.09712 0.39285
19 0.10708 0.41153
20 0.1145 0.4242
21 0.12261 0.43686
22 0.13361 0.4495
23 0.1394 0.46214
24 0.15125 0.47476
25 0.15877 0.48738
26 0.16957 0.5
27 0.17784 0.51262
28 0.18885 0.52524
29 0.19673 0.53786
30 0.20908 0.5505
31 0.21552 0.56314
32 0.22878 0.5758
33 0.23737 0.58847
34 0.24742 0.59679
35 0.26042 0.60715
36 0.26686 0.61983
37 0.27905 0.63253
38 0.29196 0.64527
39 0.30041 0.65589
40 0.31053 0.6641
41 0.32336 0.67664
42 0.3359 0.68947
43 0.34411 0.69959
44 0.35473 0.70804
45 0.36747 0.72095
46 0.38017 0.73314
47 0.39285 0.73958
48 0.40321 0.75258
49 0.41153 0.76263
50 0.4242 0.77122
51 0.43686 0.78448
52 0.4495 0.79092
53 0.46214 0.80327
54 0.47476 0.81115
55 0.48738 0.82216
56 0.5 0.83043
57 0.51262 0.84123
58 0.52524 0.84875
59 0.53786 0.8606
60 0.5505 0.86639
61 0.56314 0.87739
62 0.5758 0.8855
63 0.58847 0.89292
64 0.60715 0.90288
65 0.61983 0.91141
66 0.63253 0.9174
67 0.64527 0.92549
68 0.66336 0.93338
69 0.67664 0.94104
70 0.68947 0.94846
71 0.70804 0.95562
72 0.72095 0.96249
73 0.73938 0.96903
74 0.75258 0.97519
75 0.77122 0.98093
76 0.78448 0.98617
77 0.80327 0.9908
78 0.82216 0.99469
79 0.84123 0.99765
80 0.8606 0.99944
81 0.8855 0.99999
82 0.91141 1
