0 0 0.0298
1 0.00105 0.04525
2 0.00533 0.06026
3 0.01107 0.07512
4 0.01756 0.08993
5 0.02452 0.10032
6 0.0298 0.11505
7 0.03683 0.12532
8 0.04525 0.14002
9 0.04994 0.15022
10 0.06026 0.16494
11 0.06552 0.17509
12 0.07513 0.18522
13 0.08303 0.19995
14 0.08993 0.21006
15 0.10032 0.22015
16 0.10531 0.23022
17 0.11505 0.24498
18 0.12532 0.25504
19 0.13052 0.2651
20 0.14002 0.27515
21 0.15022 0.28518
22 0.15866 0.29998
23 0.16494 0.31001
24 0.1751 0.32004
25 0.18523 0.33007
26 0.19384 0.34009
27 0.19995 0.3501
28 0.21006 0.36011
29 0.22015 0.37012
30 0.23023 0.38132
31 0.23818 0.395
32 0.24498 0.405
33 0.25504 0.41501
34 0.2651 0.42501
35 0.27515 0.43502
36 0.28519 0.44502
37 0.29392 0.45502
38 0.29998 0.46501
39 0.31002 0.47501
40 0.32005 0.48501
41 0.33007 0.495
42 0.34009 0.505
43 0.3501 0.51499
44 0.36011 0.52499
45 0.37012 0.53499
46 0.37946 0.54498
47 0.38658 0.55498
48 0.395 0.56498
49 0.40501 0.57499
50 0.41501 0.58499
51 0.42501 0.59499
52 0.43502 0.605
53 0.44502 0.61342
54 0.45502 0.62054
55 0.46501 0.62988
56 0.47501 0.63989
57 0.48501 0.6499
58 0.495 0.65991
59 0.505 0.66993
60 0.51499 0.67995
61 0.52499 0.68998
62 0.53499 0.70002
63 0.54498 0.70608
64 0.55498 0.71481
65 0.56498 0.72485
66 0.57499 0.7349
67 0.58499 0.74496
68 0.595 0.75502
69 0.605 0.76182
70 0.61868 0.76977
71 0.62988 0.77985
72 0.63989 0.78994
73 0.6499 0.80005
74 0.65991 0.80616
75 0.66993 0.81477
76 0.67996 0.8249
77 0.68999 0.83506
78 0.70002 0.84134
79 0.71482 0.84978
80 0.72485 0.85998
81 0.7349 0.86948
82 0.74496 0.87468
83 0.75502 0.88495
84 0.76978 0.89469
85 0.77985 0.89968
86 0.78994 0.91007
87 0.80005 0.91697
88 0.81478 0.92487
89 0.82491 0.93448
90 0.83506 0.93974
91 0.84978 0.95006
92 0.85998 0.95475
93 0.87468 0.96317
94 0.88495 0.9702
95 0.89968 0.97548
96 0.91007 0.98244
97 0.92488 0.98893
98 0.93974 0.99467
99 0.95475 0.99895
100 0.9702 1
