0 0 0.08382
1 0.00128 0.13304
2 0.00896 0.17102
3 0.02075 0.19762
4 0.03488 0.23481
5 0.05057 0.26068
6 0.0674 0.2978
7 0.08382 0.32338
8 0.09426 0.34881
9 0.11981 0.37967
10 0.13304 0.4115
11 0.15751 0.43682
12 0.17102 0.46211
13 0.19762 0.48737
14 0.21194 0.51263
15 0.23481 0.53789
16 0.26068 0.56318
17 0.27687 0.5885
18 0.2978 0.61219
19 0.32338 0.62841
20 0.34881 0.65119
21 0.37159 0.67662
22 0.38781 0.7022
23 0.4115 0.72313
24 0.43682 0.73932
25 0.46211 0.76519
26 0.48737 0.78806
27 0.51263 0.80238
28 0.53789 0.82898
29 0.56318 0.84249
30 0.5885 0.86696
31 0.62033 0.88019
32 0.65119 0.90574
33 0.67662 0.91618
34 0.7022 0.9326
35 0.73932 0.94943
36 0.76519 0.96512
37 0.80238 0.97925
38 0.82898 0.99104
39 0.86696 0.99872
40 0.91618 1
