0 0 0.04372
1 0.00155 0.06639
2 0.00785 0.08842
3 0.01632 0.11024
4 0.0259 0.13199
5 0.0362 0.14721
6 0.04372 0.16886
7 0.05479 0.18391
8 0.06639 0.19887
9 0.07521 0.2205
10 0.08842 0.2354
11 0.09902 0.25025
12 0.11024 0.27193
13 0.125 0.28675
14 0.13199 0.30154
15 0.14721 0.31631
16 0.16132 0.33106
17 0.16886 0.3458
18 0.18391 0.3676
19 0.19887 0.38234
20 0.20955 0.39706
21 0.2205 0.41178
22 0.2354 0.4265
23 0.25025 0.4412
24 0.2642 0.45591
25 0.27193 0.47061
26 0.28675 0.4853
27 0.30154 0.5
28 0.31631 0.5147
29 0.33106 0.52939
30 0.3458 0.54409
31 0.35741 0.55879
32 0.3676 0.5735
33 0.38234 0.58821
34 0.39707 0.60293
35 0.41179 0.61766
36 0.4265 0.6324
37 0.44121 0.64259
38 0.45591 0.6542
39 0.47061 0.66894
40 0.4853 0.68369
41 0.5 0.69846
42 0.5147 0.71325
43 0.52939 0.72807
44 0.54409 0.7358
45 0.5588 0.74975
46 0.5735 0.7646
47 0.58822 0.7795
48 0.60294 0.79045
49 0.61766 0.80113
50 0.6324 0.81609
51 0.6542 0.83114
52 0.66894 0.83868
53 0.68369 0.85279
54 0.69846 0.86801
55 0.71325 0.875
56 0.72807 0.88976
57 0.74975 0.90098
58 0.7646 0.91158
59 0.7795 0.92479
60 0.80113 0.93361
61 0.81609 0.94521
62 0.83114 0.95628
63 0.85279 0.9638
64 0.86801 0.9741
65 0.88976 0.98368
66 0.91158 0.99215
67 0.93361 0.99845
68 0.95628 1
