0 0 0.11476
1 0.00023 0.16243
2 0.00349 0.19898
3 0.01033 0.23489
4 0.01965 0.26005
5 0.03074 0.29546
6 0.04317 0.32002
7 0.05668 0.34702
8 0.07108 0.37973
9 0.08625 0.40392
10 0.1021 0.42801
11 0.11476 0.45204
12 0.13083 0.47603
13 0.15135 0.5
14 0.16243 0.52397
15 0.18592 0.54796
16 0.19898 0.57199
17 0.22333 0.59608
18 0.23489 0.62027
19 0.26006 0.64161
20 0.27945 0.65685
21 0.29546 0.67998
22 0.32002 0.70454
23 0.34315 0.72055
24 0.35839 0.73994
25 0.37973 0.76511
26 0.40392 0.77667
27 0.42801 0.80102
28 0.45204 0.81408
29 0.47603 0.83757
30 0.5 0.84865
31 0.52397 0.86917
32 0.54796 0.88524
33 0.57199 0.8979
34 0.59608 0.91375
35 0.62027 0.92892
36 0.65298 0.94332
37 0.67998 0.95683
38 0.70454 0.96926
39 0.73995 0.98035
40 0.76511 0.98967
41 0.80102 0.99651
42 0.83757 0.99977
43 0.88524 1
