0 0 0.03871
1 0.00053 0.05504
2 0.00368 0.07074
3 0.00848 0.08621
4 0.01421 0.10159
5 0.02053 0.11691
6 0.02728 0.12768
7 0.03436 0.14293
8 0.03871 0.15357
9 0.04743 0.1688
10 0.05504 0.17937
11 0.06066 0.1946
12 0.07074 0.20512
13 0.07514 0.21561
14 0.08621 0.23085
15 0.09202 0.24132
16 0.10159 0.25176
17 0.11012 0.26361
18 0.11691 0.27746
19 0.12768 0.28788
20 0.13328 0.29829
21 0.14293 0.30868
22 0.15357 0.3219
23 0.15869 0.33438
24 0.1688 0.34477
25 0.17937 0.35514
26 0.18725 0.36551
27 0.1946 0.37588
28 0.20512 0.38624
29 0.21561 0.39659
30 0.22276 0.40753
31 0.23085 0.42235
32 0.24132 0.43271
33 0.25176 0.44307
34 0.26181 0.45342
35 0.26623 0.46378
36 0.27746 0.47413
37 0.28788 0.48448
38 0.29829 0.49482
39 0.30868 0.50517
40 0.31826 0.51552
41 0.32288 0.52587
42 0.33438 0.53622
43 0.34477 0.54658
44 0.35514 0.55693
45 0.36552 0.56729
46 0.37588 0.57764
47 0.38624 0.58515
48 0.3966 0.59344
49 0.40656 0.6034
50 0.41485 0.61376
51 0.42236 0.62412
52 0.43271 0.63448
53 0.44307 0.64486
54 0.45342 0.65523
55 0.46378 0.66562
56 0.47413 0.67712
57 0.48448 0.68174
58 0.49483 0.69132
59 0.50518 0.70171
60 0.51552 0.71212
61 0.52587 0.72254
62 0.53622 0.73377
63 0.54658 0.73819
64 0.55693 0.74824
65 0.56729 0.75868
66 0.57765 0.76915
67 0.59247 0.77724
68 0.60341 0.78439
69 0.61376 0.79488
70 0.62412 0.8054
71 0.63449 0.81275
72 0.64486 0.82063
73 0.65523 0.8312
74 0.66562 0.84131
75 0.6781 0.84643
76 0.69132 0.85707
77 0.70171 0.86672
78 0.71212 0.87232
79 0.72254 0.88309
80 0.73639 0.88988
81 0.74824 0.89841
82 0.75868 0.90798
83 0.76915 0.91379
84 0.78439 0.92486
85 0.79488 0.92926
86 0.8054 0.93934
87 0.82063 0.94496
88 0.8312 0.95257
89 0.84643 0.96129
90 0.85707 0.96564
91 0.87232 0.97272
92 0.88309 0.97947
93 0.89841 0.98579
94 0.91379 0.99152
95 0.92926 0.99632
96 0.94496 0.99947
97 0.96129 1
