0 0 0.14999
1 3e-04 0.19954
2 0.00456 0.247
3 0.01354 0.29387
4 0.02582 0.32644
5 0.04047 0.37302
6 0.05696 0.40501
7 0.07494 0.43678
8 0.09418 0.46842
9 0.1145 0.5
10 0.1358 0.53158
11 0.15 0.56322
12 0.17704 0.59499
13 0.19954 0.62698
14 0.22155 0.6474
15 0.247 0.67356
16 0.27304 0.70613
17 0.29387 0.72696
18 0.32644 0.753
19 0.3526 0.77845
20 0.37302 0.80046
21 0.40501 0.82296
22 0.43678 0.85
23 0.46842 0.8642
24 0.5 0.8855
25 0.53158 0.90582
26 0.56322 0.92506
27 0.59499 0.94304
28 0.62698 0.95953
29 0.67356 0.97418
30 0.70613 0.98646
31 0.753 0.99544
32 0.80046 0.9997
33 0.85001 1
