0 0 0.05772
1 0.00079 0.08202
2 0.0055 0.10542
3 0.0127 0.1285
4 0.02129 0.15145
5 0.0308 0.16755
6 0.04097 0.19035
7 0.05165 0.20622
8 0.05772 0.22899
9 0.07181 0.24474
10 0.08202 0.26042
11 0.09301 0.28321
12 0.10542 0.29884
13 0.11658 0.31442
14 0.1285 0.32998
15 0.14252 0.35286
16 0.15145 0.3684
17 0.16756 0.38393
18 0.17836 0.39944
19 0.19035 0.41493
20 0.20622 0.43041
21 0.21837 0.44588
22 0.22899 0.46135
23 0.24474 0.47681
24 0.26042 0.49227
25 0.27163 0.50773
26 0.28321 0.52319
27 0.29884 0.53865
28 0.31443 0.55412
29 0.32998 0.56959
30 0.34322 0.58507
31 0.35286 0.60056
32 0.3684 0.61607
33 0.38393 0.6316
34 0.39944 0.64714
35 0.41493 0.65678
36 0.43041 0.67002
37 0.44588 0.68557
38 0.46135 0.70116
39 0.47681 0.71679
40 0.49227 0.72837
41 0.50773 0.73958
42 0.52319 0.75526
43 0.53865 0.77101
44 0.55412 0.78163
45 0.56959 0.79378
46 0.58507 0.80965
47 0.60056 0.82164
48 0.61607 0.83244
49 0.6316 0.84855
50 0.64714 0.85748
51 0.67002 0.8715
52 0.68558 0.88342
53 0.70116 0.89458
54 0.71679 0.90699
55 0.73958 0.91798
56 0.75526 0.92819
57 0.77101 0.94228
58 0.79378 0.94835
59 0.80965 0.95903
60 0.83245 0.9692
61 0.84855 0.97871
62 0.8715 0.9873
63 0.89458 0.9945
64 0.91798 0.99921
65 0.94228 1
