0 0 0.04792
1 0.0017 0.07277
2 0.00861 0.09691
3 0.01791 0.12084
4 0.02843 0.13762
5 0.03975 0.16136
6 0.04792 0.17788
7 0.06029 0.2016
8 0.07277 0.21799
9 0.08301 0.24173
10 0.09691 0.25805
11 0.10936 0.27432
12 0.12084 0.29056
13 0.13762 0.30771
14 0.1437 0.3306
15 0.16136 0.34679
16 0.17788 0.36296
17 0.18585 0.37912
18 0.2016 0.39526
19 0.21799 0.41139
20 0.23351 0.42751
21 0.24173 0.44363
22 0.25805 0.45974
23 0.27433 0.47631
24 0.29056 0.49298
25 0.30637 0.50905
26 0.31582 0.52457
27 0.3306 0.54026
28 0.34679 0.55637
29 0.36296 0.57248
30 0.37912 0.58861
31 0.39526 0.60474
32 0.41139 0.62088
33 0.42752 0.63704
34 0.44363 0.65321
35 0.45974 0.6694
36 0.47543 0.68418
37 0.49095 0.69363
38 0.50702 0.70944
39 0.52369 0.72567
40 0.54026 0.74195
41 0.55637 0.75827
42 0.57249 0.76649
43 0.58861 0.78201
44 0.60474 0.7984
45 0.62088 0.81415
46 0.63704 0.82212
47 0.65321 0.83864
48 0.6694 0.8563
49 0.69229 0.86238
50 0.70944 0.87916
51 0.72568 0.89064
52 0.74195 0.90309
53 0.75827 0.91699
54 0.78201 0.92723
55 0.7984 0.93971
56 0.82212 0.95208
57 0.83864 0.96025
58 0.86238 0.97157
59 0.87916 0.98209
60 0.90309 0.99139
61 0.92723 0.9983
62 0.95208 1
