0 0 0.12346
1 2e-05 0.16143
2 0.00082 0.19812
3 0.00346 0.2266
4 0.00784 0.24851
5 0.0136 0.2745
6 0.02049 0.30224
7 0.0283 0.32157
8 0.03689 0.34925
9 0.04614 0.36835
10 0.05597 0.38733
11 0.06633 0.40723
12 0.07716 0.43405
13 0.08841 0.45292
14 0.10006 0.47177
15 0.11208 0.49059
16 0.12347 0.50941
17 0.13182 0.52823
18 0.14849 0.54708
19 0.16143 0.56595
20 0.1716 0.57943
21 0.18919 0.59443
22 0.19812 0.61267
23 0.21686 0.63165
24 0.2266 0.65075
25 0.24621 0.66242
26 0.25408 0.67843
27 0.2745 0.69775
28 0.28973 0.71027
29 0.30225 0.7255
30 0.32157 0.74592
31 0.33758 0.75379
32 0.34925 0.7734
33 0.36835 0.78314
34 0.38733 0.80188
35 0.40557 0.81081
36 0.42057 0.8284
37 0.43405 0.83857
38 0.45292 0.85151
39 0.47177 0.86818
40 0.49059 0.87653
41 0.50941 0.88792
42 0.52823 0.89994
43 0.54708 0.91159
44 0.56595 0.92284
45 0.59277 0.93367
46 0.61267 0.94403
47 0.63165 0.95386
48 0.65075 0.96311
49 0.67843 0.9717
50 0.69776 0.97951
51 0.7255 0.9864
52 0.75149 0.99216
53 0.7734 0.99654
54 0.80188 0.99918
55 0.83857 0.99998
56 0.87654 1
