0 0 0.07632
1 1e-05 0.09864
2 0.00048 0.12008
3 0.00202 0.13676
4 0.00457 0.15318
5 0.00792 0.16944
6 0.0119 0.1856
7 0.0164 0.2017
8 0.02132 0.21776
9 0.0266 0.22905
10 0.0322 0.24504
11 0.03808 0.25621
12 0.0442 0.27217
13 0.05055 0.28325
14 0.05709 0.29921
15 0.06382 0.31023
16 0.07072 0.32122
17 0.07632 0.3372
18 0.08262 0.34815
19 0.09141 0.35909
20 0.09864 0.37
21 0.10365 0.38162
22 0.11381 0.39692
23 0.12008 0.40781
24 0.12829 0.41868
25 0.13676 0.42954
26 0.14303 0.4404
27 0.15318 0.45124
28 0.15859 0.46208
29 0.16944 0.47292
30 0.17562 0.48375
31 0.1856 0.49458
32 0.19364 0.50541
33 0.2017 0.51625
34 0.21207 0.52708
35 0.21776 0.53791
36 0.22905 0.54875
37 0.23747 0.5596
38 0.24504 0.57045
39 0.25621 0.58132
40 0.26437 0.59219
41 0.27217 0.60308
42 0.28325 0.61157
43 0.29314 0.61953
44 0.29921 0.63
45 0.31024 0.64091
46 0.32122 0.65185
47 0.33109 0.6628
48 0.3372 0.66891
49 0.34815 0.67878
50 0.35909 0.68976
51 0.37 0.70079
52 0.38047 0.70686
53 0.38843 0.71675
54 0.39692 0.72783
55 0.40781 0.73563
56 0.41868 0.74379
57 0.42955 0.75496
58 0.4404 0.76253
59 0.45125 0.77095
60 0.46209 0.78224
61 0.47292 0.78793
62 0.48375 0.7983
63 0.49459 0.80636
64 0.50542 0.8144
65 0.51625 0.82438
66 0.52708 0.83056
67 0.53792 0.84141
68 0.54876 0.84682
69 0.5596 0.85697
70 0.57046 0.86324
71 0.58132 0.87171
72 0.59219 0.87992
73 0.60308 0.88619
74 0.61838 0.89635
75 0.63 0.90136
76 0.64091 0.90859
77 0.65185 0.91738
78 0.6628 0.92368
79 0.67878 0.92928
80 0.68977 0.93618
81 0.70079 0.94291
82 0.71675 0.94945
83 0.72783 0.9558
84 0.74379 0.96192
85 0.75496 0.9678
86 0.77095 0.9734
87 0.78224 0.97868
88 0.7983 0.9836
89 0.8144 0.9881
90 0.83056 0.99208
91 0.84682 0.99543
92 0.86324 0.99798
93 0.87992 0.99952
94 0.90136 0.99999
95 0.92368 1
