0 0 0.11944
1 0.00183 0.1748
2 0.01284 0.22857
3 0.02985 0.28203
4 0.05031 0.31907
5 0.07311 0.35713
6 0.09768 0.40913
7 0.11944 0.44555
8 0.14163 0.48186
9 0.1748 0.51814
10 0.19247 0.55445
11 0.22857 0.59087
12 0.25752 0.61942
13 0.28203 0.64512
14 0.31907 0.68093
15 0.35488 0.71797
16 0.38058 0.74248
17 0.40913 0.77143
18 0.44555 0.80753
19 0.48186 0.8252
20 0.51814 0.85837
21 0.55445 0.88056
22 0.59087 0.90232
23 0.64287 0.92689
24 0.68093 0.94969
25 0.71797 0.97015
26 0.77143 0.98716
27 0.8252 0.99817
28 0.88056 1
