0 0 0.03755
1 0.00051 0.05339
2 0.00357 0.06862
3 0.00823 0.08363
4 0.01378 0.09855
5 0.01991 0.11341
6 0.02645 0.12386
7 0.03331 0.13865
8 0.03756 0.14898
9 0.04597 0.16374
10 0.05339 0.174
11 0.05873 0.18877
12 0.06862 0.19898
13 0.07265 0.20916
14 0.08363 0.22393
15 0.089 0.23409
16 0.09855 0.24422
17 0.10657 0.25902
18 0.11341 0.26914
19 0.12386 0.27925
20 0.12861 0.28934
21 0.13865 0.29943
22 0.14898 0.31426
23 0.15262 0.32435
24 0.16374 0.33442
25 0.174 0.34449
26 0.18068 0.35454
27 0.18877 0.3646
28 0.19898 0.37551
29 0.20916 0.38956
30 0.2142 0.39961
31 0.22393 0.40966
32 0.23409 0.4197
33 0.24422 0.42975
34 0.2524 0.43979
35 0.25902 0.44983
36 0.26914 0.45986
37 0.27925 0.4699
38 0.28934 0.47993
39 0.29943 0.48997
40 0.30551 0.5
41 0.31427 0.51003
42 0.32435 0.52007
43 0.33442 0.5301
44 0.34449 0.54014
45 0.35455 0.55017
46 0.3646 0.56021
47 0.37417 0.57025
48 0.38136 0.58029
49 0.38956 0.59034
50 0.39961 0.60039
51 0.40966 0.61044
52 0.41971 0.61864
53 0.42975 0.62583
54 0.43979 0.6354
55 0.44983 0.64545
56 0.45986 0.65551
57 0.4699 0.66558
58 0.47993 0.67565
59 0.48997 0.68573
60 0.5 0.69449
61 0.51003 0.70057
62 0.52007 0.71066
63 0.5301 0.72075
64 0.54014 0.73086
65 0.55017 0.74098
66 0.56021 0.7476
67 0.57025 0.75578
68 0.5803 0.76591
69 0.59034 0.77607
70 0.60039 0.7858
71 0.61044 0.79084
72 0.62449 0.80102
73 0.6354 0.81123
74 0.64546 0.81932
75 0.65551 0.826
76 0.66558 0.83626
77 0.67565 0.84738
78 0.68574 0.85102
79 0.70057 0.86135
80 0.71066 0.87139
81 0.72075 0.87614
82 0.73086 0.88659
83 0.74098 0.89343
84 0.75578 0.90145
85 0.76591 0.911
86 0.77607 0.91637
87 0.79084 0.92735
88 0.80102 0.93138
89 0.81123 0.94127
90 0.826 0.94661
91 0.83626 0.95403
92 0.85102 0.96244
93 0.86135 0.96669
94 0.87614 0.97355
95 0.88659 0.98009
96 0.90145 0.98622
97 0.91637 0.99177
98 0.93138 0.99643
99 0.94661 0.99949
100 0.96245 1
