0 0 0.05653
1 0.00012 0.07994
2 0.00172 0.10269
3 0.00506 0.12039
4 0.00958 0.1379
5 0.01494 0.15529
6 0.02091 0.16757
7 0.02737 0.18481
8 0.03422 0.20204
9 0.0414 0.21408
10 0.04887 0.23127
11 0.05653 0.24321
12 0.05848 0.2551
13 0.07101 0.27228
14 0.07994 0.28412
15 0.08361 0.29592
16 0.09624 0.31312
17 0.10269 0.3249
18 0.11284 0.33666
19 0.12039 0.34839
20 0.1304 0.36315
21 0.1379 0.37738
22 0.14899 0.38909
23 0.15529 0.4008
24 0.16757 0.41249
25 0.17396 0.42417
26 0.18481 0.43585
27 0.19594 0.44752
28 0.20204 0.45919
29 0.21408 0.47085
30 0.22503 0.48294
31 0.23127 0.4949
32 0.24321 0.50654
33 0.25511 0.51788
34 0.26285 0.52915
35 0.27228 0.54081
36 0.28412 0.55248
37 0.29592 0.56415
38 0.30469 0.57582
39 0.31312 0.58751
40 0.3249 0.5992
41 0.33666 0.61091
42 0.34839 0.62262
43 0.35892 0.63448
44 0.36552 0.64108
45 0.37738 0.65161
46 0.38909 0.66334
47 0.4008 0.6751
48 0.41249 0.68688
49 0.42418 0.69531
50 0.43585 0.70408
51 0.44752 0.71588
52 0.45919 0.72772
53 0.47085 0.73715
54 0.48212 0.74489
55 0.49346 0.75679
56 0.5051 0.76873
57 0.51706 0.77497
58 0.52915 0.78592
59 0.54081 0.79796
60 0.55248 0.80406
61 0.56415 0.81519
62 0.57583 0.82604
63 0.58751 0.83243
64 0.5992 0.84471
65 0.61091 0.85101
66 0.62262 0.8621
67 0.63685 0.8696
68 0.65161 0.87961
69 0.66334 0.88716
70 0.6751 0.89731
71 0.68688 0.90376
72 0.70408 0.91639
73 0.71588 0.92006
74 0.72772 0.92899
75 0.7449 0.94152
76 0.75679 0.94347
77 0.76873 0.95113
78 0.78592 0.9586
79 0.79796 0.96578
80 0.81519 0.97263
81 0.83243 0.97909
82 0.84471 0.98506
83 0.8621 0.99042
84 0.87961 0.99494
85 0.89731 0.99828
86 0.92006 0.99988
87 0.94347 1
