0 0 0.0487
1 0.00173 0.07395
2 0.00875 0.09849
3 0.0182 0.12281
4 0.0289 0.13986
5 0.04041 0.16399
6 0.0487 0.18078
7 0.06132 0.20488
8 0.07395 0.22154
9 0.08446 0.23883
10 0.09849 0.26226
11 0.1113 0.2788
12 0.12281 0.29529
13 0.13986 0.31176
14 0.14672 0.33599
15 0.16399 0.35245
16 0.18078 0.36889
17 0.18974 0.38531
18 0.20488 0.40172
19 0.22154 0.41811
20 0.23792 0.4345
21 0.24531 0.45088
22 0.26226 0.46726
23 0.2788 0.48363
24 0.2953 0.5
25 0.31176 0.51637
26 0.32356 0.53274
27 0.33599 0.54912
28 0.35245 0.5655
29 0.36889 0.58189
30 0.38531 0.59828
31 0.40172 0.61469
32 0.41811 0.63111
33 0.4345 0.64755
34 0.45088 0.66401
35 0.46726 0.67644
36 0.48363 0.68824
37 0.5 0.7047
38 0.51637 0.7212
39 0.53274 0.73774
40 0.54912 0.75469
41 0.5655 0.76208
42 0.58189 0.77846
43 0.59828 0.79512
44 0.61469 0.81026
45 0.63111 0.81922
46 0.64755 0.83601
47 0.66401 0.85328
48 0.68824 0.86014
49 0.70471 0.87719
50 0.7212 0.8887
51 0.73774 0.90151
52 0.76117 0.91554
53 0.77846 0.92605
54 0.79512 0.93868
55 0.81922 0.9513
56 0.83601 0.95959
57 0.86014 0.9711
58 0.87719 0.9818
59 0.90151 0.99125
60 0.92605 0.99827
61 0.9513 1
