0 0 0.07237
1 0.00015 0.10237
2 0.0022 0.13154
3 0.00649 0.15423
4 0.01231 0.17029
5 0.0192 0.19252
6 0.0269 0.21469
7 0.03524 0.23022
8 0.04409 0.2523
9 0.05339 0.26765
10 0.06306 0.28973
11 0.07238 0.30496
12 0.07798 0.32014
13 0.09218 0.33776
14 0.10237 0.35739
15 0.11084 0.37249
16 0.12526 0.38755
17 0.13154 0.40259
18 0.14752 0.41761
19 0.15423 0.43434
20 0.1703 0.45494
21 0.17783 0.46997
22 0.19252 0.48498
23 0.20497 0.5
24 0.2147 0.51502
25 0.23022 0.53003
26 0.241 0.54506
27 0.2523 0.55601
28 0.26765 0.56862
29 0.28077 0.58239
30 0.28973 0.59741
31 0.30496 0.61245
32 0.32014 0.62751
33 0.33427 0.64261
34 0.34288 0.65712
35 0.35739 0.66573
36 0.37249 0.67986
37 0.38755 0.69504
38 0.40259 0.71027
39 0.41761 0.71923
40 0.43138 0.73235
41 0.44399 0.7477
42 0.45494 0.759
43 0.46997 0.76978
44 0.48498 0.7853
45 0.5 0.79503
46 0.51502 0.80748
47 0.53003 0.82217
48 0.54506 0.8297
49 0.56566 0.84577
50 0.58239 0.85248
51 0.59741 0.86846
52 0.61245 0.87474
53 0.62751 0.88916
54 0.64261 0.89763
55 0.66224 0.90782
56 0.67986 0.92202
57 0.69504 0.92762
58 0.71027 0.93694
59 0.73235 0.94661
60 0.7477 0.95591
61 0.76978 0.96476
62 0.78531 0.9731
63 0.80748 0.9808
64 0.82971 0.98769
65 0.84577 0.99351
66 0.86846 0.9978
67 0.89763 0.99985
68 0.92763 1
