0 0 0.05438
1 0.00074 0.07729
2 0.00518 0.09933
3 0.01195 0.12107
4 0.02004 0.14269
5 0.02899 0.15787
6 0.03855 0.17934
7 0.04859 0.1943
8 0.05438 0.21574
9 0.06748 0.23058
10 0.07729 0.25203
11 0.08723 0.2668
12 0.09933 0.28153
13 0.1092 0.29621
14 0.12107 0.31772
15 0.13351 0.33238
16 0.14269 0.34702
17 0.15787 0.36164
18 0.16619 0.37625
19 0.17934 0.39084
20 0.1943 0.40757
21 0.20307 0.42709
22 0.21574 0.44168
23 0.23058 0.45626
24 0.24422 0.47085
25 0.25203 0.48542
26 0.2668 0.5
27 0.28153 0.51458
28 0.29621 0.52915
29 0.30778 0.54373
30 0.31772 0.55832
31 0.33238 0.57291
32 0.34702 0.5848
33 0.36164 0.59588
34 0.37625 0.60916
35 0.39084 0.62375
36 0.40412 0.63836
37 0.4152 0.65298
38 0.42709 0.66762
39 0.44168 0.68228
40 0.45627 0.69222
41 0.47085 0.70379
42 0.48542 0.71847
43 0.5 0.7332
44 0.51458 0.74797
45 0.52915 0.75578
46 0.54374 0.76942
47 0.55832 0.78426
48 0.57291 0.79693
49 0.59243 0.8057
50 0.60916 0.82066
51 0.62375 0.83381
52 0.63836 0.84213
53 0.65298 0.85731
54 0.66762 0.86649
55 0.68228 0.87893
56 0.70379 0.8908
57 0.71847 0.90067
58 0.7332 0.91277
59 0.74797 0.92271
60 0.76942 0.93252
61 0.78426 0.94562
62 0.8057 0.95141
63 0.82066 0.96145
64 0.84213 0.97101
65 0.85731 0.97996
66 0.87893 0.98805
67 0.90067 0.99482
68 0.92271 0.99926
69 0.94562 1
