0 0 0.09858
1 2e-04 0.13948
2 0.003 0.17085
3 0.00886 0.20164
4 0.01684 0.23218
5 0.02631 0.25357
6 0.03692 0.28385
7 0.04843 0.30487
8 0.06068 0.32987
9 0.07357 0.35597
10 0.087 0.3767
11 0.09858 0.39736
12 0.11033 0.41795
13 0.12833 0.44176
14 0.13948 0.4691
15 0.15671 0.4897
16 0.17085 0.5103
17 0.18738 0.5309
18 0.20164 0.5465
19 0.22085 0.56382
20 0.23218 0.58205
21 0.25358 0.60264
22 0.26953 0.6233
23 0.28385 0.64403
24 0.30487 0.66495
25 0.32426 0.67574
26 0.33505 0.69513
27 0.35597 0.71615
28 0.3767 0.73047
29 0.39736 0.74642
30 0.41795 0.76782
31 0.43618 0.77915
32 0.4535 0.79836
33 0.4691 0.81262
34 0.4897 0.82915
35 0.5103 0.84329
36 0.5309 0.86052
37 0.55824 0.87167
38 0.58205 0.88967
39 0.60264 0.90142
40 0.6233 0.913
41 0.64403 0.92643
42 0.67013 0.93932
43 0.69513 0.95157
44 0.71615 0.96308
45 0.74643 0.97369
46 0.76782 0.98316
47 0.79836 0.99114
48 0.82915 0.997
49 0.86052 0.9998
50 0.90142 1
