0 0 0.10404
1 2e-05 0.13448
2 0.00065 0.15773
3 0.00276 0.18036
4 0.00624 0.20268
5 0.01082 0.22483
6 0.01627 0.24687
7 0.02245 0.26563
8 0.02922 0.28426
9 0.03651 0.30254
10 0.04425 0.32139
11 0.05238 0.33651
12 0.06086 0.35842
13 0.06967 0.37347
14 0.07877 0.38846
15 0.08814 0.4034
16 0.09776 0.41898
17 0.10404 0.44039
18 0.11568 0.45531
19 0.12718 0.47021
20 0.13448 0.48511
21 0.14669 0.5
22 0.15773 0.51489
23 0.1663 0.52979
24 0.18037 0.54469
25 0.18687 0.55961
26 0.20268 0.56983
27 0.21036 0.58214
28 0.22483 0.5966
29 0.23576 0.61154
30 0.24687 0.62653
31 0.26166 0.64157
32 0.26685 0.65078
33 0.28426 0.66349
34 0.29862 0.67861
35 0.30538 0.69462
36 0.32139 0.70138
37 0.33651 0.71574
38 0.34922 0.73315
39 0.35843 0.73834
40 0.37347 0.75313
41 0.38846 0.76424
42 0.4034 0.77517
43 0.41786 0.78964
44 0.43017 0.79732
45 0.44039 0.81313
46 0.45531 0.81963
47 0.47021 0.8337
48 0.48511 0.84227
49 0.5 0.85331
50 0.51489 0.86552
51 0.52979 0.87282
52 0.54469 0.88432
53 0.55961 0.89596
54 0.58102 0.90224
55 0.5966 0.91186
56 0.61154 0.92123
57 0.62653 0.93033
58 0.64158 0.93914
59 0.66349 0.94762
60 0.67861 0.95575
61 0.69746 0.96349
62 0.71574 0.97078
63 0.73437 0.97755
64 0.75313 0.98373
65 0.77517 0.98918
66 0.79732 0.99376
67 0.81964 0.99724
68 0.84227 0.99935
69 0.86552 0.99998
70 0.89596 1
