0 0 0.05212
1 0.00071 0.07408
2 0.00496 0.0952
3 0.01145 0.11604
4 0.0192 0.13676
5 0.02776 0.15131
6 0.03692 0.17188
7 0.04652 0.18623
8 0.05212 0.20676
9 0.06456 0.22099
10 0.07408 0.24153
11 0.08334 0.25569
12 0.0952 0.26981
13 0.10423 0.29039
14 0.11604 0.30447
15 0.12745 0.31853
16 0.13676 0.33256
17 0.15132 0.34657
18 0.15774 0.36189
19 0.17188 0.38126
20 0.18623 0.39526
21 0.19204 0.40924
22 0.20676 0.42322
23 0.22099 0.43719
24 0.23218 0.45115
25 0.24154 0.46511
26 0.25569 0.47907
27 0.26981 0.49302
28 0.28289 0.50698
29 0.29039 0.52093
30 0.30447 0.53489
31 0.31853 0.54885
32 0.33256 0.56281
33 0.34657 0.57678
34 0.35989 0.59076
35 0.36941 0.60474
36 0.38126 0.61874
37 0.39526 0.63059
38 0.40924 0.64011
39 0.42322 0.65343
40 0.43719 0.66744
41 0.45115 0.68147
42 0.46511 0.69553
43 0.47907 0.70961
44 0.49302 0.71711
45 0.50698 0.73019
46 0.52093 0.74431
47 0.53489 0.75846
48 0.54885 0.76782
49 0.56281 0.77901
50 0.57678 0.79324
51 0.59076 0.80796
52 0.60474 0.81377
53 0.61874 0.82812
54 0.63811 0.84226
55 0.65343 0.84868
56 0.66744 0.86324
57 0.68147 0.87255
58 0.69553 0.88396
59 0.70961 0.89577
60 0.73019 0.9048
61 0.74431 0.91666
62 0.75847 0.92592
63 0.77901 0.93544
64 0.79324 0.94788
65 0.81377 0.95348
66 0.82812 0.96308
67 0.84869 0.97224
68 0.86324 0.9808
69 0.88396 0.98855
70 0.9048 0.99504
71 0.92592 0.99929
72 0.94788 1
