0 0 0.04874
1 0.00067 0.06928
2 0.00464 0.08904
3 0.0107 0.10853
4 0.01794 0.1279
5 0.02593 0.14721
6 0.03448 0.16075
7 0.04345 0.17997
8 0.04874 0.19336
9 0.06021 0.20667
10 0.06928 0.22587
11 0.07757 0.23911
12 0.08904 0.25232
13 0.09684 0.27154
14 0.10853 0.28471
15 0.11844 0.29785
16 0.1279 0.31098
17 0.14125 0.33026
18 0.14721 0.34337
19 0.16075 0.35647
20 0.17297 0.36955
21 0.17998 0.38263
22 0.19336 0.39569
23 0.20667 0.40875
24 0.21346 0.42363
25 0.22587 0.44124
26 0.23911 0.4543
27 0.25232 0.46736
28 0.25951 0.48042
29 0.27154 0.49347
30 0.28471 0.50653
31 0.29785 0.51958
32 0.31098 0.53264
33 0.32014 0.5457
34 0.33026 0.55876
35 0.34337 0.56892
36 0.35647 0.57942
37 0.36956 0.59125
38 0.38263 0.60431
39 0.39569 0.61737
40 0.40875 0.63044
41 0.42058 0.64353
42 0.43108 0.65663
43 0.44124 0.66974
44 0.4543 0.67986
45 0.46736 0.68902
46 0.48042 0.70215
47 0.49347 0.71529
48 0.50653 0.72846
49 0.51958 0.74049
50 0.53264 0.74768
51 0.5457 0.76089
52 0.55876 0.77413
53 0.57637 0.78654
54 0.59125 0.79333
55 0.60431 0.80664
56 0.61737 0.82002
57 0.63045 0.82703
58 0.64353 0.83925
59 0.65663 0.85279
60 0.66974 0.85875
61 0.68902 0.8721
62 0.70215 0.88156
63 0.71529 0.89147
64 0.72846 0.90316
65 0.74768 0.91096
66 0.76089 0.92243
67 0.77413 0.93072
68 0.79333 0.93979
69 0.80664 0.95126
70 0.82003 0.95655
71 0.83925 0.96552
72 0.85279 0.97407
73 0.8721 0.98206
74 0.89147 0.9893
75 0.91096 0.99536
76 0.93072 0.99933
77 0.95126 1
