0 0 0.05285
1 0.00072 0.07512
2 0.00503 0.09654
3 0.01162 0.11767
4 0.01947 0.13868
5 0.02816 0.15344
6 0.03744 0.1743
7 0.04719 0.18884
8 0.05285 0.20967
9 0.0655 0.2241
10 0.07512 0.24493
11 0.0846 0.25929
12 0.09654 0.2736
13 0.10584 0.28829
14 0.11767 0.30876
15 0.12941 0.32302
16 0.13868 0.33724
17 0.15344 0.35145
18 0.16051 0.36564
19 0.1743 0.38664
20 0.18884 0.40084
21 0.19575 0.41502
22 0.20967 0.4292
23 0.2241 0.44336
24 0.2361 0.45753
25 0.24493 0.47169
26 0.25929 0.48584
27 0.2736 0.5
28 0.28772 0.51415
29 0.29568 0.52831
30 0.30876 0.54247
31 0.32302 0.55663
32 0.33724 0.5708
33 0.35145 0.58498
34 0.36564 0.59916
35 0.37735 0.61336
36 0.38664 0.62265
37 0.40084 0.63436
38 0.41502 0.64855
39 0.4292 0.66276
40 0.44337 0.67698
41 0.45753 0.69124
42 0.47169 0.70432
43 0.48585 0.71228
44 0.5 0.7264
45 0.51416 0.74071
46 0.52831 0.75507
47 0.54247 0.7639
48 0.55664 0.7759
49 0.5708 0.79033
50 0.58498 0.80425
51 0.59916 0.81116
52 0.61336 0.8257
53 0.63436 0.83949
54 0.64855 0.84656
55 0.66276 0.86132
56 0.67698 0.87059
57 0.69124 0.88233
58 0.71171 0.89416
59 0.7264 0.90346
60 0.74071 0.9154
61 0.75507 0.92488
62 0.7759 0.9345
63 0.79033 0.94715
64 0.81116 0.95281
65 0.8257 0.96256
66 0.84656 0.97184
67 0.86132 0.98053
68 0.88233 0.98838
69 0.90346 0.99497
70 0.92488 0.99928
71 0.94715 1
