0 0 0.10461
1 0.0016 0.16618
2 0.01122 0.20014
3 0.02604 0.24681
4 0.04385 0.28149
5 0.06365 0.32577
6 0.08496 0.35775
7 0.10461 0.38953
8 0.12158 0.4234
9 0.1523 0.46221
10 0.16618 0.5
11 0.20014 0.52735
12 0.21747 0.55374
13 0.24682 0.58037
14 0.2785 0.61047
15 0.29502 0.64225
16 0.32577 0.67423
17 0.35775 0.70498
18 0.38953 0.7215
19 0.41963 0.75318
20 0.44626 0.78253
21 0.47265 0.79986
22 0.5 0.83382
23 0.53779 0.8477
24 0.5766 0.87842
25 0.61047 0.89539
26 0.64225 0.91504
27 0.67423 0.93635
28 0.71851 0.95615
29 0.75319 0.97396
30 0.79986 0.98878
31 0.83382 0.9984
32 0.89539 1
