0 0 0.03203
1 0.00113 0.04864
2 0.00573 0.06477
3 0.01191 0.08075
4 0.01889 0.09666
5 0.02638 0.10783
6 0.03203 0.12366
7 0.03968 0.1347
8 0.04864 0.15052
9 0.05393 0.16148
10 0.06477 0.1773
11 0.0708 0.18822
12 0.08075 0.1991
13 0.08964 0.20997
14 0.09666 0.22581
15 0.10783 0.23665
16 0.11424 0.24748
17 0.12366 0.2583
18 0.1347 0.27417
19 0.14183 0.28498
20 0.15052 0.29578
21 0.16148 0.30657
22 0.17194 0.31735
23 0.1773 0.32813
24 0.18822 0.34407
25 0.1991 0.35484
26 0.20997 0.36562
27 0.21586 0.37638
28 0.22581 0.38714
29 0.23665 0.3979
30 0.24748 0.40866
31 0.2583 0.41941
32 0.26619 0.43016
33 0.27418 0.44091
34 0.28498 0.45165
35 0.29578 0.4624
36 0.30657 0.47314
37 0.31735 0.48389
38 0.32813 0.49463
39 0.33695 0.50537
40 0.34407 0.51611
41 0.35484 0.52686
42 0.36562 0.5376
43 0.37638 0.54835
44 0.38714 0.55909
45 0.3979 0.56984
46 0.40866 0.58059
47 0.41941 0.59134
48 0.43016 0.6021
49 0.44091 0.61286
50 0.45165 0.62362
51 0.4624 0.63438
52 0.47314 0.64516
53 0.48389 0.65593
54 0.49463 0.66305
55 0.50537 0.67187
56 0.51611 0.68265
57 0.52686 0.69343
58 0.5376 0.70422
59 0.54835 0.71502
60 0.55909 0.72582
61 0.56984 0.73381
62 0.58059 0.7417
63 0.59134 0.75252
64 0.6021 0.76335
65 0.61286 0.77419
66 0.62362 0.78414
67 0.63438 0.79003
68 0.64516 0.8009
69 0.65593 0.81178
70 0.67187 0.8227
71 0.68265 0.82806
72 0.69343 0.83852
73 0.70422 0.84948
74 0.71502 0.85817
75 0.72583 0.8653
76 0.7417 0.87634
77 0.75252 0.88576
78 0.76335 0.89217
79 0.77419 0.90334
80 0.79003 0.91036
81 0.8009 0.91925
82 0.81178 0.9292
83 0.8227 0.93523
84 0.83852 0.94607
85 0.84948 0.95136
86 0.8653 0.96032
87 0.87634 0.96797
88 0.89217 0.97362
89 0.90334 0.98111
90 0.91925 0.98809
91 0.93523 0.99427
92 0.95136 0.99887
93 0.96797 1
