0 0 0.15105
1 2e-05 0.19758
2 0.001 0.2331
3 0.00423 0.26785
4 0.00959 0.30228
5 0.01667 0.3263
6 0.02515 0.35543
7 0.03478 0.38403
8 0.04539 0.40741
9 0.05685 0.43067
10 0.06906 0.45549
11 0.08194 0.48088
12 0.09543 0.50455
13 0.10948 0.52653
14 0.12407 0.54752
15 0.13914 0.56933
16 0.15105 0.59259
17 0.167 0.61597
18 0.18585 0.63928
19 0.19758 0.65212
20 0.21813 0.6737
21 0.2331 0.69772
22 0.25282 0.7095
23 0.26785 0.73215
24 0.2905 0.74718
25 0.30228 0.7669
26 0.3263 0.78187
27 0.34788 0.80242
28 0.36072 0.81415
29 0.38403 0.833
30 0.40741 0.84895
31 0.43067 0.86086
32 0.45248 0.87593
33 0.47347 0.89052
34 0.49545 0.90457
35 0.51912 0.91806
36 0.54451 0.93094
37 0.56933 0.94315
38 0.59259 0.95461
39 0.61597 0.96522
40 0.64457 0.97485
41 0.6737 0.98333
42 0.69772 0.99041
43 0.73215 0.99577
44 0.7669 0.999
45 0.80242 0.99998
46 0.84895 1
