0 0 0.06734
1 0.00239 0.10223
2 0.01215 0.13617
3 0.02531 0.16984
4 0.04024 0.19337
5 0.05632 0.22683
6 0.06734 0.25
7 0.08626 0.27303
8 0.10223 0.30047
9 0.12006 0.32944
10 0.13617 0.3523
11 0.15854 0.3751
12 0.16984 0.39786
13 0.19337 0.42059
14 0.21499 0.44329
15 0.22683 0.46598
16 0.25001 0.48866
17 0.27303 0.51134
18 0.29462 0.53402
19 0.30506 0.55671
20 0.32945 0.57941
21 0.3523 0.60214
22 0.3751 0.6249
23 0.39786 0.6477
24 0.42059 0.67055
25 0.44329 0.69494
26 0.46598 0.70538
27 0.48866 0.72697
28 0.51134 0.74999
29 0.53402 0.77317
30 0.55671 0.78501
31 0.57941 0.80663
32 0.60214 0.83016
33 0.6249 0.84146
34 0.6477 0.86383
35 0.67056 0.87994
36 0.69953 0.89777
37 0.72697 0.91374
38 0.75 0.93266
39 0.77317 0.94368
40 0.80663 0.95976
41 0.83016 0.97469
42 0.86383 0.98785
43 0.89777 0.99761
44 0.93266 1
