0 0 0.08347
1 0.00017 0.11807
2 0.00254 0.14462
3 0.00749 0.17065
4 0.01422 0.19645
5 0.0222 0.22213
6 0.03112 0.24012
7 0.04079 0.26566
8 0.05107 0.2834
9 0.06187 0.30893
10 0.07312 0.32652
11 0.08347 0.34405
12 0.09155 0.36201
13 0.1073 0.38712
14 0.11807 0.40455
15 0.13005 0.42195
16 0.14462 0.43932
17 0.15421 0.45667
18 0.17066 0.47401
19 0.1815 0.49134
20 0.19645 0.50866
21 0.21116 0.52599
22 0.22213 0.54333
23 0.24012 0.56068
24 0.25218 0.57805
25 0.26566 0.59545
26 0.2834 0.61288
27 0.29821 0.62637
28 0.30893 0.63877
29 0.32653 0.65595
30 0.34405 0.67347
31 0.36123 0.69107
32 0.37363 0.70179
33 0.38712 0.7166
34 0.40455 0.73434
35 0.42195 0.74782
36 0.43932 0.75988
37 0.45667 0.77787
38 0.47401 0.78884
39 0.49134 0.80355
40 0.50866 0.8185
41 0.52599 0.82934
42 0.54333 0.84579
43 0.56068 0.85538
44 0.57805 0.86995
45 0.59545 0.88193
46 0.61288 0.8927
47 0.63799 0.90845
48 0.65595 0.91653
49 0.67348 0.92688
50 0.69107 0.93813
51 0.7166 0.94893
52 0.73434 0.95921
53 0.75988 0.96888
54 0.77787 0.9778
55 0.80355 0.98578
56 0.82935 0.99251
57 0.85538 0.99746
58 0.88193 0.99983
59 0.91653 1
