0 0 0.04469
1 0.00061 0.06353
2 0.00425 0.08165
3 0.0098 0.09951
4 0.01643 0.11727
5 0.02374 0.13496
6 0.03156 0.14738
7 0.03976 0.165
8 0.04469 0.17728
9 0.05502 0.19488
10 0.06353 0.20707
11 0.07069 0.21922
12 0.08165 0.23682
13 0.08804 0.24893
14 0.09951 0.26101
15 0.10771 0.27864
16 0.11727 0.29069
17 0.12858 0.30273
18 0.13496 0.31475
19 0.14738 0.32676
20 0.15696 0.34446
21 0.165 0.35646
22 0.17728 0.36845
23 0.18773 0.38044
24 0.19488 0.39241
25 0.20707 0.40438
26 0.21922 0.41635
27 0.22766 0.42831
28 0.23682 0.44026
29 0.24893 0.45221
30 0.26101 0.46416
31 0.27207 0.47611
32 0.27864 0.48848
33 0.29069 0.50058
34 0.30273 0.51235
35 0.31476 0.52389
36 0.32676 0.53584
37 0.33755 0.54779
38 0.34446 0.55974
39 0.35646 0.57169
40 0.36845 0.58365
41 0.38044 0.59562
42 0.39241 0.60758
43 0.40438 0.61956
44 0.41635 0.63155
45 0.42831 0.64354
46 0.44026 0.65554
47 0.45221 0.66245
48 0.46416 0.67324
49 0.47611 0.68524
50 0.48765 0.69727
51 0.49942 0.70931
52 0.51152 0.72136
53 0.52389 0.72793
54 0.53584 0.73899
55 0.54779 0.75107
56 0.55974 0.76318
57 0.57169 0.77234
58 0.58365 0.78078
59 0.59562 0.79293
60 0.60759 0.80512
61 0.61956 0.81227
62 0.63155 0.82272
63 0.64354 0.835
64 0.65554 0.84304
65 0.67324 0.85262
66 0.68525 0.86504
67 0.69727 0.87142
68 0.70931 0.88273
69 0.72136 0.89229
70 0.73899 0.90049
71 0.75107 0.91196
72 0.76318 0.91835
73 0.78078 0.92931
74 0.79293 0.93647
75 0.80512 0.94498
76 0.82272 0.95531
77 0.835 0.96024
78 0.85262 0.96844
79 0.86504 0.97626
80 0.88273 0.98357
81 0.90049 0.9902
82 0.91835 0.99575
83 0.93647 0.99939
84 0.95531 1
