0 0 0.0897
1 1e-05 0.11594
2 0.00056 0.14115
3 0.00238 0.16076
4 0.00538 0.18007
5 0.00932 0.1992
6 0.01401 0.21823
7 0.01931 0.23166
8 0.02512 0.25053
9 0.03137 0.26374
10 0.03799 0.28256
11 0.04495 0.29564
12 0.0522 0.31445
13 0.05973 0.32744
14 0.06749 0.34038
15 0.07548 0.35922
16 0.08368 0.37212
17 0.0897 0.38499
18 0.09844 0.39783
19 0.10851 0.41096
20 0.11594 0.4296
21 0.12433 0.44242
22 0.13542 0.45523
23 0.14115 0.46803
24 0.15334 0.48082
25 0.16076 0.49361
26 0.17197 0.50639
27 0.18007 0.51918
28 0.19156 0.53197
29 0.1992 0.54477
30 0.21208 0.55758
31 0.21824 0.5704
32 0.23166 0.57913
33 0.24111 0.58957
34 0.25054 0.60217
35 0.26374 0.61501
36 0.27171 0.62788
37 0.28256 0.64078
38 0.29564 0.6495
39 0.30555 0.65962
40 0.31445 0.67256
41 0.32744 0.68555
42 0.34038 0.69445
43 0.3505 0.70436
44 0.35922 0.71744
45 0.37212 0.72829
46 0.38499 0.73626
47 0.39783 0.74946
48 0.41043 0.75889
49 0.42087 0.76834
50 0.4296 0.78176
51 0.44242 0.78792
52 0.45523 0.8008
53 0.46803 0.80844
54 0.48082 0.81993
55 0.49361 0.82803
56 0.50639 0.83924
57 0.51918 0.84666
58 0.53197 0.85885
59 0.54477 0.86458
60 0.55758 0.87567
61 0.5704 0.88406
62 0.58904 0.89149
63 0.60217 0.90156
64 0.61501 0.9103
65 0.62788 0.91632
66 0.64078 0.92452
67 0.65962 0.93251
68 0.67256 0.94027
69 0.68555 0.9478
70 0.70436 0.95505
71 0.71744 0.96201
72 0.73626 0.96863
73 0.74947 0.97488
74 0.76834 0.98069
75 0.78177 0.98599
76 0.8008 0.99068
77 0.81993 0.99462
78 0.83924 0.99762
79 0.85885 0.99944
80 0.88406 0.99999
81 0.9103 1
