0 0 0.10492
1 0.00021 0.14847
2 0.00319 0.18186
3 0.00944 0.21465
4 0.01794 0.23853
5 0.02804 0.26996
6 0.03936 0.29622
7 0.05165 0.32462
8 0.06474 0.34682
9 0.07852 0.37085
10 0.09289 0.40124
11 0.10492 0.42326
12 0.11831 0.44522
13 0.13728 0.46714
14 0.14847 0.48905
15 0.16806 0.51095
16 0.18186 0.53285
17 0.20138 0.55478
18 0.21465 0.57674
19 0.23744 0.59876
20 0.24727 0.61674
21 0.26996 0.63214
22 0.29127 0.65318
23 0.3015 0.67538
24 0.32462 0.6985
25 0.34682 0.70873
26 0.36786 0.73004
27 0.38326 0.75273
28 0.40124 0.76256
29 0.42326 0.78535
30 0.44522 0.79862
31 0.46715 0.81814
32 0.48905 0.83194
33 0.51095 0.85153
34 0.53286 0.86272
35 0.55478 0.88169
36 0.57674 0.89508
37 0.59876 0.90711
38 0.62915 0.92148
39 0.65318 0.93526
40 0.67538 0.94835
41 0.70378 0.96064
42 0.73004 0.97196
43 0.76147 0.98206
44 0.78535 0.99056
45 0.81814 0.99681
46 0.85153 0.99979
47 0.89508 1
