0 0 0.08491
1 0.00017 0.12012
2 0.00258 0.14713
3 0.00762 0.17362
4 0.01447 0.19986
5 0.02259 0.226
6 0.03167 0.2443
7 0.04152 0.27029
8 0.05199 0.28834
9 0.06298 0.31432
10 0.07444 0.33223
11 0.08491 0.35006
12 0.09333 0.36782
13 0.1093 0.39119
14 0.12012 0.41165
15 0.13258 0.42936
16 0.14713 0.44704
17 0.15739 0.4647
18 0.17362 0.48235
19 0.18528 0.5
20 0.19986 0.51765
21 0.21545 0.5353
22 0.226 0.55296
23 0.2443 0.57064
24 0.25776 0.58835
25 0.27029 0.6064
26 0.28834 0.6168
27 0.30476 0.63218
28 0.31433 0.64994
29 0.33223 0.66777
30 0.35006 0.68567
31 0.36782 0.69524
32 0.3832 0.71166
33 0.3936 0.72971
34 0.41165 0.74224
35 0.42936 0.7557
36 0.44704 0.774
37 0.4647 0.78455
38 0.48235 0.80014
39 0.5 0.81472
40 0.51765 0.82638
41 0.5353 0.84261
42 0.55296 0.85287
43 0.57064 0.86742
44 0.58835 0.87988
45 0.60881 0.8907
46 0.63218 0.90667
47 0.64994 0.91509
48 0.66777 0.92556
49 0.68568 0.93702
50 0.71166 0.94801
51 0.72971 0.95848
52 0.7557 0.96833
53 0.774 0.97741
54 0.80014 0.98553
55 0.82638 0.99238
56 0.85287 0.99742
57 0.87988 0.99983
58 0.91509 1
