0 0 0.07051
1 0.00251 0.10705
2 0.01274 0.14259
3 0.02653 0.17786
4 0.04219 0.20249
5 0.05905 0.22738
6 0.07051 0.26182
7 0.09059 0.28592
8 0.10705 0.30991
9 0.12627 0.34505
10 0.14259 0.36899
11 0.16679 0.39287
12 0.17786 0.41672
13 0.20249 0.44053
14 0.22667 0.46433
15 0.23725 0.48811
16 0.26182 0.51189
17 0.28592 0.53567
18 0.30991 0.55947
19 0.32822 0.58328
20 0.34505 0.60713
21 0.36899 0.63101
22 0.39287 0.65495
23 0.41672 0.67178
24 0.44053 0.69009
25 0.46433 0.71408
26 0.48811 0.73818
27 0.51189 0.76275
28 0.53567 0.77333
29 0.55947 0.79751
30 0.58328 0.82214
31 0.60713 0.83321
32 0.63101 0.85741
33 0.65495 0.87373
34 0.69009 0.89295
35 0.71408 0.90941
36 0.73818 0.92949
37 0.77262 0.94095
38 0.79751 0.95781
39 0.82214 0.97347
40 0.85741 0.98726
41 0.89295 0.99749
42 0.92949 1
