0 0 0.04573
1 0.00162 0.06944
2 0.00821 0.09247
3 0.01708 0.1153
4 0.02711 0.13804
5 0.03789 0.15396
6 0.04573 0.17138
7 0.05741 0.19234
8 0.06944 0.20799
9 0.07892 0.23063
10 0.09247 0.2462
11 0.10394 0.26173
12 0.1153 0.27722
13 0.13116 0.29992
14 0.13804 0.3154
15 0.15396 0.33085
16 0.1695 0.34628
17 0.17334 0.36169
18 0.19235 0.37709
19 0.20799 0.39364
20 0.22103 0.41535
21 0.23063 0.43075
22 0.2462 0.44615
23 0.26173 0.46154
24 0.27722 0.47692
25 0.28872 0.49231
26 0.29992 0.50769
27 0.3154 0.52308
28 0.33085 0.53846
29 0.34628 0.55385
30 0.36169 0.56925
31 0.37709 0.58465
32 0.39177 0.59647
33 0.40353 0.60823
34 0.41535 0.62291
35 0.43075 0.63831
36 0.44615 0.65372
37 0.46154 0.66915
38 0.47692 0.6846
39 0.49231 0.70008
40 0.50769 0.71128
41 0.52308 0.72278
42 0.53846 0.73827
43 0.55385 0.7538
44 0.56925 0.76937
45 0.58465 0.77897
46 0.60636 0.79201
47 0.62291 0.80765
48 0.63831 0.82666
49 0.65372 0.8305
50 0.66915 0.84604
51 0.6846 0.86196
52 0.70008 0.86884
53 0.72278 0.8847
54 0.73827 0.89606
55 0.7538 0.90753
56 0.76937 0.92108
57 0.79201 0.93056
58 0.80766 0.94259
59 0.82862 0.95427
60 0.84604 0.96211
61 0.86196 0.97289
62 0.8847 0.98292
63 0.90753 0.99179
64 0.93056 0.99838
65 0.95427 1
