0 0 0.14131
1 0.00029 0.18799
2 0.0043 0.23267
3 0.01275 0.27675
4 0.02429 0.31118
5 0.03806 0.35113
6 0.05354 0.38123
7 0.0704 0.41123
8 0.08843 0.44833
9 0.10746 0.48507
10 0.12738 0.51493
11 0.14131 0.53998
12 0.16544 0.56417
13 0.18799 0.589
14 0.20571 0.61877
15 0.23267 0.64886
16 0.25313 0.67788
17 0.27675 0.69393
18 0.30607 0.72325
19 0.32212 0.74687
20 0.35114 0.76733
21 0.38123 0.79429
22 0.411 0.81201
23 0.43583 0.83456
24 0.46002 0.85869
25 0.48507 0.87262
26 0.51493 0.89254
27 0.55167 0.91157
28 0.58877 0.9296
29 0.61877 0.94646
30 0.64887 0.96194
31 0.68882 0.97571
32 0.72325 0.98725
33 0.76733 0.9957
34 0.81201 0.99971
35 0.85869 1
