0 0 0.0372
1 0.00132 0.0565
2 0.00667 0.07524
3 0.01386 0.0938
4 0.02198 0.11229
5 0.03071 0.12525
6 0.0372 0.14366
7 0.04632 0.15646
8 0.0565 0.17486
9 0.06326 0.18758
10 0.07524 0.20026
11 0.08317 0.21866
12 0.0938 0.2313
13 0.10514 0.24392
14 0.11229 0.2565
15 0.12525 0.27495
16 0.13495 0.28752
17 0.14366 0.30009
18 0.15647 0.31263
19 0.16784 0.32517
20 0.17486 0.33769
21 0.18758 0.35622
22 0.20026 0.36875
23 0.21094 0.38127
24 0.21866 0.39378
25 0.2313 0.40629
26 0.24392 0.41879
27 0.2565 0.43129
28 0.26649 0.44379
29 0.27495 0.45628
30 0.28753 0.46878
31 0.30009 0.48127
32 0.31263 0.49376
33 0.32517 0.50624
34 0.33769 0.51873
35 0.34717 0.53122
36 0.35622 0.54371
37 0.36875 0.55621
38 0.38127 0.5687
39 0.39378 0.5812
40 0.40629 0.59371
41 0.4188 0.60622
42 0.4313 0.61873
43 0.44379 0.63125
44 0.45629 0.64378
45 0.46878 0.65283
46 0.48127 0.66231
47 0.49376 0.67483
48 0.50624 0.68737
49 0.51873 0.69991
50 0.53122 0.71247
51 0.54372 0.72505
52 0.55621 0.73351
53 0.56871 0.7435
54 0.58121 0.75608
55 0.59371 0.7687
56 0.60622 0.78134
57 0.61873 0.78906
58 0.63125 0.79974
59 0.64378 0.81242
60 0.66231 0.82514
61 0.67483 0.83216
62 0.68737 0.84353
63 0.69991 0.85634
64 0.71248 0.86505
65 0.72505 0.87475
66 0.7435 0.88771
67 0.75608 0.89486
68 0.7687 0.9062
69 0.78134 0.91683
70 0.79974 0.92476
71 0.81242 0.93674
72 0.82514 0.9435
73 0.84354 0.95368
74 0.85634 0.9628
75 0.87475 0.96929
76 0.88771 0.97802
77 0.9062 0.98614
78 0.92476 0.99333
79 0.9435 0.99868
80 0.9628 1
