0 0 0.06149
1 0.00013 0.08696
2 0.00187 0.11171
3 0.0055 0.13098
4 0.01043 0.15002
5 0.01627 0.16397
6 0.02278 0.1823
7 0.02982 0.20107
8 0.0373 0.21422
9 0.04514 0.23293
10 0.05329 0.24594
11 0.06149 0.26465
12 0.0647 0.27758
13 0.07758 0.29046
14 0.08696 0.30918
15 0.09217 0.32203
16 0.10523 0.33484
17 0.11171 0.34763
18 0.12358 0.36641
19 0.13098 0.37919
20 0.14298 0.39195
21 0.15002 0.40469
22 0.16342 0.41742
23 0.16719 0.43014
24 0.1823 0.44286
25 0.1923 0.45556
26 0.20108 0.46827
27 0.21422 0.4817
28 0.2228 0.49476
29 0.23293 0.50742
30 0.24594 0.51972
31 0.25627 0.53174
32 0.26465 0.54444
33 0.27758 0.55714
34 0.29046 0.56986
35 0.30018 0.58258
36 0.30919 0.59531
37 0.32203 0.60805
38 0.33484 0.62081
39 0.34763 0.63359
40 0.35797 0.64203
41 0.36641 0.65237
42 0.37919 0.66516
43 0.39195 0.67797
44 0.40469 0.69081
45 0.41742 0.69982
46 0.43014 0.70954
47 0.44286 0.72242
48 0.45556 0.73535
49 0.46826 0.74373
50 0.48028 0.75406
51 0.49258 0.76707
52 0.50524 0.7772
53 0.5183 0.78578
54 0.53173 0.79892
55 0.54444 0.8077
56 0.55714 0.8177
57 0.56986 0.83281
58 0.58258 0.83658
59 0.59531 0.84998
60 0.60805 0.85702
61 0.62081 0.86902
62 0.63359 0.87642
63 0.65237 0.88829
64 0.66516 0.89477
65 0.67797 0.90783
66 0.69082 0.91304
67 0.70954 0.92242
68 0.72242 0.9353
69 0.73535 0.93851
70 0.75406 0.94671
71 0.76707 0.95486
72 0.78578 0.9627
73 0.79893 0.97018
74 0.8177 0.97722
75 0.83603 0.98373
76 0.84998 0.98957
77 0.86902 0.9945
78 0.88829 0.99813
79 0.91304 0.99987
80 0.93851 1
