0 0 0.04416
1 6e-04 0.06278
2 0.0042 0.08069
3 0.00969 0.09835
4 0.01623 0.11589
5 0.02346 0.13338
6 0.03119 0.14566
7 0.03929 0.16306
8 0.04417 0.1752
9 0.05435 0.19259
10 0.06278 0.20464
11 0.06981 0.21665
12 0.08069 0.23404
13 0.0869 0.246
14 0.09835 0.25794
15 0.10633 0.27536
16 0.11589 0.28728
17 0.12695 0.29917
18 0.13338 0.31105
19 0.14566 0.32292
20 0.15489 0.3404
21 0.16306 0.35226
22 0.1752 0.36411
23 0.18522 0.37596
24 0.19259 0.38779
25 0.20464 0.39962
26 0.21665 0.41144
27 0.22432 0.42326
28 0.23404 0.43507
29 0.246 0.44766
30 0.25794 0.46119
31 0.26819 0.47552
32 0.27536 0.48818
33 0.28728 0.5
34 0.29917 0.51182
35 0.31105 0.5233
36 0.32292 0.53286
37 0.33229 0.54323
38 0.3404 0.55372
39 0.35226 0.56493
40 0.36412 0.57674
41 0.37596 0.58856
42 0.38779 0.60038
43 0.39962 0.61221
44 0.41144 0.62404
45 0.42326 0.63588
46 0.43507 0.64774
47 0.44628 0.6596
48 0.45677 0.66771
49 0.46714 0.67708
50 0.4767 0.68895
51 0.48818 0.70083
52 0.5 0.71272
53 0.51182 0.72464
54 0.52448 0.73181
55 0.53881 0.74206
56 0.55234 0.754
57 0.56493 0.76596
58 0.57674 0.77568
59 0.58856 0.78335
60 0.60038 0.79536
61 0.61221 0.80741
62 0.62404 0.81478
63 0.63589 0.8248
64 0.64774 0.83694
65 0.6596 0.84511
66 0.67708 0.85434
67 0.68895 0.86662
68 0.70083 0.87305
69 0.71272 0.88411
70 0.72464 0.89367
71 0.74206 0.90165
72 0.754 0.9131
73 0.76596 0.91931
74 0.78335 0.93019
75 0.79536 0.93722
76 0.80741 0.94565
77 0.8248 0.95583
78 0.83694 0.96071
79 0.85434 0.96881
80 0.86662 0.97654
81 0.88411 0.98377
82 0.90165 0.99031
83 0.91931 0.9958
84 0.93722 0.9994
85 0.95584 1
