0 0 0.15813
1 2e-05 0.20687
2 0.00104 0.24408
3 0.00442 0.2805
4 0.01004 0.30599
5 0.01746 0.34179
6 0.02635 0.36658
7 0.03645 0.39664
8 0.04759 0.42695
9 0.05962 0.45136
10 0.07244 0.4757
11 0.08599 0.5
12 0.10018 0.5243
13 0.11497 0.54864
14 0.13033 0.57305
15 0.14622 0.5953
16 0.15813 0.61165
17 0.1761 0.63342
18 0.19566 0.65821
19 0.20688 0.67668
20 0.23018 0.69401
21 0.24408 0.71949
22 0.2673 0.7327
23 0.28051 0.75592
24 0.30599 0.76982
25 0.32332 0.79312
26 0.34179 0.80434
27 0.36658 0.8239
28 0.38835 0.84187
29 0.4047 0.85378
30 0.42695 0.86967
31 0.45136 0.88503
32 0.4757 0.89982
33 0.5 0.91401
34 0.5243 0.92756
35 0.54864 0.94038
36 0.57305 0.95241
37 0.60336 0.96355
38 0.63342 0.97365
39 0.65821 0.98254
40 0.69401 0.98996
41 0.7195 0.99558
42 0.75592 0.99896
43 0.79313 0.99998
44 0.84187 1
