0 0 0.09969
1 1e-05 0.12885
2 0.00063 0.15114
3 0.00264 0.1787
4 0.00598 0.20018
5 0.01036 0.21541
6 0.01559 0.23652
7 0.0215 0.25758
8 0.02798 0.27232
9 0.03495 0.29329
10 0.04234 0.30786
11 0.05012 0.32883
12 0.05823 0.34329
13 0.06664 0.3577
14 0.07533 0.37322
15 0.08428 0.39307
16 0.09347 0.40739
17 0.09969 0.42168
18 0.11042 0.43595
19 0.12148 0.4502
20 0.12885 0.46444
21 0.13988 0.47867
22 0.15114 0.49289
23 0.15789 0.50711
24 0.17234 0.52133
25 0.1787 0.53556
26 0.1937 0.54979
27 0.20018 0.56405
28 0.21541 0.57832
29 0.22328 0.59261
30 0.23652 0.60693
31 0.24856 0.61852
32 0.25758 0.62859
33 0.27232 0.6423
34 0.2829 0.65671
35 0.29329 0.67117
36 0.30786 0.67958
37 0.32042 0.69214
38 0.32883 0.70671
39 0.34329 0.7171
40 0.3577 0.72768
41 0.37141 0.74242
42 0.38148 0.75144
43 0.39307 0.76348
44 0.40739 0.77672
45 0.42168 0.78459
46 0.43595 0.79982
47 0.45021 0.8063
48 0.46444 0.8213
49 0.47867 0.82766
50 0.49289 0.84211
51 0.50711 0.84886
52 0.52133 0.86012
53 0.53556 0.87115
54 0.5498 0.87852
55 0.56405 0.88958
56 0.57832 0.90031
57 0.59261 0.90653
58 0.60693 0.91572
59 0.62678 0.92467
60 0.6423 0.93336
61 0.65671 0.94177
62 0.67117 0.94988
63 0.69214 0.95766
64 0.70671 0.96505
65 0.72768 0.97202
66 0.74242 0.9785
67 0.76348 0.98441
68 0.78459 0.98964
69 0.79982 0.99402
70 0.8213 0.99736
71 0.84886 0.99937
72 0.87115 0.99999
73 0.90031 1
