0 0 0.03864
1 0.00137 0.05868
2 0.00693 0.07815
3 0.0144 0.09743
4 0.02285 0.11664
5 0.03192 0.1301
6 0.03864 0.14922
7 0.04819 0.16253
8 0.05868 0.18164
9 0.06588 0.19485
10 0.07815 0.20802
11 0.08665 0.22714
12 0.09743 0.24027
13 0.1095 0.25337
14 0.11664 0.26645
15 0.1301 0.28048
16 0.14075 0.29868
17 0.14922 0.31173
18 0.16253 0.32477
19 0.17509 0.33779
20 0.18164 0.3508
21 0.19485 0.3638
22 0.20802 0.38087
23 0.22043 0.39609
24 0.22714 0.40909
25 0.24027 0.42209
26 0.25338 0.43508
27 0.26645 0.44807
28 0.27917 0.46105
29 0.28585 0.47404
30 0.29868 0.48702
31 0.31173 0.5
32 0.32477 0.51298
33 0.33779 0.52596
34 0.3508 0.53895
35 0.3638 0.55193
36 0.37519 0.56492
37 0.38259 0.57791
38 0.39609 0.59091
39 0.40909 0.60391
40 0.42209 0.61741
41 0.43508 0.62481
42 0.44807 0.6362
43 0.46105 0.6492
44 0.47404 0.66221
45 0.48702 0.67523
46 0.5 0.68827
47 0.51298 0.70132
48 0.52596 0.71415
49 0.53895 0.72083
50 0.55193 0.73355
51 0.56492 0.74662
52 0.57791 0.75973
53 0.59091 0.77286
54 0.60391 0.77957
55 0.61913 0.79198
56 0.6362 0.80515
57 0.6492 0.81836
58 0.66221 0.82491
59 0.67523 0.83747
60 0.68827 0.85078
61 0.70132 0.85925
62 0.71952 0.8699
63 0.73355 0.88336
64 0.74663 0.8905
65 0.75973 0.90257
66 0.77286 0.91335
67 0.79198 0.92185
68 0.80515 0.93412
69 0.81836 0.94132
70 0.83747 0.95181
71 0.85078 0.96136
72 0.8699 0.96808
73 0.88336 0.97715
74 0.90257 0.9856
75 0.92185 0.99307
76 0.94132 0.99863
77 0.96136 1
