0 0 0.03953
1 0.00054 0.05619
2 0.00375 0.07222
3 0.00866 0.08802
4 0.01451 0.10372
5 0.02096 0.11937
6 0.02786 0.13036
7 0.03509 0.14593
8 0.03953 0.1568
9 0.04846 0.17235
10 0.05619 0.18314
11 0.06202 0.19869
12 0.07222 0.20943
13 0.07689 0.22014
14 0.08802 0.2357
15 0.09415 0.24639
16 0.10372 0.25706
17 0.11262 0.26771
18 0.11937 0.2833
19 0.13036 0.29394
20 0.13653 0.30456
21 0.14593 0.31518
22 0.1568 0.32578
23 0.16276 0.34142
24 0.17235 0.35203
25 0.18314 0.36262
26 0.19181 0.37321
27 0.19869 0.3838
28 0.20943 0.39438
29 0.22014 0.40495
30 0.22848 0.41552
31 0.2357 0.42609
32 0.24639 0.4367
33 0.25706 0.44897
34 0.26771 0.463
35 0.27478 0.47357
36 0.2833 0.48414
37 0.29394 0.49471
38 0.30456 0.50528
39 0.31518 0.51586
40 0.32578 0.52643
41 0.33415 0.537
42 0.34143 0.54501
43 0.35203 0.55409
44 0.36263 0.56339
45 0.37322 0.57391
46 0.3838 0.58448
47 0.39438 0.59505
48 0.40495 0.60562
49 0.41552 0.6162
50 0.42609 0.62678
51 0.43661 0.63737
52 0.44591 0.64797
53 0.45499 0.65857
54 0.463 0.66585
55 0.47357 0.67422
56 0.48414 0.68482
57 0.49472 0.69544
58 0.50529 0.70606
59 0.51586 0.7167
60 0.52643 0.72522
61 0.537 0.73229
62 0.55103 0.74294
63 0.5633 0.75361
64 0.57391 0.7643
65 0.58448 0.77152
66 0.59505 0.77986
67 0.60562 0.79057
68 0.6162 0.80131
69 0.62679 0.80819
70 0.63738 0.81686
71 0.64797 0.82765
72 0.65858 0.83724
73 0.67422 0.8432
74 0.68482 0.85407
75 0.69544 0.86347
76 0.70606 0.86964
77 0.7167 0.88063
78 0.73229 0.88738
79 0.74294 0.89628
80 0.75361 0.90585
81 0.7643 0.91198
82 0.77986 0.92311
83 0.79057 0.92778
84 0.80131 0.93798
85 0.81686 0.94381
86 0.82765 0.95154
87 0.8432 0.96047
88 0.85407 0.96491
89 0.86964 0.97214
90 0.88063 0.97904
91 0.89628 0.98549
92 0.91198 0.99134
93 0.92778 0.99625
94 0.94381 0.99946
95 0.96047 1
