0 0 0.09306
1 0.00142 0.14777
2 0.00996 0.18997
3 0.0231 0.21947
4 0.03886 0.26086
5 0.05636 0.28957
6 0.07517 0.32022
7 0.09306 0.35937
8 0.1063 0.38764
9 0.13412 0.41581
10 0.14777 0.44391
11 0.17689 0.47196
12 0.18997 0.5
13 0.21947 0.52803
14 0.24168 0.55609
15 0.26086 0.58419
16 0.28957 0.61236
17 0.31708 0.64063
18 0.33395 0.66605
19 0.35937 0.68292
20 0.38764 0.71043
21 0.41581 0.73914
22 0.44391 0.75832
23 0.47197 0.78053
24 0.5 0.81003
25 0.52804 0.82311
26 0.55609 0.85223
27 0.58419 0.86588
28 0.61236 0.8937
29 0.64063 0.90694
30 0.67978 0.92483
31 0.71043 0.94364
32 0.73914 0.96114
33 0.78053 0.9769
34 0.81003 0.99004
35 0.85223 0.99858
36 0.90694 1
