0 0 0.11153
1 0.00171 0.16323
2 0.01198 0.2134
3 0.02782 0.26324
4 0.04686 0.29783
5 0.06806 0.34755
6 0.09088 0.38168
7 0.11153 0.41561
8 0.13088 0.44941
9 0.16323 0.48314
10 0.17506 0.51686
11 0.2134 0.55059
12 0.23629 0.58439
13 0.26324 0.61832
14 0.29783 0.65245
15 0.32417 0.67583
16 0.34755 0.70217
17 0.38168 0.73676
18 0.41561 0.76371
19 0.44941 0.7866
20 0.48314 0.82494
21 0.51686 0.83677
22 0.55059 0.86912
23 0.58439 0.88847
24 0.61832 0.90912
25 0.65245 0.93194
26 0.70217 0.95314
27 0.73676 0.97218
28 0.7866 0.98802
29 0.83677 0.99829
30 0.88847 1
