0 0 0.06072
1 0.00012 0.08588
2 0.00184 0.11033
3 0.00544 0.12935
4 0.0103 0.14816
5 0.01606 0.16685
6 0.02249 0.18004
7 0.02945 0.19858
8 0.03682 0.21156
9 0.04456 0.23003
10 0.05261 0.24289
11 0.06073 0.26136
12 0.06377 0.27413
13 0.07656 0.28685
14 0.08588 0.30533
15 0.09086 0.31802
16 0.10385 0.33067
17 0.11033 0.34381
18 0.12193 0.36184
19 0.12935 0.37446
20 0.14104 0.38705
21 0.14816 0.39964
22 0.1612 0.41221
23 0.16685 0.42477
24 0.18004 0.43748
25 0.18952 0.45206
26 0.19858 0.46859
27 0.21156 0.48116
28 0.21933 0.49372
29 0.23004 0.50628
30 0.24289 0.51884
31 0.25233 0.53141
32 0.26136 0.54093
33 0.27413 0.55178
34 0.28685 0.56281
35 0.29513 0.57523
36 0.30534 0.58779
37 0.31802 0.60036
38 0.33067 0.61295
39 0.34304 0.62554
40 0.35144 0.63816
41 0.36184 0.64856
42 0.37446 0.65696
43 0.38705 0.66933
44 0.39964 0.68198
45 0.41221 0.69466
46 0.42477 0.70487
47 0.43719 0.71315
48 0.44822 0.72587
49 0.45907 0.73864
50 0.46859 0.74767
51 0.48116 0.75711
52 0.49372 0.76996
53 0.50628 0.78067
54 0.51884 0.78844
55 0.53141 0.80142
56 0.54794 0.81048
57 0.56252 0.81996
58 0.57523 0.83315
59 0.58779 0.8388
60 0.60036 0.85184
61 0.61295 0.85896
62 0.62554 0.87065
63 0.63816 0.87807
64 0.65619 0.88967
65 0.66933 0.89615
66 0.68198 0.90914
67 0.69467 0.91412
68 0.71315 0.92344
69 0.72587 0.93623
70 0.73864 0.93927
71 0.75711 0.94739
72 0.76997 0.95544
73 0.78844 0.96318
74 0.80142 0.97055
75 0.81996 0.97751
76 0.83315 0.98394
77 0.85184 0.9897
78 0.87065 0.99456
79 0.88967 0.99816
80 0.91412 0.99988
81 0.93928 1
