0 0 0.09664
1 2e-04 0.13672
2 0.00294 0.16747
3 0.00868 0.19765
4 0.0165 0.22757
5 0.02578 0.24855
6 0.03617 0.27821
7 0.04744 0.29881
8 0.05944 0.32846
9 0.07205 0.34888
10 0.08521 0.36919
11 0.09664 0.38943
12 0.10789 0.41417
13 0.1256 0.43948
14 0.13673 0.45967
15 0.15324 0.47984
16 0.16748 0.5
17 0.1831 0.52016
18 0.19765 0.54033
19 0.21578 0.56052
20 0.22758 0.57827
21 0.24855 0.59296
22 0.26271 0.61057
23 0.27821 0.63081
24 0.29882 0.65112
25 0.31605 0.67153
26 0.32847 0.68395
27 0.34888 0.70118
28 0.36919 0.72179
29 0.38943 0.73729
30 0.40704 0.75145
31 0.42173 0.77242
32 0.43948 0.78422
33 0.45967 0.80235
34 0.47984 0.8169
35 0.5 0.83252
36 0.52016 0.84676
37 0.54033 0.86327
38 0.56052 0.8744
39 0.58583 0.89211
40 0.61057 0.90336
41 0.63081 0.91479
42 0.65112 0.92795
43 0.67154 0.94056
44 0.70119 0.95256
45 0.72179 0.96383
46 0.75145 0.97422
47 0.77243 0.9835
48 0.80235 0.99132
49 0.83253 0.99706
50 0.86328 0.9998
51 0.90336 1
