0 0 0.04037
1 0.00055 0.0574
2 0.00384 0.07377
3 0.00885 0.08991
4 0.01482 0.10594
5 0.02142 0.12193
6 0.02847 0.13316
7 0.03586 0.14906
8 0.04038 0.16016
9 0.04953 0.17605
10 0.0574 0.18707
11 0.06344 0.20296
12 0.07377 0.21393
13 0.07872 0.22487
14 0.08991 0.24077
15 0.09637 0.25168
16 0.10595 0.26258
17 0.11523 0.27346
18 0.12193 0.28939
19 0.13316 0.30026
20 0.1399 0.31111
21 0.14906 0.32195
22 0.16016 0.33278
23 0.16693 0.3437
24 0.17605 0.3596
25 0.18707 0.37043
26 0.19655 0.38125
27 0.20296 0.39206
28 0.21393 0.40287
29 0.22487 0.41367
30 0.23435 0.42447
31 0.24077 0.43526
32 0.25169 0.44606
33 0.26258 0.45685
34 0.27346 0.46764
35 0.28245 0.47843
36 0.28939 0.48921
37 0.30026 0.5
38 0.31111 0.51079
39 0.32195 0.52157
40 0.33278 0.53236
41 0.34356 0.54315
42 0.35098 0.55394
43 0.35961 0.56473
44 0.37043 0.57553
45 0.38125 0.58633
46 0.39206 0.59713
47 0.40287 0.60794
48 0.41367 0.61875
49 0.42447 0.62957
50 0.43527 0.64039
51 0.44606 0.64902
52 0.45685 0.65644
53 0.46764 0.66722
54 0.47843 0.67805
55 0.48921 0.68889
56 0.5 0.69974
57 0.51079 0.71061
58 0.52157 0.71755
59 0.53236 0.72654
60 0.54315 0.73742
61 0.55394 0.74831
62 0.56474 0.75923
63 0.57553 0.76565
64 0.58633 0.77513
65 0.59713 0.78607
66 0.60794 0.79704
67 0.61875 0.80345
68 0.62957 0.81293
69 0.6404 0.82395
70 0.6563 0.83307
71 0.66722 0.83984
72 0.67805 0.85094
73 0.68889 0.8601
74 0.69974 0.86684
75 0.71061 0.87807
76 0.72654 0.88477
77 0.73742 0.89405
78 0.74832 0.90363
79 0.75923 0.91009
80 0.77513 0.92128
81 0.78607 0.92623
82 0.79704 0.93656
83 0.81293 0.9426
84 0.82395 0.95047
85 0.83984 0.95962
86 0.85094 0.96414
87 0.86684 0.97153
88 0.87807 0.97858
89 0.89406 0.98518
90 0.91009 0.99115
91 0.92623 0.99616
92 0.9426 0.99945
93 0.95963 1
