0 0 0.03169
1 0.00112 0.04812
2 0.00567 0.06409
3 0.01178 0.0799
4 0.01869 0.09564
5 0.0261 0.10669
6 0.03169 0.12236
7 0.03925 0.13327
8 0.04813 0.14892
9 0.05332 0.15977
10 0.06409 0.17542
11 0.06999 0.18622
12 0.0799 0.197
13 0.08863 0.20774
14 0.09564 0.22341
15 0.10669 0.23414
16 0.11288 0.24486
17 0.12236 0.25556
18 0.13328 0.27127
19 0.14012 0.28196
20 0.14892 0.29264
21 0.15977 0.30332
22 0.16992 0.31399
23 0.17542 0.32465
24 0.18622 0.34042
25 0.197 0.35108
26 0.20774 0.36174
27 0.21275 0.37239
28 0.22341 0.38304
29 0.23414 0.39368
30 0.24486 0.40432
31 0.25556 0.41496
32 0.26251 0.42559
33 0.27127 0.43623
34 0.28196 0.44686
35 0.29265 0.45749
36 0.30332 0.46812
37 0.31399 0.47874
38 0.32465 0.48952
39 0.33197 0.50026
40 0.34042 0.51077
41 0.35108 0.52125
42 0.36174 0.53188
43 0.37239 0.54251
44 0.38304 0.55314
45 0.39368 0.56377
46 0.40432 0.57441
47 0.41496 0.58504
48 0.42559 0.59568
49 0.43623 0.60632
50 0.44686 0.61696
51 0.45749 0.62761
52 0.46812 0.63826
53 0.47875 0.64892
54 0.48923 0.65958
55 0.49974 0.66803
56 0.51048 0.67535
57 0.52126 0.68601
58 0.53188 0.69668
59 0.54251 0.70735
60 0.55314 0.71804
61 0.56377 0.72873
62 0.57441 0.73749
63 0.58504 0.74444
64 0.59568 0.75514
65 0.60632 0.76586
66 0.61696 0.77659
67 0.62761 0.78725
68 0.63826 0.79226
69 0.64892 0.803
70 0.65958 0.81378
71 0.67535 0.82458
72 0.68601 0.83008
73 0.69668 0.84023
74 0.70736 0.85108
75 0.71804 0.85988
76 0.72873 0.86672
77 0.74444 0.87764
78 0.75514 0.88712
79 0.76586 0.89331
80 0.77659 0.90436
81 0.79226 0.91137
82 0.803 0.9201
83 0.81378 0.93001
84 0.82458 0.93591
85 0.84023 0.94668
86 0.85108 0.95187
87 0.86673 0.96075
88 0.87764 0.96831
89 0.89331 0.9739
90 0.90436 0.98131
91 0.9201 0.98822
92 0.93591 0.99433
93 0.95188 0.99888
94 0.96831 1
