0 0 0.08595
1 0.00132 0.13644
2 0.00919 0.17539
3 0.0213 0.20266
4 0.0358 0.24082
5 0.0519 0.26734
6 0.06919 0.30544
7 0.08595 0.33167
8 0.09702 0.35776
9 0.1231 0.38374
10 0.13644 0.42212
11 0.16195 0.44811
12 0.17539 0.47406
13 0.20266 0.5
14 0.2189 0.52594
15 0.24082 0.55189
16 0.26734 0.57788
17 0.28643 0.59518
18 0.30544 0.61626
19 0.33167 0.64224
20 0.35776 0.66833
21 0.38374 0.69456
22 0.40482 0.71357
23 0.42212 0.73266
24 0.44811 0.75918
25 0.47406 0.7811
26 0.5 0.79734
27 0.52594 0.82461
28 0.55189 0.83805
29 0.57788 0.86356
30 0.61626 0.8769
31 0.64224 0.90298
32 0.66833 0.91405
33 0.69456 0.93081
34 0.73266 0.9481
35 0.75918 0.9642
36 0.79734 0.9787
37 0.82461 0.99081
38 0.86356 0.99868
39 0.91405 1
