0 0 0.14458
1 2e-05 0.1891
2 0.00096 0.22308
3 0.00405 0.2563
4 0.00918 0.2892
5 0.01595 0.31219
6 0.02406 0.34478
7 0.03326 0.36732
8 0.04339 0.392
9 0.05433 0.42233
10 0.06597 0.44459
11 0.07825 0.46678
12 0.09111 0.48893
13 0.1045 0.51107
14 0.11838 0.53322
15 0.13273 0.55541
16 0.14458 0.57767
17 0.15873 0.59535
18 0.17696 0.61169
19 0.1891 0.63268
20 0.20719 0.65522
21 0.22308 0.6723
22 0.23958 0.68781
23 0.2563 0.7108
24 0.27516 0.72484
25 0.2892 0.7437
26 0.31219 0.76042
27 0.3277 0.77692
28 0.34478 0.79281
29 0.36732 0.8109
30 0.38831 0.82304
31 0.40465 0.84127
32 0.42233 0.85542
33 0.44459 0.86727
34 0.46678 0.88162
35 0.48893 0.8955
36 0.51107 0.90889
37 0.53322 0.92175
38 0.55541 0.93403
39 0.57767 0.94567
40 0.608 0.95661
41 0.63268 0.96674
42 0.65522 0.97594
43 0.68781 0.98405
44 0.7108 0.99082
45 0.7437 0.99595
46 0.77692 0.99904
47 0.8109 0.99998
48 0.85542 1
