0 0 0.1626
1 0.00036 0.23586
2 0.00539 0.29217
3 0.01603 0.33119
4 0.03062 0.3866
5 0.04809 0.42464
6 0.0678 0.46239
7 0.08935 0.5
8 0.11247 0.53761
9 0.13697 0.57536
10 0.1626 0.6134
11 0.17537 0.63591
12 0.21434 0.66881
13 0.23586 0.70783
14 0.27158 0.72842
15 0.29217 0.76414
16 0.33119 0.78566
17 0.36409 0.82463
18 0.3866 0.8374
19 0.42464 0.86303
20 0.46239 0.88753
21 0.5 0.91065
22 0.53761 0.9322
23 0.57536 0.95191
24 0.6134 0.96938
25 0.66881 0.98397
26 0.70783 0.99461
27 0.76414 0.99964
28 0.8374 1
