0 0 0.05933
1 0.0021 0.09007
2 0.01069 0.11996
3 0.02224 0.14961
4 0.03535 0.17036
5 0.04945 0.19979
6 0.05933 0.22022
7 0.07544 0.2418
8 0.09007 0.26994
9 0.10457 0.29013
10 0.11997 0.31026
11 0.13798 0.33168
12 0.14961 0.35991
13 0.17036 0.37998
14 0.18574 0.40002
15 0.19979 0.42004
16 0.22022 0.44004
17 0.24016 0.46004
18 0.24898 0.48002
19 0.26994 0.5
20 0.29013 0.51998
21 0.31026 0.53996
22 0.32973 0.55996
23 0.34241 0.57996
24 0.35991 0.59998
25 0.37998 0.62002
26 0.40002 0.64009
27 0.42004 0.65759
28 0.44004 0.67027
29 0.46004 0.68974
30 0.48002 0.70987
31 0.5 0.73006
32 0.51998 0.75102
33 0.53996 0.75984
34 0.55996 0.77978
35 0.57996 0.80021
36 0.59998 0.81426
37 0.62002 0.82964
38 0.64009 0.85039
39 0.66832 0.86202
40 0.68974 0.88003
41 0.70987 0.89543
42 0.73006 0.90993
43 0.7582 0.92456
44 0.77978 0.94067
45 0.80021 0.95055
46 0.82964 0.96465
47 0.85039 0.97776
48 0.88004 0.98931
49 0.90993 0.9979
50 0.94067 1
