0 0 0.08153
1 1e-05 0.10538
2 0.00051 0.12828
3 0.00216 0.1461
4 0.00489 0.16365
5 0.00846 0.18102
6 0.01272 0.1983
7 0.01753 0.21551
8 0.0228 0.22764
9 0.02846 0.24475
10 0.03445 0.25671
11 0.04075 0.27378
12 0.04731 0.28564
13 0.05411 0.30271
14 0.06113 0.3145
15 0.06834 0.32625
16 0.07575 0.34333
17 0.08153 0.35504
18 0.08875 0.36672
19 0.09803 0.37838
20 0.10538 0.39553
21 0.1117 0.40718
22 0.12217 0.41881
23 0.12828 0.43043
24 0.138 0.44204
25 0.1461 0.45364
26 0.15432 0.46524
27 0.16365 0.47683
28 0.17158 0.48842
29 0.18102 0.5
30 0.18996 0.51158
31 0.1983 0.52317
32 0.20912 0.53476
33 0.21551 0.54635
34 0.22764 0.55796
35 0.23547 0.56957
36 0.24475 0.58119
37 0.25672 0.59282
38 0.26328 0.60447
39 0.27378 0.61262
40 0.28564 0.62162
41 0.29415 0.63328
42 0.30271 0.64496
43 0.3145 0.65667
44 0.32625 0.66574
45 0.33426 0.67375
46 0.34333 0.6855
47 0.35504 0.69729
48 0.36672 0.70585
49 0.37838 0.71436
50 0.38738 0.72622
51 0.39553 0.73672
52 0.40718 0.74328
53 0.41881 0.75525
54 0.43043 0.76453
55 0.44204 0.77236
56 0.45365 0.78449
57 0.46524 0.79088
58 0.47683 0.8017
59 0.48842 0.81004
60 0.5 0.81898
61 0.51158 0.82842
62 0.52317 0.83635
63 0.53476 0.84568
64 0.54636 0.8539
65 0.55796 0.862
66 0.56957 0.87172
67 0.58119 0.87783
68 0.59282 0.8883
69 0.60447 0.89462
70 0.62162 0.90197
71 0.63328 0.91125
72 0.64496 0.91847
73 0.65667 0.92425
74 0.67375 0.93166
75 0.6855 0.93887
76 0.69729 0.94589
77 0.71436 0.95269
78 0.72622 0.95925
79 0.74329 0.96555
80 0.75525 0.97154
81 0.77236 0.9772
82 0.78449 0.98247
83 0.8017 0.98728
84 0.81898 0.99154
85 0.83635 0.99511
86 0.8539 0.99784
87 0.87172 0.99949
88 0.89462 0.99999
89 0.91847 1
