0 0 0.08061
1 1e-05 0.10419
2 0.00051 0.12684
3 0.00214 0.14446
4 0.00483 0.1618
5 0.00837 0.17898
6 0.01258 0.19606
7 0.01733 0.21308
8 0.02254 0.22507
9 0.02813 0.24198
10 0.03406 0.25469
11 0.04028 0.27069
12 0.04676 0.28241
13 0.05348 0.29928
14 0.06042 0.31094
15 0.06755 0.32436
16 0.07486 0.33943
17 0.08061 0.35101
18 0.08767 0.36256
19 0.09686 0.37701
20 0.10419 0.39102
21 0.11029 0.40254
22 0.1207 0.41404
23 0.12684 0.42553
24 0.13628 0.437
25 0.14446 0.44847
26 0.15234 0.45996
27 0.1618 0.47238
28 0.16932 0.48454
29 0.17898 0.49634
30 0.18746 0.50771
31 0.19606 0.51872
32 0.20641 0.52949
33 0.21308 0.5401
34 0.22507 0.55153
35 0.23207 0.563
36 0.24198 0.57447
37 0.25356 0.58596
38 0.25873 0.59746
39 0.27069 0.60898
40 0.28242 0.62025
41 0.2896 0.62718
42 0.29928 0.63744
43 0.31094 0.64899
44 0.32187 0.66057
45 0.32813 0.67187
46 0.33943 0.67813
47 0.35101 0.68906
48 0.36256 0.70072
49 0.37282 0.7104
50 0.37975 0.71758
51 0.39102 0.72931
52 0.40254 0.74127
53 0.41404 0.74644
54 0.42553 0.75802
55 0.437 0.76793
56 0.44847 0.77493
57 0.4599 0.78692
58 0.47051 0.79359
59 0.48128 0.80394
60 0.49229 0.81254
61 0.50366 0.82102
62 0.51546 0.83068
63 0.52762 0.8382
64 0.54004 0.84766
65 0.55153 0.85554
66 0.563 0.86372
67 0.57447 0.87316
68 0.58596 0.8793
69 0.59746 0.88971
70 0.60898 0.89581
71 0.62299 0.90314
72 0.63744 0.91233
73 0.64899 0.91939
74 0.66057 0.92514
75 0.67564 0.93245
76 0.68906 0.93958
77 0.70072 0.94652
78 0.71759 0.95324
79 0.72931 0.95972
80 0.74531 0.96594
81 0.75802 0.97187
82 0.77493 0.97746
83 0.78692 0.98267
84 0.80394 0.98742
85 0.82102 0.99163
86 0.8382 0.99517
87 0.85554 0.99786
88 0.87316 0.99949
89 0.89581 0.99999
90 0.91939 1
