0 0 0.03136
1 0.00111 0.04762
2 0.00561 0.06342
3 0.01166 0.07906
4 0.01849 0.09464
5 0.02582 0.10557
6 0.03136 0.12107
7 0.03882 0.13188
8 0.04762 0.14736
9 0.05273 0.15809
10 0.06342 0.17358
11 0.06921 0.18427
12 0.07906 0.19493
13 0.08765 0.2061
14 0.09464 0.22107
15 0.10557 0.23169
16 0.11156 0.24229
17 0.12107 0.25288
18 0.13188 0.26842
19 0.13844 0.279
20 0.14736 0.28958
21 0.1581 0.30014
22 0.16794 0.31069
23 0.17358 0.32305
24 0.18427 0.33684
25 0.19493 0.34739
26 0.20544 0.35794
27 0.20938 0.36848
28 0.22107 0.37901
29 0.23169 0.38954
30 0.24229 0.40007
31 0.25288 0.4106
32 0.25872 0.42112
33 0.26842 0.43164
34 0.279 0.44216
35 0.28958 0.45343
36 0.30014 0.46528
37 0.3107 0.4773
38 0.32058 0.48947
39 0.32624 0.5
40 0.33684 0.51053
41 0.34739 0.51981
42 0.35794 0.52904
43 0.36848 0.53846
44 0.37901 0.54792
45 0.38955 0.55784
46 0.40008 0.56835
47 0.4106 0.57888
48 0.42112 0.5894
49 0.43165 0.59992
50 0.44216 0.61045
51 0.45208 0.62099
52 0.46154 0.63152
53 0.47096 0.64206
54 0.48019 0.65261
55 0.48947 0.66316
56 0.5 0.67376
57 0.51053 0.67942
58 0.5227 0.6893
59 0.53472 0.69986
60 0.54657 0.71042
61 0.55784 0.721
62 0.56836 0.73158
63 0.57888 0.74128
64 0.5894 0.74712
65 0.59993 0.75771
66 0.61046 0.76831
67 0.62099 0.77893
68 0.63152 0.79062
69 0.64206 0.79456
70 0.65261 0.80507
71 0.66316 0.81573
72 0.67695 0.82642
73 0.68931 0.83206
74 0.69986 0.8419
75 0.71042 0.85264
76 0.721 0.86156
77 0.73158 0.86812
78 0.74712 0.87893
79 0.75771 0.88844
80 0.76831 0.89443
81 0.77893 0.90536
82 0.7939 0.91235
83 0.80507 0.92094
84 0.81573 0.93079
85 0.82642 0.93658
86 0.84191 0.94727
87 0.85264 0.95238
88 0.86812 0.96118
89 0.87893 0.96864
90 0.89443 0.97418
91 0.90536 0.98151
92 0.92094 0.98834
93 0.93658 0.99439
94 0.95238 0.99889
95 0.96864 1
