0 0 0.03815
1 0.00135 0.05793
2 0.00684 0.07715
3 0.01421 0.09619
4 0.02255 0.11515
5 0.03151 0.12844
6 0.03815 0.14732
7 0.04755 0.16045
8 0.05794 0.17932
9 0.06498 0.19237
10 0.07715 0.20537
11 0.08546 0.22424
12 0.09619 0.23721
13 0.10801 0.25014
14 0.11515 0.26305
15 0.12845 0.28197
16 0.13876 0.29487
17 0.14732 0.30775
18 0.16046 0.32062
19 0.17261 0.33347
20 0.17932 0.34632
21 0.19237 0.35928
22 0.20537 0.37818
23 0.21719 0.39102
24 0.22424 0.40386
25 0.23721 0.41668
26 0.25014 0.42951
27 0.26305 0.44233
28 0.27488 0.45515
29 0.28197 0.46796
30 0.29487 0.48078
31 0.30775 0.49359
32 0.32062 0.50641
33 0.33347 0.51922
34 0.34632 0.53203
35 0.35908 0.54485
36 0.36832 0.55767
37 0.37818 0.57049
38 0.39102 0.58331
39 0.40386 0.59614
40 0.41669 0.60898
41 0.42951 0.62182
42 0.44233 0.63168
43 0.45515 0.64092
44 0.46797 0.65368
45 0.48078 0.66653
46 0.49359 0.67938
47 0.50641 0.69225
48 0.51922 0.70513
49 0.53204 0.71803
50 0.54485 0.72512
51 0.55767 0.73695
52 0.57049 0.74986
53 0.58332 0.76279
54 0.59614 0.77576
55 0.60898 0.78281
56 0.62182 0.79463
57 0.64072 0.80763
58 0.65368 0.82068
59 0.66653 0.82739
60 0.67938 0.83954
61 0.69225 0.85268
62 0.70513 0.86124
63 0.71803 0.87155
64 0.73695 0.88485
65 0.74986 0.89199
66 0.76279 0.90381
67 0.77576 0.91454
68 0.79463 0.92285
69 0.80763 0.93502
70 0.82068 0.94206
71 0.83955 0.95245
72 0.85268 0.96185
73 0.87156 0.96849
74 0.88485 0.97745
75 0.90381 0.98579
76 0.92285 0.99316
77 0.94207 0.99865
78 0.96185 1
