0 0 0.14552
1 3e-04 0.19359
2 0.00443 0.23962
3 0.01313 0.28505
4 0.02503 0.31665
5 0.03923 0.36173
6 0.0552 0.39275
7 0.0726 0.42353
8 0.09121 0.45417
9 0.11086 0.48559
10 0.13145 0.51607
11 0.14552 0.54583
12 0.17105 0.57647
13 0.19359 0.60725
14 0.2134 0.63827
15 0.23962 0.66225
16 0.26282 0.68335
17 0.28505 0.71495
18 0.31665 0.73718
19 0.33775 0.76038
20 0.36173 0.7866
21 0.39275 0.80641
22 0.42353 0.82895
23 0.45417 0.85448
24 0.48393 0.86855
25 0.51441 0.88914
26 0.54583 0.90879
27 0.57647 0.9274
28 0.60725 0.9448
29 0.63827 0.96077
30 0.68335 0.97497
31 0.71495 0.98687
32 0.76038 0.99557
33 0.80641 0.9997
34 0.85448 1
