0 0 0.05141
1 7e-04 0.07307
2 0.00489 0.0939
3 0.01129 0.11446
4 0.01893 0.13489
5 0.02738 0.14925
6 0.0364 0.16953
7 0.04588 0.18443
8 0.05141 0.20393
9 0.06364 0.21797
10 0.07307 0.23823
11 0.08212 0.2522
12 0.0939 0.26612
13 0.10267 0.28641
14 0.11446 0.3003
15 0.12554 0.31417
16 0.13489 0.328
17 0.14925 0.34182
18 0.155 0.36221
19 0.16953 0.37602
20 0.18354 0.38983
21 0.18803 0.40362
22 0.20393 0.41741
23 0.21797 0.43118
24 0.22834 0.44495
25 0.23823 0.45872
26 0.2522 0.47248
27 0.26612 0.48624
28 0.27816 0.5
29 0.28641 0.51376
30 0.3003 0.52752
31 0.31417 0.54128
32 0.32801 0.55504
33 0.34182 0.56882
34 0.35335 0.58259
35 0.36221 0.59638
36 0.37603 0.61017
37 0.38983 0.62397
38 0.40362 0.63779
39 0.41741 0.64665
40 0.43118 0.65818
41 0.44496 0.67199
42 0.45872 0.68583
43 0.47248 0.6997
44 0.48624 0.71359
45 0.5 0.72184
46 0.51376 0.73388
47 0.52752 0.7478
48 0.54128 0.76177
49 0.55505 0.77166
50 0.56882 0.78203
51 0.58259 0.79607
52 0.59638 0.81197
53 0.61017 0.81646
54 0.62398 0.83047
55 0.63779 0.845
56 0.65818 0.85075
57 0.672 0.86511
58 0.68583 0.87446
59 0.6997 0.88554
60 0.71359 0.89733
61 0.73388 0.9061
62 0.7478 0.91788
63 0.76177 0.92693
64 0.78203 0.93636
65 0.79607 0.94859
66 0.81557 0.95412
67 0.83047 0.9636
68 0.85075 0.97262
69 0.86511 0.98107
70 0.88554 0.98871
71 0.9061 0.99511
72 0.92693 0.9993
73 0.94859 1
