0 0 0.07786
1 0.00277 0.11819
2 0.01408 0.15745
3 0.02936 0.1849
4 0.04671 0.2236
5 0.06541 0.25045
6 0.07786 0.28917
7 0.10068 0.31578
8 0.11819 0.34227
9 0.14079 0.36867
10 0.15745 0.39545
11 0.1849 0.43409
12 0.1987 0.46047
13 0.2236 0.48682
14 0.25045 0.51317
15 0.27128 0.53953
16 0.28917 0.5659
17 0.31578 0.58419
18 0.34227 0.60527
19 0.36867 0.63133
20 0.39473 0.65773
21 0.41581 0.68422
22 0.4341 0.71083
23 0.46047 0.72872
24 0.48683 0.74955
25 0.51318 0.7764
26 0.53953 0.8013
27 0.56591 0.8151
28 0.60455 0.84255
29 0.63133 0.85921
30 0.65773 0.88181
31 0.68422 0.89932
32 0.71083 0.92214
33 0.74955 0.93459
34 0.7764 0.95329
35 0.8151 0.97064
36 0.84255 0.98592
37 0.88181 0.99723
38 0.92214 1
