0 0 0.04812
1 0.00066 0.0684
2 0.00458 0.0879
3 0.01056 0.10714
4 0.0177 0.12626
5 0.0256 0.14533
6 0.03403 0.15869
7 0.04288 0.17767
8 0.04812 0.19089
9 0.05941 0.20403
10 0.0684 0.22298
11 0.07651 0.23605
12 0.08791 0.25034
13 0.09548 0.26806
14 0.10714 0.28106
15 0.11679 0.29404
16 0.12626 0.30802
17 0.13929 0.32602
18 0.14533 0.33897
19 0.15869 0.3519
20 0.1705 0.36481
21 0.17767 0.37772
22 0.19089 0.39061
23 0.20403 0.40526
24 0.20966 0.42266
25 0.22298 0.43556
26 0.23605 0.44846
27 0.24875 0.46134
28 0.2543 0.47423
29 0.26806 0.48712
30 0.28106 0.5
31 0.29404 0.51288
32 0.30659 0.52577
33 0.31394 0.53866
34 0.32602 0.55154
35 0.33897 0.56444
36 0.3519 0.57734
37 0.36481 0.58776
38 0.37772 0.59756
39 0.39061 0.60939
40 0.40244 0.62228
41 0.41224 0.63519
42 0.42266 0.6481
43 0.43556 0.66103
44 0.44846 0.67398
45 0.46134 0.68606
46 0.47423 0.69341
47 0.48712 0.70596
48 0.5 0.71894
49 0.51288 0.73194
50 0.52577 0.7457
51 0.53866 0.75125
52 0.55154 0.76395
53 0.56444 0.77702
54 0.57734 0.79034
55 0.59474 0.79597
56 0.60939 0.80911
57 0.62228 0.82233
58 0.63519 0.8295
59 0.6481 0.84131
60 0.66103 0.85467
61 0.67398 0.86071
62 0.69198 0.87374
63 0.70596 0.88321
64 0.71894 0.89286
65 0.73194 0.90452
66 0.74966 0.91209
67 0.76395 0.92349
68 0.77702 0.9316
69 0.79597 0.94059
70 0.80911 0.95188
71 0.82233 0.95712
72 0.84131 0.96597
73 0.85467 0.9744
74 0.87374 0.9823
75 0.89286 0.98944
76 0.9121 0.99542
77 0.9316 0.99934
78 0.95188 1
