0 0 0.09832
1 1e-05 0.12708
2 0.00062 0.14906
3 0.00261 0.17624
4 0.0059 0.19742
5 0.01022 0.21244
6 0.01537 0.23326
7 0.0212 0.25402
8 0.02759 0.26856
9 0.03446 0.28924
10 0.04175 0.30361
11 0.04941 0.32427
12 0.0574 0.33853
13 0.06569 0.35274
14 0.07425 0.37344
15 0.08307 0.3876
16 0.09212 0.40172
17 0.09832 0.41581
18 0.10877 0.42988
19 0.1197 0.44393
20 0.12708 0.4598
21 0.13774 0.47555
22 0.14906 0.49091
23 0.15517 0.50513
24 0.16972 0.51821
25 0.17624 0.53092
26 0.19071 0.54352
27 0.19742 0.55608
28 0.21245 0.57012
29 0.21909 0.58419
30 0.23326 0.59828
31 0.2444 0.6124
32 0.25402 0.62656
33 0.26856 0.63552
34 0.27772 0.64726
35 0.28924 0.66146
36 0.30361 0.67573
37 0.31464 0.68536
38 0.32427 0.69639
39 0.33854 0.71076
40 0.35274 0.72228
41 0.36448 0.73144
42 0.37344 0.74598
43 0.3876 0.7556
44 0.40172 0.76674
45 0.41581 0.78091
46 0.42988 0.78755
47 0.44392 0.80258
48 0.45648 0.80929
49 0.46908 0.82376
50 0.48179 0.83028
51 0.49487 0.84483
52 0.50909 0.85094
53 0.52445 0.86226
54 0.5402 0.87292
55 0.55607 0.8803
56 0.57012 0.89123
57 0.58419 0.90168
58 0.59828 0.90788
59 0.6124 0.91693
60 0.62656 0.92575
61 0.64726 0.93431
62 0.66147 0.9426
63 0.67573 0.95059
64 0.69639 0.95825
65 0.71076 0.96554
66 0.73144 0.97241
67 0.74598 0.9788
68 0.76674 0.98463
69 0.78756 0.98978
70 0.80258 0.9941
71 0.82376 0.99739
72 0.85094 0.99938
73 0.87292 0.99999
74 0.90168 1
