0 0 0.09084
1 1e-05 0.11741
2 0.00057 0.14294
3 0.00241 0.1628
4 0.00544 0.18236
5 0.00944 0.20174
6 0.01419 0.21689
7 0.01956 0.2346
8 0.02545 0.25373
9 0.03178 0.2671
10 0.03849 0.28617
11 0.04554 0.29941
12 0.05289 0.31847
13 0.06051 0.33163
14 0.06838 0.34474
15 0.07648 0.36078
16 0.08479 0.37689
17 0.09084 0.38993
18 0.09979 0.40293
19 0.10998 0.41592
20 0.11741 0.42907
21 0.1261 0.44471
22 0.13727 0.4611
23 0.14294 0.47407
24 0.15549 0.48704
25 0.1628 0.5
26 0.17443 0.51296
27 0.18236 0.52592
28 0.19434 0.5389
29 0.20174 0.54953
30 0.21516 0.56014
31 0.21957 0.57126
32 0.23461 0.58408
33 0.2449 0.59707
34 0.25373 0.61007
35 0.2671 0.62311
36 0.27636 0.63591
37 0.28617 0.64342
38 0.29941 0.65526
39 0.31063 0.66837
40 0.31847 0.68153
41 0.33163 0.68937
42 0.34474 0.70059
43 0.35658 0.71383
44 0.36409 0.72364
45 0.37689 0.7329
46 0.38993 0.74627
47 0.40293 0.7551
48 0.41592 0.76539
49 0.42874 0.78043
50 0.43986 0.78484
51 0.45047 0.79826
52 0.4611 0.80566
53 0.47408 0.81764
54 0.48704 0.82557
55 0.5 0.8372
56 0.51296 0.84451
57 0.52593 0.85706
58 0.5389 0.86273
59 0.55529 0.8739
60 0.57093 0.88259
61 0.58408 0.89002
62 0.59707 0.90021
63 0.61007 0.90916
64 0.62311 0.91521
65 0.63922 0.92352
66 0.65526 0.93162
67 0.66837 0.93949
68 0.68153 0.94711
69 0.70059 0.95446
70 0.71383 0.96151
71 0.7329 0.96822
72 0.74627 0.97455
73 0.7654 0.98044
74 0.78311 0.98581
75 0.79826 0.99056
76 0.81764 0.99456
77 0.8372 0.99759
78 0.85706 0.99943
79 0.88259 0.99999
80 0.90916 1
