0 0 0.04504
1 0.0016 0.06839
2 0.00809 0.09108
3 0.01681 0.11356
4 0.02669 0.13596
5 0.03731 0.15164
6 0.04504 0.17395
7 0.05651 0.18945
8 0.06839 0.20486
9 0.07764 0.22715
10 0.09108 0.24249
11 0.10225 0.25779
12 0.11356 0.27304
13 0.12904 0.2954
14 0.13596 0.31064
15 0.15164 0.32585
16 0.16668 0.34105
17 0.17395 0.35623
18 0.18945 0.3714
19 0.20486 0.39389
20 0.2171 0.40907
21 0.22715 0.42424
22 0.24249 0.4394
23 0.25779 0.45455
24 0.27305 0.4697
25 0.28287 0.48485
26 0.2954 0.5
27 0.31064 0.51515
28 0.32586 0.5303
29 0.34105 0.54545
30 0.35623 0.5606
31 0.3714 0.57576
32 0.38355 0.59093
33 0.39389 0.60611
34 0.40907 0.61645
35 0.42424 0.6286
36 0.4394 0.64377
37 0.45455 0.65895
38 0.4697 0.67414
39 0.48485 0.68936
40 0.5 0.7046
41 0.51515 0.71713
42 0.5303 0.72695
43 0.54545 0.74221
44 0.5606 0.75751
45 0.57576 0.77285
46 0.59093 0.7829
47 0.60611 0.79514
48 0.6286 0.81055
49 0.64377 0.82605
50 0.65895 0.83332
51 0.67415 0.84836
52 0.68936 0.86404
53 0.7046 0.87096
54 0.72696 0.88644
55 0.74221 0.89775
56 0.75751 0.90892
57 0.77285 0.92236
58 0.79514 0.93161
59 0.81055 0.94349
60 0.82605 0.95496
61 0.84836 0.96269
62 0.86404 0.97331
63 0.88644 0.98319
64 0.90892 0.99191
65 0.93161 0.9984
66 0.95496 1
