0 0 0.05302
1 0.00188 0.0805
2 0.00954 0.10721
3 0.01984 0.13369
4 0.03152 0.15225
5 0.04407 0.17853
6 0.05302 0.19679
7 0.06702 0.22306
8 0.0805 0.24119
9 0.09257 0.25924
10 0.10721 0.28555
11 0.12206 0.30356
12 0.13369 0.32152
13 0.15225 0.33944
14 0.16277 0.35734
15 0.17853 0.37521
16 0.1968 0.40172
17 0.21046 0.41961
18 0.22306 0.43749
19 0.24119 0.45535
20 0.25924 0.47321
21 0.2747 0.49107
22 0.28555 0.50893
23 0.30356 0.52679
24 0.32152 0.54465
25 0.33944 0.56251
26 0.35734 0.58039
27 0.37522 0.59828
28 0.38903 0.61097
29 0.40172 0.62478
30 0.41961 0.64266
31 0.43749 0.66056
32 0.45535 0.67848
33 0.47321 0.69644
34 0.49107 0.71445
35 0.50893 0.7253
36 0.52679 0.74076
37 0.54465 0.75881
38 0.56251 0.77694
39 0.58039 0.78954
40 0.59828 0.8032
41 0.62479 0.82147
42 0.64266 0.83723
43 0.66056 0.84775
44 0.67848 0.86631
45 0.69644 0.87794
46 0.71445 0.89279
47 0.74076 0.90743
48 0.75881 0.9195
49 0.77694 0.93298
50 0.80321 0.94698
51 0.82147 0.95593
52 0.84775 0.96848
53 0.86631 0.98016
54 0.89279 0.99046
55 0.9195 0.99812
56 0.94698 1
