0 0 0.0882
1 0.00135 0.14002
2 0.00943 0.17999
3 0.02186 0.20797
4 0.03676 0.24714
5 0.05331 0.27436
6 0.07107 0.31349
7 0.0882 0.34041
8 0.09994 0.36718
9 0.12657 0.39385
10 0.14002 0.42096
11 0.16665 0.45297
12 0.17999 0.48667
13 0.20797 0.51333
14 0.22614 0.5347
15 0.24714 0.55723
16 0.27436 0.57991
17 0.29623 0.60614
18 0.31349 0.63282
19 0.34041 0.65959
20 0.36718 0.68651
21 0.39386 0.70377
22 0.42009 0.72564
23 0.44277 0.75286
24 0.4653 0.77386
25 0.48667 0.79203
26 0.51333 0.82001
27 0.54703 0.83335
28 0.57904 0.85998
29 0.60615 0.87343
30 0.63282 0.90006
31 0.65959 0.9118
32 0.68651 0.92893
33 0.72564 0.94669
34 0.75286 0.96324
35 0.79203 0.97814
36 0.82001 0.99057
37 0.85998 0.99865
38 0.9118 1
