0 0 0.0732
1 1e-05 0.09461
2 0.00046 0.11517
3 0.00194 0.13117
4 0.00439 0.14691
5 0.0076 0.16251
6 0.01141 0.178
7 0.01572 0.19344
8 0.02043 0.20883
9 0.0255 0.21967
10 0.03086 0.23499
11 0.03649 0.25031
12 0.04235 0.26099
13 0.04842 0.27162
14 0.05469 0.28691
15 0.06112 0.29748
16 0.06772 0.31278
17 0.0732 0.32332
18 0.07897 0.33382
19 0.08747 0.3443
20 0.09462 0.35963
21 0.0988 0.37009
22 0.10884 0.38054
23 0.11517 0.39097
24 0.1225 0.40139
25 0.13117 0.4168
26 0.13618 0.42722
27 0.14691 0.43763
28 0.15027 0.44804
29 0.16251 0.45843
30 0.16654 0.46883
31 0.178 0.47922
32 0.18421 0.48961
33 0.19344 0.5
34 0.20207 0.51039
35 0.20883 0.52078
36 0.21967 0.53117
37 0.22517 0.54157
38 0.23499 0.55196
39 0.24524 0.56237
40 0.25031 0.57278
41 0.26099 0.5832
42 0.27163 0.58997
43 0.27742 0.59861
44 0.28691 0.60903
45 0.29748 0.61946
46 0.3068 0.62991
47 0.31278 0.64037
48 0.32332 0.64842
49 0.33382 0.6557
50 0.3443 0.66618
51 0.35158 0.67668
52 0.35963 0.68722
53 0.37009 0.6932
54 0.38054 0.70252
55 0.39097 0.71309
56 0.40139 0.72258
57 0.41003 0.72837
58 0.4168 0.73901
59 0.42722 0.74969
60 0.43763 0.75476
61 0.44804 0.76501
62 0.45843 0.77483
63 0.46883 0.78033
64 0.47922 0.79117
65 0.48961 0.79793
66 0.5 0.80656
67 0.51039 0.81579
68 0.52078 0.822
69 0.53117 0.83346
70 0.54157 0.83749
71 0.55196 0.84973
72 0.56237 0.85309
73 0.57278 0.86382
74 0.5832 0.86883
75 0.59861 0.8775
76 0.60903 0.88483
77 0.61946 0.89116
78 0.62991 0.9012
79 0.64037 0.90538
80 0.6557 0.91253
81 0.66618 0.92103
82 0.67668 0.9268
83 0.68722 0.93228
84 0.70252 0.93888
85 0.71309 0.94531
86 0.72838 0.95158
87 0.73901 0.95765
88 0.74969 0.96351
89 0.76501 0.96914
90 0.78033 0.9745
91 0.79117 0.97957
92 0.80656 0.98428
93 0.822 0.98859
94 0.83749 0.9924
95 0.85309 0.99561
96 0.86883 0.99806
97 0.88483 0.99954
98 0.90539 0.99999
99 0.9268 1
