0 0 0.05894
1 9e-04 0.09349
2 0.00627 0.12016
3 0.0145 0.14648
4 0.02432 0.17266
5 0.0352 0.191
6 0.04684 0.21702
7 0.05894 0.2351
8 0.06239 0.25306
9 0.08238 0.27905
10 0.09349 0.29692
11 0.10714 0.31473
12 0.12016 0.33274
13 0.13463 0.35858
14 0.14648 0.37633
15 0.16455 0.39404
16 0.17266 0.41173
17 0.191 0.4294
18 0.20753 0.44706
19 0.21702 0.46472
20 0.2351 0.48236
21 0.25306 0.5
22 0.26546 0.51764
23 0.27905 0.53528
24 0.29692 0.55293
25 0.31473 0.57059
26 0.33237 0.58827
27 0.34412 0.60596
28 0.35859 0.62367
29 0.37633 0.64141
30 0.39404 0.65588
31 0.41173 0.66763
32 0.42941 0.68527
33 0.44707 0.70308
34 0.46472 0.72095
35 0.48236 0.73454
36 0.5 0.74694
37 0.51764 0.7649
38 0.53528 0.78298
39 0.55294 0.79247
40 0.5706 0.809
41 0.58827 0.82734
42 0.60596 0.83545
43 0.62367 0.85352
44 0.64142 0.86537
45 0.66726 0.87984
46 0.68527 0.89286
47 0.70308 0.90651
48 0.72095 0.91762
49 0.74694 0.93761
50 0.7649 0.94106
51 0.78298 0.95316
52 0.809 0.9648
53 0.82734 0.97568
54 0.85352 0.9855
55 0.87984 0.99373
56 0.90651 0.9991
57 0.94106 1
