0 0 0.07456
1 0.00114 0.11831
2 0.00796 0.15207
3 0.01842 0.18542
4 0.03094 0.20879
5 0.04482 0.24181
6 0.0597 0.26473
7 0.07456 0.28748
8 0.08236 0.32048
9 0.1057 0.3431
10 0.11831 0.36564
11 0.13846 0.38811
12 0.15207 0.41105
13 0.17466 0.44024
14 0.18542 0.46632
15 0.20879 0.48878
16 0.22814 0.51122
17 0.24181 0.53367
18 0.26474 0.55463
19 0.28748 0.57124
20 0.3023 0.5898
21 0.32048 0.61189
22 0.3431 0.63436
23 0.36564 0.6569
24 0.38811 0.67952
25 0.4102 0.6977
26 0.42876 0.71252
27 0.44537 0.73526
28 0.46633 0.75819
29 0.48878 0.77186
30 0.51122 0.79121
31 0.53368 0.81458
32 0.55976 0.82534
33 0.58895 0.84793
34 0.61189 0.86154
35 0.63436 0.88169
36 0.6569 0.8943
37 0.67952 0.91764
38 0.71252 0.92544
39 0.73527 0.9403
40 0.75819 0.95518
41 0.79121 0.96906
42 0.81458 0.98158
43 0.84793 0.99204
44 0.88169 0.99886
45 0.92544 1
