0 0 0.05601
1 0.00086 0.08883
2 0.00596 0.11417
3 0.01377 0.13917
4 0.02309 0.16404
5 0.03341 0.18147
6 0.04445 0.20618
7 0.05601 0.22337
8 0.05847 0.2429
9 0.07807 0.26511
10 0.08883 0.28209
11 0.10137 0.29901
12 0.11417 0.32375
13 0.12727 0.34063
14 0.13918 0.35748
15 0.15556 0.37431
16 0.16404 0.39111
17 0.18147 0.40789
18 0.19569 0.42858
19 0.20618 0.44964
20 0.22337 0.46643
21 0.23988 0.48322
22 0.2461 0.5
23 0.26511 0.51678
24 0.28209 0.53357
25 0.29901 0.55036
26 0.31091 0.56484
27 0.32375 0.57774
28 0.34063 0.59211
29 0.35748 0.60889
30 0.37431 0.62569
31 0.39111 0.64252
32 0.40789 0.65937
33 0.42226 0.67625
34 0.43516 0.68909
35 0.44964 0.70099
36 0.46643 0.71791
37 0.48322 0.73489
38 0.5 0.7539
39 0.51678 0.76012
40 0.53357 0.77663
41 0.55036 0.79382
42 0.57142 0.80431
43 0.59211 0.81853
44 0.60889 0.83596
45 0.62569 0.84444
46 0.64252 0.86082
47 0.65937 0.87273
48 0.67625 0.88583
49 0.70099 0.89863
50 0.71791 0.91117
51 0.73489 0.92193
52 0.7571 0.94153
53 0.77663 0.94399
54 0.79382 0.95555
55 0.81853 0.96659
56 0.83596 0.97691
57 0.86083 0.98623
58 0.88583 0.99404
59 0.91117 0.99914
60 0.94399 1
