0 0 0.10558
1 2e-05 0.13646
2 0.00066 0.16006
3 0.0028 0.18303
4 0.00633 0.20568
5 0.01098 0.22815
6 0.01652 0.25053
7 0.02278 0.26624
8 0.02966 0.28848
9 0.03706 0.30396
10 0.04492 0.32617
11 0.05318 0.34152
12 0.06179 0.35816
13 0.07074 0.37904
14 0.07998 0.39426
15 0.0895 0.40944
16 0.09928 0.42458
17 0.10558 0.43972
18 0.11754 0.45702
19 0.1292 0.47431
20 0.13646 0.49195
21 0.1491 0.50726
22 0.16006 0.52024
23 0.16924 0.53358
24 0.18303 0.54696
25 0.19053 0.56032
26 0.20568 0.57542
27 0.21443 0.59056
28 0.22815 0.60574
29 0.24005 0.62095
30 0.25053 0.63381
31 0.26624 0.6439
32 0.27427 0.65848
33 0.28848 0.67383
34 0.30396 0.68668
35 0.31332 0.69604
36 0.32617 0.71152
37 0.34152 0.72573
38 0.3561 0.73376
39 0.36619 0.74947
40 0.37905 0.75995
41 0.39426 0.77185
42 0.40944 0.78557
43 0.42458 0.79432
44 0.43968 0.80947
45 0.45304 0.81697
46 0.46642 0.83076
47 0.47976 0.83994
48 0.49274 0.8509
49 0.50805 0.86354
50 0.52569 0.8708
51 0.54298 0.88246
52 0.56028 0.89442
53 0.57542 0.90072
54 0.59056 0.9105
55 0.60574 0.92002
56 0.62096 0.92926
57 0.64184 0.93821
58 0.65848 0.94682
59 0.67383 0.95508
60 0.69604 0.96294
61 0.71152 0.97034
62 0.73376 0.97722
63 0.74947 0.98348
64 0.77185 0.98902
65 0.79432 0.99367
66 0.81697 0.9972
67 0.83994 0.99934
68 0.86354 0.99998
69 0.89442 1
